1 1 318.0 232.0
1 2 311.0 261.0
1 3 304.0 282.0
1 4 329.0 271.0
1 5 306.0 364.0
1 6 321.0 407.0
2 1 317.0 221.0
2 2 306.0 250.0
2 3 302.0 271.0
2 4 325.0 261.0
2 5 303.0 348.0
2 6 318.0 394.0
3 1 315.0 210.0
3 2 304.0 240.0
3 3 300.0 260.0
3 4 325.0 248.0
3 5 299.0 333.0
3 6 316.0 380.0
3 7 314.0 423.0
4 1 311.0 199.0
4 2 304.0 229.0
4 3 299.0 248.0
4 4 323.0 236.0
4 5 298.0 317.0
4 6 312.0 366.0
4 7 306.0 403.0
5 1 310.0 189.0
5 2 302.0 218.0
5 3 297.0 237.0
5 4 326.0 226.0
5 5 294.0 302.0
5 6 309.0 352.0
5 7 301.0 386.0
6 1 307.0 179.0
6 2 299.0 208.0
6 3 294.0 226.0
6 4 326.0 213.0
6 5 292.0 288.0
6 6 305.0 339.0
6 7 293.0 368.0
7 1 303.0 169.0
7 2 297.0 196.0
7 3 292.0 214.0
7 4 322.0 202.0
7 5 290.0 273.0
7 6 300.0 326.0
7 7 287.0 351.0
7 8 291.0 61.0
8 1 302.0 157.0
8 2 294.0 185.0
8 3 288.0 203.0
8 4 319.0 190.0
8 5 287.0 258.0
8 6 298.0 312.0
8 7 280.0 336.0
8 8 296.0 71.0
9 1 296.0 147.0
9 2 291.0 173.0
9 3 284.0 191.0
9 4 313.0 179.0
9 5 287.0 243.0
9 6 294.0 299.0
9 7 277.0 323.0
9 8 303.0 80.0
10 1 291.0 140.0
10 2 289.0 162.0
10 3 281.0 179.0
10 4 306.0 165.0
10 5 284.0 230.0
10 6 291.0 286.0
10 7 272.0 308.0
10 8 308.0 89.0
11 1 286.0 131.0
11 2 285.0 152.0
11 3 267.0 164.0
11 4 302.0 153.0
11 5 282.0 217.0
11 6 291.0 273.0
11 7 264.0 283.0
11 8 313.0 100.0
12 1 280.0 121.0
12 2 284.0 143.0
12 3 263.0 152.0
12 4 300.0 144.0
12 5 279.0 204.0
12 6 289.0 257.0
12 7 262.0 265.0
12 8 317.0 111.0
13 1 275.0 112.0
13 2 279.0 133.0
13 3 258.0 142.0
13 4 295.0 134.0
13 5 275.0 192.0
13 6 287.0 245.0
13 7 260.0 255.0
13 8 318.0 123.0
13 9 338.0 391.0
14 1 271.0 101.0
14 2 273.0 123.0
14 3 253.0 133.0
14 4 291.0 122.0
14 5 274.0 180.0
14 6 287.0 233.0
14 7 257.0 239.0
14 8 320.0 135.0
14 9 336.0 371.0
15 1 269.0 94.0
15 2 267.0 118.0
15 3 247.0 123.0
15 4 291.0 113.0
15 5 271.0 168.0
15 6 284.0 221.0
15 7 256.0 226.0
15 8 319.0 146.0
15 9 338.0 349.0
16 5 270.0 157.0
16 6 281.0 210.0
16 7 250.0 210.0
16 8 318.0 158.0
16 9 336.0 336.0
17 5 269.0 145.0
17 6 278.0 199.0
17 7 248.0 204.0
17 8 318.0 171.0
17 9 341.0 318.0
18 8 317.0 184.0
18 9 339.0 302.0
19 8 318.0 196.0
19 9 338.0 282.0
20 8 319.0 208.0
20 9 339.0 266.0
21 8 318.0 221.0
21 9 338.0 250.0
22 8 318.0 235.0
22 9 339.0 234.0
23 8 319.0 252.0
23 9 340.0 218.0
24 8 320.0 266.0
25 8 322.0 280.0
