1 1 290.0 345.0
1 2 305.0 437.0
1 3 322.0 435.0
1 4 340.0 369.0
1 5 355.0 363.0
1 6 342.0 396.0
1 7 366.0 427.0
2 1 294.0 357.0
2 2 304.0 437.0
2 3 321.0 435.0
2 4 343.0 364.0
2 5 350.0 353.0
2 6 328.0 380.0
2 7 372.0 416.0
2 8 350.0 436.0
3 1 296.0 370.0
3 2 303.0 437.0
3 3 321.0 436.0
3 4 341.0 356.0
3 5 348.0 345.0
3 6 324.0 370.0
3 7 370.0 408.0
3 8 350.0 426.0
4 1 300.0 382.0
4 2 303.0 438.0
4 3 321.0 438.0
4 4 339.0 353.0
4 5 344.0 337.0
4 6 321.0 359.0
4 7 374.0 397.0
4 8 355.0 414.0
5 1 302.0 394.0
5 2 302.0 439.0
5 3 321.0 440.0
5 4 337.0 345.0
5 5 342.0 329.0
5 6 318.0 349.0
5 7 376.0 386.0
5 8 358.0 403.0
5 9 329.0 407.0
5 10 361.0 431.0
6 1 305.0 404.0
6 4 335.0 334.0
6 5 340.0 318.0
6 6 316.0 338.0
6 7 377.0 375.0
6 8 359.0 393.0
6 9 333.0 393.0
6 10 367.0 416.0
6 11 347.0 435.0
7 1 310.0 414.0
7 4 332.0 324.0
7 5 337.0 308.0
7 6 311.0 329.0
7 7 373.0 369.0
7 8 360.0 382.0
7 9 335.0 383.0
7 10 370.0 404.0
7 11 350.0 428.0
8 1 313.0 426.0
8 4 323.0 310.0
8 5 334.0 298.0
8 6 310.0 317.0
8 7 372.0 353.0
8 8 357.0 367.0
8 9 333.0 367.0
8 10 370.0 387.0
8 11 348.0 409.0
8 12 356.0 431.0
9 1 316.0 436.0
9 4 321.0 298.0
9 5 333.0 287.0
9 6 308.0 308.0
9 7 369.0 342.0
9 8 354.0 355.0
9 9 332.0 355.0
9 10 374.0 374.0
9 11 351.0 397.0
9 12 362.0 420.0
10 4 318.0 288.0
10 5 330.0 277.0
10 6 305.0 298.0
10 7 368.0 331.0
10 8 352.0 344.0
10 9 331.0 344.0
10 10 373.0 362.0
10 11 355.0 382.0
10 12 367.0 403.0
11 4 314.0 278.0
11 5 327.0 267.0
11 6 301.0 288.0
11 7 367.0 320.0
11 8 351.0 333.0
11 9 326.0 334.0
11 10 373.0 350.0
11 11 355.0 369.0
11 12 372.0 389.0
12 4 313.0 267.0
12 5 326.0 256.0
12 6 297.0 278.0
12 7 370.0 313.0
12 8 349.0 322.0
12 9 325.0 324.0
12 10 373.0 339.0
12 11 358.0 356.0
12 12 374.0 374.0
12 13 322.0 406.0
13 4 311.0 258.0
13 5 324.0 247.0
13 6 294.0 268.0
13 7 368.0 302.0
13 8 347.0 311.0
13 9 324.0 309.0
13 10 378.0 322.0
13 11 356.0 346.0
13 12 375.0 358.0
13 13 316.0 392.0
14 4 308.0 248.0
14 5 321.0 237.0
14 6 290.0 259.0
14 7 367.0 291.0
14 8 346.0 300.0
14 9 318.0 300.0
14 10 380.0 305.0
14 11 353.0 330.0
14 12 372.0 340.0
14 13 306.0 381.0
15 4 302.0 240.0
15 5 321.0 227.0
15 6 285.0 250.0
15 7 363.0 277.0
15 8 345.0 290.0
15 9 319.0 289.0
15 10 383.0 292.0
15 11 353.0 317.0
15 12 372.0 326.0
15 13 301.0 367.0
16 4 300.0 231.0
16 5 320.0 219.0
16 6 282.0 241.0
16 7 360.0 266.0
16 8 342.0 279.0
16 9 318.0 282.0
16 10 380.0 282.0
16 11 354.0 308.0
16 12 371.0 311.0
16 13 295.0 355.0
17 4 297.0 222.0
17 5 316.0 210.0
17 6 279.0 233.0
17 7 358.0 256.0
17 8 339.0 269.0
17 9 317.0 271.0
17 10 383.0 271.0
17 11 355.0 294.0
17 12 372.0 297.0
17 13 288.0 343.0
18 4 295.0 213.0
18 5 314.0 201.0
18 6 276.0 224.0
18 7 356.0 245.0
18 8 337.0 258.0
18 9 316.0 259.0
18 10 383.0 258.0
18 11 354.0 282.0
18 12 372.0 285.0
18 13 285.0 328.0
19 4 292.0 204.0
19 5 312.0 192.0
19 6 274.0 215.0
19 7 354.0 235.0
19 8 334.0 248.0
19 9 314.0 249.0
19 10 381.0 245.0
19 11 354.0 266.0
19 12 372.0 267.0
19 13 282.0 315.0
20 4 289.0 196.0
20 5 308.0 183.0
20 6 273.0 207.0
20 7 352.0 224.0
20 8 329.0 239.0
20 9 309.0 240.0
20 10 380.0 232.0
20 11 355.0 253.0
20 12 373.0 254.0
20 13 278.0 303.0
21 4 287.0 188.0
21 5 306.0 175.0
21 6 270.0 198.0
21 7 352.0 215.0
21 8 330.0 227.0
21 9 311.0 228.0
21 10 376.0 210.0
21 11 352.0 241.0
21 12 370.0 240.0
21 13 276.0 289.0
22 4 285.0 179.0
22 5 304.0 166.0
22 6 268.0 190.0
22 7 350.0 206.0
22 8 329.0 217.0
22 9 310.0 218.0
22 10 373.0 197.0
22 11 350.0 231.0
22 12 369.0 228.0
22 13 272.0 276.0
23 4 280.0 170.0
23 5 300.0 158.0
23 6 266.0 181.0
23 7 347.0 195.0
23 8 323.0 208.0
23 9 304.0 210.0
23 10 370.0 184.0
23 11 348.0 220.0
23 12 369.0 215.0
23 13 270.0 263.0
24 4 277.0 163.0
24 5 298.0 150.0
24 6 263.0 174.0
24 7 345.0 184.0
24 8 328.0 193.0
24 9 306.0 198.0
24 10 365.0 173.0
24 11 347.0 205.0
24 12 370.0 203.0
24 13 268.0 251.0
25 4 274.0 154.0
25 5 294.0 141.0
25 6 259.0 165.0
25 7 343.0 175.0
25 8 326.0 183.0
25 9 305.0 188.0
25 10 360.0 162.0
25 11 345.0 195.0
25 12 369.0 191.0
25 13 264.0 239.0
25 14 315.0 401.0
