1 1 296.0 371.0
1 2 321.0 363.0
1 3 254.0 201.0
2 1 293.0 361.0
2 2 319.0 353.0
2 3 256.0 213.0
3 1 289.0 341.0
3 2 319.0 338.0
3 3 263.0 221.0
4 1 288.0 328.0
4 2 317.0 324.0
4 3 264.0 231.0
5 1 288.0 314.0
5 2 318.0 310.0
5 3 264.0 236.0
6 1 287.0 302.0
6 2 314.0 296.0
6 3 268.0 246.0
7 1 288.0 288.0
7 2 313.0 282.0
7 3 269.0 255.0
8 1 287.0 271.0
8 2 314.0 269.0
8 3 271.0 264.0
8 4 326.0 401.0
9 1 285.0 258.0
9 2 312.0 257.0
9 3 273.0 278.0
9 4 330.0 377.0
10 1 285.0 245.0
10 2 311.0 245.0
10 3 274.0 288.0
10 4 324.0 362.0
11 1 282.0 233.0
11 2 310.0 233.0
11 3 275.0 299.0
11 4 319.0 343.0
12 1 280.0 222.0
12 2 306.0 221.0
12 3 280.0 312.0
12 4 313.0 326.0
13 1 280.0 209.0
13 2 305.0 209.0
13 3 283.0 322.0
13 4 312.0 311.0
14 1 277.0 197.0
14 2 303.0 198.0
14 3 284.0 333.0
14 4 308.0 295.0
15 1 277.0 186.0
15 2 302.0 187.0
15 3 287.0 344.0
15 4 307.0 279.0
15 5 346.0 443.0
16 1 276.0 175.0
16 2 302.0 175.0
16 3 290.0 354.0
16 4 305.0 264.0
16 5 350.0 427.0
16 6 326.0 444.0
17 1 273.0 165.0
17 2 301.0 163.0
17 3 291.0 366.0
17 4 308.0 251.0
17 5 352.0 411.0
17 6 333.0 421.0
18 1 274.0 154.0
18 2 301.0 152.0
18 3 294.0 377.0
18 4 311.0 237.0
18 5 353.0 399.0
18 6 335.0 408.0
19 1 272.0 143.0
19 2 302.0 141.0
19 3 298.0 388.0
19 4 311.0 223.0
19 5 354.0 386.0
19 6 332.0 388.0
20 1 271.0 133.0
20 2 301.0 129.0
20 3 301.0 401.0
20 4 311.0 210.0
20 5 355.0 374.0
20 6 333.0 376.0
21 1 271.0 121.0
21 2 302.0 119.0
21 3 306.0 413.0
21 4 312.0 197.0
21 5 355.0 362.0
21 6 332.0 365.0
22 3 311.0 424.0
22 5 356.0 348.0
22 6 333.0 350.0
23 5 358.0 336.0
23 6 335.0 338.0
24 5 360.0 323.0
24 6 337.0 325.0
25 5 362.0 311.0
25 6 339.0 312.0
