1 1 294.0 154.0
1 2 262.0 230.0
2 1 292.0 139.0
2 2 265.0 242.0
3 1 293.0 126.0
3 2 270.0 254.0
4 2 273.0 267.0
5 2 273.0 281.0
6 2 275.0 294.0
7 2 277.0 308.0
8 2 278.0 322.0
9 2 280.0 336.0
10 2 281.0 351.0
11 2 282.0 366.0
11 3 339.0 424.0
12 2 285.0 381.0
12 3 345.0 407.0
12 4 319.0 432.0
13 2 287.0 397.0
13 3 338.0 400.0
13 4 317.0 422.0
14 2 292.0 412.0
14 3 336.0 385.0
14 4 322.0 407.0
14 5 320.0 446.0
14 6 342.0 438.0
15 2 298.0 427.0
15 3 339.0 369.0
15 4 321.0 392.0
15 5 321.0 429.0
15 6 341.0 420.0
16 2 302.0 440.0
16 3 339.0 355.0
16 4 322.0 384.0
16 5 321.0 418.0
16 6 345.0 403.0
17 3 335.0 342.0
17 4 324.0 372.0
17 5 322.0 401.0
17 6 343.0 389.0
18 3 334.0 329.0
18 4 324.0 358.0
18 5 321.0 386.0
18 6 342.0 375.0
19 3 332.0 317.0
19 4 322.0 344.0
19 5 320.0 372.0
19 6 342.0 362.0
20 3 328.0 304.0
20 4 322.0 331.0
20 5 319.0 357.0
20 6 342.0 348.0
21 3 327.0 292.0
21 4 320.0 319.0
21 5 315.0 343.0
21 6 340.0 336.0
22 3 326.0 280.0
22 4 317.0 309.0
22 5 312.0 331.0
22 6 339.0 323.0
23 3 323.0 268.0
23 4 315.0 297.0
23 5 310.0 319.0
23 6 340.0 310.0
23 7 317.0 412.0
24 3 322.0 256.0
24 4 313.0 285.0
24 5 307.0 307.0
24 6 336.0 298.0
24 7 314.0 394.0
25 3 321.0 244.0
25 4 311.0 273.0
25 5 305.0 295.0
25 6 334.0 284.0
25 7 308.0 379.0
25 8 322.0 423.0
