1 1 269.0 147.0
1 2 288.0 133.0
1 3 255.0 158.0
1 4 340.0 165.0
1 5 323.0 173.0
1 6 301.0 177.0
1 7 355.0 151.0
1 8 342.0 185.0
1 9 368.0 178.0
1 10 263.0 226.0
1 11 311.0 387.0
2 1 265.0 140.0
2 2 283.0 127.0
2 3 252.0 151.0
2 4 338.0 155.0
2 5 321.0 163.0
2 6 300.0 167.0
2 7 349.0 141.0
2 8 341.0 175.0
2 9 365.0 166.0
2 10 259.0 215.0
2 11 308.0 371.0
3 1 260.0 133.0
3 2 277.0 114.0
3 3 247.0 145.0
3 4 335.0 145.0
3 5 319.0 153.0
3 6 301.0 158.0
3 7 345.0 131.0
3 8 344.0 162.0
3 9 363.0 155.0
3 10 255.0 205.0
3 11 304.0 356.0
4 11 301.0 340.0
5 11 298.0 326.0
6 11 295.0 312.0
7 11 293.0 297.0
8 11 289.0 284.0
9 11 285.0 266.0
10 11 282.0 253.0
10 12 319.0 339.0
10 13 309.0 380.0
10 14 348.0 410.0
11 11 279.0 241.0
11 12 316.0 324.0
11 13 306.0 365.0
11 14 352.0 383.0
12 11 276.0 228.0
12 12 315.0 309.0
12 13 303.0 349.0
12 14 356.0 358.0
13 11 272.0 216.0
13 12 313.0 294.0
13 13 297.0 335.0
13 14 358.0 335.0
14 11 269.0 204.0
14 12 314.0 281.0
14 13 293.0 321.0
14 14 362.0 315.0
15 11 265.0 193.0
15 12 314.0 268.0
15 13 291.0 306.0
15 14 365.0 295.0
16 11 257.0 183.0
16 12 312.0 256.0
16 13 293.0 288.0
16 14 370.0 276.0
17 11 252.0 170.0
17 12 313.0 245.0
17 13 293.0 273.0
17 14 375.0 258.0
18 11 248.0 161.0
18 12 313.0 233.0
18 13 293.0 259.0
18 14 377.0 240.0
19 11 245.0 151.0
19 12 312.0 219.0
19 13 291.0 245.0
19 14 381.0 224.0
20 11 241.0 141.0
20 12 314.0 207.0
20 13 292.0 230.0
20 14 383.0 208.0
20 15 171.0 94.0
20 16 305.0 358.0
21 11 236.0 132.0
21 12 315.0 195.0
21 13 292.0 216.0
21 14 390.0 192.0
21 15 180.0 99.0
21 16 300.0 344.0
22 11 232.0 120.0
22 12 314.0 182.0
22 13 291.0 203.0
22 14 396.0 175.0
22 15 186.0 105.0
22 16 297.0 328.0
23 12 314.0 169.0
23 13 291.0 189.0
23 14 398.0 160.0
23 16 294.0 312.0
24 12 312.0 157.0
24 13 290.0 176.0
24 14 406.0 148.0
24 16 292.0 297.0
25 16 292.0 280.0
