1 1 385.0 284.0
1 2 404.0 312.0
1 3 269.0 438.0
1 4 314.0 130.0
1 5 223.0 133.0
1 6 235.0 131.0
2 1 385.0 284.0
2 2 404.0 312.0
2 3 269.0 438.0
2 5 228.0 143.0
2 6 240.0 141.0
3 1 380.0 285.0
3 2 404.0 312.0
3 3 269.0 438.0
3 5 233.0 154.0
3 6 246.0 151.0
4 1 379.0 288.0
4 2 404.0 312.0
4 3 268.0 438.0
4 5 240.0 166.0
4 6 251.0 162.0
5 1 378.0 288.0
5 2 404.0 312.0
5 3 267.0 438.0
5 5 247.0 176.0
5 6 256.0 173.0
6 1 375.0 290.0
6 2 404.0 312.0
6 3 265.0 438.0
6 5 252.0 187.0
6 6 261.0 184.0
7 1 377.0 290.0
7 2 404.0 312.0
7 3 263.0 438.0
7 5 254.0 198.0
7 6 265.0 196.0
8 1 377.0 290.0
8 2 404.0 312.0
8 3 263.0 438.0
8 5 258.0 212.0
8 6 270.0 209.0
9 1 383.0 282.0
9 2 404.0 312.0
9 3 263.0 438.0
9 5 262.0 224.0
9 6 273.0 222.0
10 1 383.0 282.0
10 2 404.0 312.0
10 3 263.0 432.0
10 5 265.0 232.0
10 6 277.0 234.0
11 1 383.0 282.0
11 2 404.0 311.0
11 3 263.0 432.0
11 5 270.0 248.0
11 6 282.0 244.0
12 1 383.0 282.0
12 2 404.0 311.0
12 3 263.0 432.0
12 5 272.0 261.0
12 6 284.0 257.0
13 1 383.0 282.0
13 2 403.0 311.0
13 3 263.0 432.0
13 5 275.0 275.0
13 6 287.0 271.0
14 1 384.0 282.0
14 2 403.0 311.0
14 3 263.0 432.0
14 5 278.0 289.0
14 6 290.0 285.0
15 1 385.0 282.0
15 2 403.0 311.0
15 3 263.0 432.0
15 5 282.0 303.0
15 6 294.0 299.0
15 7 322.0 437.0
16 1 385.0 282.0
16 2 403.0 311.0
16 3 263.0 432.0
16 5 285.0 317.0
16 6 297.0 313.0
16 7 317.0 429.0
16 8 349.0 441.0
17 1 394.0 278.0
17 2 403.0 311.0
17 3 263.0 432.0
17 5 288.0 331.0
17 6 300.0 327.0
17 7 311.0 416.0
17 8 351.0 423.0
18 1 394.0 278.0
18 2 403.0 311.0
18 3 263.0 432.0
18 5 292.0 346.0
18 6 304.0 342.0
18 7 302.0 405.0
18 8 348.0 406.0
19 1 397.0 273.0
19 2 403.0 311.0
19 3 263.0 432.0
19 5 295.0 362.0
19 6 307.0 358.0
19 7 293.0 394.0
19 8 345.0 389.0
20 1 397.0 273.0
20 2 403.0 311.0
20 3 263.0 432.0
20 5 300.0 378.0
20 6 312.0 374.0
20 7 287.0 380.0
20 8 342.0 372.0
21 1 399.0 271.0
21 2 403.0 311.0
21 3 263.0 430.0
21 5 303.0 394.0
21 6 315.0 390.0
21 7 276.0 364.0
21 8 335.0 357.0
22 1 399.0 271.0
22 2 403.0 311.0
22 3 263.0 430.0
22 5 306.0 410.0
22 6 318.0 406.0
22 7 278.0 347.0
22 8 331.0 342.0
23 1 392.0 273.0
23 2 403.0 311.0
23 3 263.0 430.0
23 7 279.0 334.0
23 8 325.0 327.0
24 1 392.0 273.0
24 2 403.0 311.0
24 3 263.0 430.0
24 7 280.0 321.0
24 8 318.0 313.0
25 1 392.0 273.0
25 2 403.0 311.0
25 3 264.0 430.0
25 7 280.0 307.0
25 8 316.0 298.0
