1 1 394.0 166.0
1 2 326.0 193.0
2 1 402.0 152.0
2 2 327.0 180.0
3 1 407.0 140.0
3 2 327.0 167.0
4 1 413.0 131.0
4 2 329.0 153.0
5 1 416.0 119.0
5 2 328.0 140.0
5 3 298.0 400.0
6 2 330.0 128.0
6 3 292.0 380.0
7 3 285.0 360.0
8 3 281.0 340.0
9 3 277.0 321.0
10 3 273.0 302.0
11 3 270.0 284.0
12 3 265.0 267.0
12 4 322.0 398.0
13 3 263.0 251.0
13 4 320.0 378.0
14 3 261.0 236.0
14 4 318.0 358.0
14 5 188.0 108.0
15 3 258.0 217.0
15 4 318.0 338.0
15 5 198.0 111.0
16 3 260.0 200.0
16 4 314.0 319.0
16 5 206.0 119.0
17 3 258.0 184.0
17 4 313.0 301.0
17 5 214.0 129.0
18 3 256.0 169.0
18 4 311.0 283.0
18 5 222.0 137.0
19 3 252.0 155.0
19 4 306.0 264.0
19 5 225.0 148.0
20 3 243.0 142.0
20 4 305.0 247.0
20 5 230.0 159.0
21 3 234.0 130.0
21 4 302.0 231.0
21 5 234.0 171.0
22 3 222.0 121.0
22 4 299.0 215.0
22 5 241.0 181.0
23 4 298.0 199.0
23 5 243.0 192.0
24 4 295.0 184.0
24 5 250.0 204.0
25 4 295.0 169.0
25 5 256.0 217.0
