1 1 360.0 226.0
1 2 355.0 245.0
1 3 301.0 291.0
1 4 286.0 287.0
1 5 333.0 244.0
1 6 336.0 416.0
2 1 365.0 222.0
2 2 353.0 241.0
2 3 308.0 308.0
2 4 289.0 302.0
2 5 333.0 233.0
2 6 339.0 395.0
3 1 371.0 219.0
3 2 354.0 235.0
3 3 309.0 322.0
3 4 290.0 316.0
3 5 335.0 221.0
3 6 337.0 374.0
4 1 371.0 212.0
4 2 353.0 232.0
4 3 310.0 336.0
4 4 291.0 330.0
4 5 333.0 211.0
4 6 339.0 356.0
4 7 189.0 105.0
5 1 373.0 205.0
5 2 354.0 225.0
5 3 313.0 351.0
5 4 292.0 347.0
5 5 334.0 204.0
5 6 335.0 335.0
5 7 201.0 110.0
6 1 374.0 196.0
6 2 352.0 217.0
6 3 315.0 366.0
6 4 294.0 362.0
6 5 337.0 196.0
6 6 331.0 317.0
6 7 208.0 120.0
7 1 374.0 186.0
7 2 351.0 210.0
7 3 318.0 379.0
7 4 297.0 375.0
7 5 336.0 189.0
7 6 330.0 299.0
7 7 212.0 125.0
8 1 372.0 176.0
8 2 348.0 203.0
8 3 322.0 393.0
8 4 301.0 389.0
8 5 333.0 182.0
8 6 328.0 281.0
8 7 219.0 137.0
9 1 369.0 168.0
9 2 352.0 197.0
9 3 325.0 408.0
9 4 296.0 404.0
9 5 331.0 175.0
9 6 324.0 265.0
9 7 227.0 143.0
10 1 364.0 159.0
10 2 357.0 185.0
10 3 327.0 420.0
10 4 299.0 417.0
10 5 330.0 167.0
10 6 322.0 248.0
10 7 230.0 155.0
11 1 357.0 151.0
11 2 353.0 176.0
11 5 329.0 160.0
11 6 317.0 231.0
11 7 235.0 165.0
12 1 351.0 143.0
12 2 349.0 167.0
12 5 326.0 152.0
12 6 315.0 215.0
12 7 238.0 173.0
13 1 347.0 135.0
13 2 347.0 158.0
13 5 326.0 152.0
13 6 310.0 200.0
13 7 243.0 183.0
14 1 336.0 129.0
14 2 346.0 146.0
14 5 325.0 139.0
14 6 307.0 185.0
14 7 248.0 197.0
15 1 330.0 121.0
15 2 344.0 136.0
15 5 322.0 134.0
15 6 305.0 171.0
15 7 252.0 206.0
16 1 325.0 114.0
16 2 339.0 128.0
16 5 317.0 129.0
16 6 302.0 158.0
16 7 257.0 221.0
17 7 254.0 230.0
18 7 255.0 242.0
19 7 260.0 255.0
20 7 265.0 268.0
21 7 267.0 282.0
21 8 306.0 437.0
21 9 322.0 435.0
21 10 345.0 427.0
21 11 364.0 415.0
22 7 275.0 293.0
22 8 306.0 437.0
22 9 322.0 435.0
22 10 344.0 406.0
22 11 363.0 404.0
23 7 278.0 305.0
23 8 306.0 437.0
23 9 322.0 435.0
23 10 337.0 399.0
23 11 362.0 393.0
24 7 283.0 318.0
24 8 306.0 437.0
24 9 322.0 435.0
24 10 337.0 390.0
24 11 361.0 382.0
24 12 341.0 413.0
25 7 286.0 332.0
25 8 306.0 437.0
25 9 322.0 435.0
25 10 337.0 379.0
25 11 357.0 372.0
25 12 342.0 404.0
25 13 359.0 438.0
