1 1 365.0 295.0
1 2 392.0 288.0
1 3 404.0 312.0
1 4 346.0 242.0
1 5 332.0 244.0
1 6 282.0 191.0
1 7 271.0 425.0
1 8 369.0 168.0
2 1 368.0 280.0
2 2 392.0 288.0
2 3 404.0 312.0
2 4 345.0 258.0
2 5 331.0 260.0
2 6 285.0 203.0
2 7 269.0 427.0
2 8 364.0 180.0
3 1 372.0 265.0
3 2 392.0 288.0
3 3 404.0 312.0
3 4 347.0 275.0
3 5 333.0 277.0
3 6 286.0 217.0
3 7 267.0 428.0
3 8 359.0 193.0
4 1 374.0 250.0
4 2 392.0 288.0
4 3 404.0 312.0
4 4 347.0 293.0
4 5 333.0 295.0
4 6 287.0 232.0
4 7 268.0 429.0
4 8 355.0 208.0
5 1 378.0 236.0
5 2 392.0 288.0
5 3 404.0 312.0
5 4 349.0 310.0
5 5 335.0 312.0
5 6 291.0 246.0
5 7 270.0 430.0
5 8 350.0 222.0
6 1 380.0 222.0
6 2 392.0 288.0
6 3 404.0 312.0
6 4 351.0 327.0
6 5 337.0 329.0
6 6 291.0 261.0
6 7 273.0 435.0
6 8 346.0 235.0
7 1 382.0 208.0
7 2 392.0 288.0
7 3 404.0 312.0
7 4 352.0 345.0
7 5 338.0 347.0
7 6 295.0 276.0
7 7 274.0 437.0
7 8 342.0 249.0
8 1 386.0 195.0
8 2 392.0 288.0
8 3 404.0 312.0
8 4 355.0 363.0
8 5 341.0 365.0
8 6 296.0 291.0
8 7 275.0 437.0
8 8 338.0 263.0
9 1 390.0 181.0
9 2 392.0 288.0
9 3 404.0 312.0
9 4 358.0 382.0
9 5 344.0 383.0
9 6 297.0 302.0
9 7 275.0 437.0
9 8 335.0 278.0
9 9 326.0 429.0
10 1 396.0 167.0
10 2 392.0 288.0
10 3 404.0 312.0
10 4 359.0 402.0
10 5 342.0 405.0
10 6 300.0 322.0
10 7 274.0 437.0
10 8 334.0 294.0
10 9 319.0 409.0
11 1 398.0 156.0
11 2 392.0 288.0
11 3 404.0 312.0
11 4 357.0 428.0
11 5 337.0 422.0
11 6 299.0 343.0
11 7 272.0 437.0
11 8 335.0 313.0
11 9 315.0 387.0
12 1 404.0 143.0
12 2 392.0 288.0
12 3 404.0 312.0
12 6 301.0 357.0
12 7 268.0 437.0
12 8 339.0 331.0
12 9 317.0 368.0
13 1 409.0 132.0
13 2 392.0 288.0
13 3 404.0 312.0
13 6 309.0 375.0
13 7 265.0 437.0
13 8 344.0 353.0
13 9 322.0 349.0
14 2 392.0 288.0
14 3 404.0 312.0
14 6 309.0 395.0
14 7 265.0 437.0
14 8 347.0 373.0
14 9 321.0 330.0
15 2 392.0 288.0
15 3 404.0 312.0
15 6 320.0 414.0
15 7 265.0 437.0
15 8 348.0 392.0
15 9 322.0 311.0
16 2 392.0 288.0
16 3 404.0 312.0
16 7 265.0 437.0
16 9 321.0 292.0
17 2 392.0 288.0
17 3 404.0 312.0
17 7 265.0 437.0
17 9 322.0 275.0
18 2 392.0 288.0
18 3 404.0 312.0
18 7 265.0 437.0
18 9 322.0 257.0
19 2 392.0 288.0
19 3 404.0 312.0
19 7 265.0 437.0
19 9 322.0 240.0
20 2 392.0 288.0
20 3 404.0 312.0
20 7 265.0 437.0
20 9 322.0 223.0
21 2 392.0 288.0
21 3 404.0 312.0
21 7 265.0 437.0
21 9 320.0 207.0
22 2 392.0 288.0
22 3 404.0 312.0
22 7 266.0 437.0
22 9 320.0 191.0
23 2 392.0 288.0
23 3 404.0 312.0
23 7 268.0 437.0
23 9 319.0 175.0
24 2 392.0 288.0
24 3 404.0 312.0
24 7 269.0 438.0
24 9 318.0 159.0
25 2 392.0 288.0
25 3 404.0 312.0
25 7 269.0 438.0
25 9 317.0 144.0
25 10 217.0 125.0
25 11 228.0 121.0
