1 1 285.0 382.0
1 2 311.0 392.0
2 1 283.0 369.0
2 2 308.0 377.0
3 1 281.0 356.0
3 2 304.0 360.0
3 3 335.0 416.0
4 1 279.0 343.0
4 2 301.0 344.0
4 3 335.0 398.0
5 1 277.0 329.0
5 2 298.0 330.0
5 3 337.0 380.0
5 4 322.0 418.0
6 1 274.0 317.0
6 2 294.0 314.0
6 3 337.0 362.0
6 4 319.0 399.0
7 1 272.0 304.0
7 2 293.0 298.0
7 3 338.0 345.0
7 4 313.0 383.0
7 5 440.0 96.0
7 6 177.0 99.0
8 1 269.0 294.0
8 2 291.0 284.0
8 3 339.0 328.0
8 4 314.0 363.0
8 5 431.0 106.0
8 6 187.0 105.0
8 7 339.0 427.0
9 1 267.0 282.0
9 2 288.0 269.0
9 3 337.0 311.0
9 4 310.0 343.0
9 5 423.0 118.0
9 6 197.0 112.0
9 7 342.0 416.0
10 1 262.0 268.0
10 2 287.0 255.0
10 3 337.0 295.0
10 4 311.0 322.0
10 5 416.0 132.0
10 6 206.0 119.0
10 7 349.0 398.0
11 1 260.0 255.0
11 2 284.0 242.0
11 3 336.0 279.0
11 4 308.0 305.0
11 5 409.0 142.0
11 6 215.0 128.0
11 7 352.0 383.0
12 1 260.0 243.0
12 2 282.0 227.0
12 3 335.0 263.0
12 4 307.0 287.0
12 5 403.0 156.0
12 6 222.0 137.0
12 7 353.0 364.0
13 1 258.0 229.0
13 2 281.0 213.0
13 3 336.0 247.0
13 4 303.0 271.0
13 5 400.0 170.0
13 6 226.0 148.0
13 7 355.0 349.0
13 8 319.0 437.0
14 1 260.0 218.0
14 2 279.0 201.0
14 3 334.0 232.0
14 4 301.0 255.0
14 5 399.0 183.0
14 6 232.0 157.0
14 7 355.0 334.0
14 8 313.0 424.0
15 1 263.0 204.0
15 2 277.0 187.0
15 3 335.0 218.0
15 4 300.0 233.0
15 5 398.0 198.0
15 6 235.0 166.0
15 7 355.0 319.0
15 8 310.0 408.0
16 1 262.0 191.0
16 2 275.0 172.0
16 3 335.0 201.0
16 4 298.0 220.0
16 5 393.0 215.0
16 6 241.0 175.0
16 7 355.0 303.0
16 8 302.0 391.0
16 9 330.0 421.0
16 10 314.0 438.0
17 1 259.0 180.0
17 2 271.0 162.0
17 3 334.0 186.0
17 4 294.0 208.0
17 5 394.0 230.0
17 6 245.0 187.0
17 7 357.0 288.0
17 8 299.0 377.0
17 9 328.0 404.0
17 10 311.0 422.0
18 1 256.0 168.0
18 2 267.0 151.0
18 3 335.0 172.0
18 4 290.0 195.0
18 5 389.0 245.0
18 6 250.0 200.0
18 7 358.0 272.0
18 8 297.0 361.0
18 9 326.0 387.0
18 10 309.0 404.0
19 1 253.0 156.0
19 2 264.0 139.0
19 3 335.0 159.0
19 4 287.0 181.0
19 5 387.0 259.0
19 6 254.0 210.0
19 7 363.0 257.0
19 8 292.0 348.0
19 9 328.0 374.0
19 10 306.0 386.0
20 1 248.0 147.0
20 2 258.0 130.0
20 3 335.0 146.0
20 4 283.0 167.0
20 5 385.0 275.0
20 6 254.0 221.0
20 7 366.0 243.0
20 8 290.0 335.0
20 9 328.0 355.0
20 10 307.0 368.0
21 1 238.0 135.0
21 2 252.0 120.0
21 3 335.0 132.0
21 4 281.0 157.0
21 5 380.0 292.0
21 6 259.0 232.0
21 7 369.0 228.0
21 8 290.0 321.0
21 9 327.0 338.0
21 10 306.0 351.0
22 1 233.0 125.0
22 2 247.0 112.0
22 3 331.0 117.0
22 4 276.0 145.0
22 5 375.0 309.0
22 6 260.0 243.0
22 7 374.0 213.0
22 8 289.0 308.0
22 9 328.0 326.0
22 10 305.0 335.0
22 11 154.0 88.0
23 1 226.0 115.0
23 2 238.0 103.0
23 3 331.0 106.0
23 4 271.0 132.0
23 5 370.0 326.0
23 6 261.0 252.0
23 7 379.0 200.0
23 8 289.0 294.0
23 9 327.0 311.0
23 10 307.0 318.0
23 11 164.0 91.0
24 1 216.0 107.0
24 2 230.0 94.0
24 3 330.0 95.0
24 4 268.0 117.0
24 5 364.0 342.0
24 6 261.0 266.0
24 7 383.0 186.0
24 8 288.0 281.0
24 9 325.0 296.0
24 10 305.0 303.0
24 11 174.0 96.0
25 1 209.0 98.0
25 2 222.0 85.0
25 3 334.0 83.0
25 4 260.0 107.0
25 5 360.0 359.0
25 6 266.0 280.0
25 7 389.0 173.0
25 8 287.0 270.0
25 9 324.0 282.0
25 10 305.0 289.0
25 11 184.0 102.0
