1 1 326.0 418.0
1 2 289.0 264.0
1 3 371.0 225.0
1 4 347.0 238.0
1 5 340.0 293.0
1 6 313.0 127.0
2 2 289.0 279.0
2 3 370.0 211.0
2 4 349.0 222.0
2 5 343.0 278.0
2 6 314.0 140.0
2 7 285.0 84.0
2 8 300.0 84.0
2 9 337.0 56.0
3 2 290.0 294.0
3 3 368.0 197.0
3 4 353.0 208.0
3 5 344.0 264.0
3 6 314.0 154.0
3 7 286.0 96.0
3 8 301.0 96.0
3 9 337.0 70.0
4 2 292.0 309.0
4 3 368.0 183.0
4 4 353.0 194.0
4 5 348.0 249.0
4 6 315.0 168.0
4 7 287.0 109.0
4 8 302.0 108.0
4 9 336.0 81.0
5 2 294.0 325.0
5 3 371.0 171.0
5 4 353.0 183.0
5 5 352.0 236.0
5 6 316.0 182.0
5 7 286.0 123.0
5 8 303.0 119.0
5 9 334.0 93.0
6 2 298.0 341.0
6 3 369.0 158.0
6 4 354.0 170.0
6 5 355.0 222.0
6 6 316.0 196.0
6 7 285.0 136.0
6 8 299.0 132.0
6 9 334.0 108.0
7 2 300.0 358.0
7 3 368.0 144.0
7 4 353.0 157.0
7 5 358.0 209.0
7 6 318.0 211.0
7 7 286.0 149.0
7 8 300.0 145.0
7 9 330.0 120.0
8 2 303.0 375.0
8 3 366.0 130.0
8 4 350.0 144.0
8 5 359.0 196.0
8 6 320.0 226.0
8 7 287.0 163.0
8 8 301.0 159.0
8 9 330.0 133.0
9 2 305.0 392.0
9 3 367.0 117.0
9 4 345.0 132.0
9 5 358.0 183.0
9 6 323.0 242.0
9 7 289.0 178.0
9 8 303.0 174.0
9 9 328.0 151.0
10 2 306.0 408.0
10 3 365.0 108.0
10 4 343.0 117.0
10 5 357.0 170.0
10 6 327.0 258.0
10 7 289.0 193.0
10 8 308.0 187.0
10 9 330.0 163.0
11 2 308.0 424.0
11 6 328.0 275.0
11 7 290.0 208.0
11 8 310.0 202.0
11 9 330.0 176.0
12 6 330.0 292.0
12 7 292.0 222.0
12 8 312.0 217.0
12 9 331.0 190.0
13 6 339.0 307.0
13 7 293.0 238.0
13 8 314.0 232.0
13 9 333.0 205.0
14 6 330.0 327.0
14 7 295.0 254.0
14 8 315.0 249.0
14 9 333.0 219.0
15 6 332.0 347.0
15 7 295.0 270.0
15 8 315.0 265.0
15 9 337.0 234.0
16 6 332.0 366.0
16 7 296.0 286.0
16 8 316.0 281.0
16 9 338.0 250.0
17 6 333.0 385.0
17 7 297.0 302.0
17 8 317.0 297.0
17 9 339.0 267.0
18 6 338.0 403.0
18 7 298.0 319.0
18 8 318.0 314.0
18 9 341.0 284.0
19 6 335.0 423.0
19 7 300.0 336.0
19 8 320.0 331.0
19 9 341.0 301.0
20 7 301.0 353.0
20 8 321.0 348.0
20 9 342.0 318.0
21 7 303.0 371.0
21 8 322.0 366.0
21 9 343.0 335.0
22 7 304.0 389.0
22 8 323.0 383.0
22 9 343.0 352.0
22 10 354.0 436.0
23 7 304.0 405.0
23 8 321.0 402.0
23 9 341.0 366.0
23 10 360.0 413.0
24 7 306.0 420.0
24 8 322.0 419.0
24 9 343.0 385.0
24 10 363.0 394.0
25 7 309.0 437.0
25 8 329.0 432.0
25 9 333.0 413.0
25 10 353.0 373.0
