1 1 269.0 119.0
1 2 287.0 112.0
2 1 270.0 130.0
2 2 287.0 122.0
3 1 271.0 142.0
3 2 290.0 135.0
3 3 348.0 85.0
4 1 272.0 155.0
4 2 289.0 150.0
4 3 347.0 96.0
5 1 272.0 168.0
5 2 290.0 163.0
5 3 344.0 108.0
6 1 273.0 181.0
6 2 291.0 175.0
6 3 343.0 122.0
7 1 273.0 194.0
7 2 291.0 188.0
7 3 344.0 134.0
8 1 274.0 207.0
8 2 294.0 202.0
8 3 344.0 146.0
9 1 275.0 221.0
9 2 294.0 216.0
9 3 344.0 159.0
10 1 276.0 236.0
10 2 295.0 230.0
10 3 344.0 173.0
11 1 278.0 250.0
11 2 297.0 245.0
11 3 343.0 186.0
12 1 278.0 266.0
12 2 297.0 261.0
12 3 341.0 200.0
12 4 217.0 102.0
13 1 279.0 280.0
13 2 300.0 276.0
13 3 341.0 212.0
13 4 226.0 111.0
13 5 353.0 422.0
14 1 281.0 296.0
14 2 302.0 291.0
14 3 339.0 224.0
14 4 237.0 118.0
14 5 361.0 404.0
14 6 342.0 443.0
15 1 282.0 312.0
15 2 303.0 306.0
15 3 337.0 238.0
15 4 246.0 126.0
15 5 363.0 389.0
15 6 344.0 433.0
16 1 285.0 328.0
16 2 308.0 322.0
16 3 334.0 253.0
16 4 252.0 135.0
16 5 365.0 372.0
16 6 349.0 405.0
17 1 287.0 345.0
17 2 310.0 338.0
17 3 332.0 268.0
17 4 260.0 147.0
17 5 372.0 358.0
17 6 346.0 384.0
17 7 332.0 436.0
18 1 294.0 361.0
18 2 316.0 356.0
18 3 330.0 288.0
18 4 265.0 159.0
18 5 375.0 343.0
18 6 352.0 369.0
18 7 337.0 416.0
19 1 297.0 376.0
19 2 320.0 372.0
19 3 328.0 303.0
19 4 270.0 171.0
19 5 376.0 327.0
19 6 350.0 351.0
19 7 340.0 397.0
20 1 300.0 393.0
20 2 320.0 391.0
20 3 324.0 316.0
20 4 274.0 185.0
20 5 375.0 311.0
20 6 350.0 329.0
20 7 337.0 382.0
21 1 306.0 412.0
21 2 325.0 406.0
21 3 322.0 332.0
21 4 279.0 198.0
21 5 372.0 294.0
21 6 352.0 315.0
21 7 338.0 366.0
21 8 309.0 65.0
22 1 306.0 431.0
22 2 327.0 419.0
22 3 320.0 350.0
22 4 281.0 207.0
22 5 371.0 279.0
22 6 350.0 297.0
22 7 337.0 350.0
22 8 310.0 75.0
23 3 324.0 367.0
23 4 283.0 220.0
23 5 374.0 266.0
23 6 349.0 282.0
23 7 338.0 336.0
23 8 311.0 87.0
24 3 326.0 384.0
24 4 286.0 234.0
24 5 377.0 253.0
24 6 345.0 269.0
24 7 340.0 321.0
24 8 312.0 100.0
25 3 327.0 402.0
25 4 287.0 249.0
25 5 372.0 239.0
25 6 346.0 253.0
25 7 340.0 307.0
25 8 313.0 112.0
