1 1 199.0 93.0
1 2 213.0 80.0
1 3 337.0 71.0
1 4 254.0 96.0
1 5 354.0 377.0
1 6 269.0 289.0
1 7 392.0 164.0
1 8 288.0 254.0
1 9 325.0 266.0
1 10 306.0 273.0
1 11 194.0 108.0
2 1 190.0 87.0
2 2 204.0 74.0
2 3 338.0 61.0
2 4 247.0 85.0
2 5 349.0 396.0
2 6 277.0 305.0
2 7 398.0 152.0
2 8 287.0 239.0
2 9 324.0 251.0
2 10 305.0 258.0
2 11 204.0 119.0
3 5 345.0 414.0
3 6 284.0 315.0
3 7 403.0 138.0
3 8 284.0 230.0
3 9 324.0 238.0
3 10 307.0 244.0
3 11 210.0 130.0
4 5 341.0 430.0
4 6 291.0 328.0
4 7 406.0 123.0
4 8 285.0 217.0
4 9 327.0 226.0
4 10 308.0 230.0
4 11 218.0 139.0
5 6 300.0 338.0
5 7 413.0 118.0
5 8 285.0 204.0
5 9 326.0 214.0
5 10 308.0 217.0
5 11 224.0 147.0
5 12 438.0 70.0
6 6 304.0 354.0
6 7 420.0 110.0
6 8 282.0 194.0
6 9 327.0 201.0
6 10 310.0 204.0
6 11 228.0 159.0
6 12 428.0 74.0
6 13 282.0 48.0
6 14 304.0 50.0
7 6 303.0 366.0
7 7 428.0 94.0
7 8 280.0 179.0
7 9 327.0 193.0
7 10 310.0 191.0
7 11 234.0 173.0
7 12 416.0 85.0
7 13 282.0 58.0
7 14 305.0 60.0
8 6 307.0 383.0
8 7 435.0 84.0
8 8 280.0 172.0
8 9 327.0 181.0
8 10 310.0 179.0
8 11 239.0 183.0
8 12 407.0 99.0
8 13 283.0 67.0
8 14 306.0 70.0
9 6 313.0 403.0
9 7 444.0 77.0
9 8 282.0 157.0
9 9 330.0 172.0
9 10 311.0 167.0
9 11 245.0 194.0
9 12 401.0 112.0
9 13 284.0 75.0
9 14 305.0 81.0
10 6 316.0 418.0
10 8 278.0 145.0
10 9 333.0 160.0
10 10 311.0 155.0
10 11 247.0 206.0
10 12 396.0 126.0
10 13 285.0 84.0
10 14 306.0 92.0
11 8 275.0 134.0
11 9 335.0 149.0
11 10 313.0 144.0
11 11 254.0 219.0
11 12 390.0 140.0
11 13 286.0 95.0
11 14 306.0 103.0
12 8 271.0 128.0
12 9 337.0 137.0
12 10 318.0 129.0
12 11 258.0 230.0
12 12 385.0 154.0
12 13 291.0 107.0
12 14 306.0 110.0
13 8 266.0 112.0
13 9 341.0 122.0
13 10 321.0 122.0
13 11 262.0 244.0
13 12 380.0 168.0
13 13 289.0 116.0
13 14 304.0 119.0
14 8 264.0 100.0
14 9 343.0 112.0
14 10 317.0 105.0
14 11 267.0 260.0
14 12 375.0 183.0
14 13 288.0 128.0
14 14 305.0 130.0
15 8 262.0 89.0
15 9 344.0 103.0
15 10 317.0 93.0
15 11 272.0 271.0
15 12 375.0 198.0
15 13 289.0 143.0
15 14 306.0 141.0
16 8 265.0 79.0
16 9 344.0 93.0
16 10 315.0 82.0
16 11 276.0 289.0
16 12 371.0 213.0
16 13 289.0 154.0
16 14 306.0 152.0
17 11 280.0 304.0
17 12 369.0 230.0
17 13 289.0 167.0
17 14 307.0 166.0
18 11 284.0 318.0
18 12 365.0 246.0
18 13 290.0 179.0
18 14 308.0 178.0
19 11 289.0 333.0
19 12 362.0 263.0
19 13 292.0 192.0
19 14 311.0 191.0
20 11 292.0 349.0
20 12 359.0 280.0
20 13 294.0 205.0
20 14 317.0 202.0
21 11 298.0 366.0
21 12 355.0 298.0
21 13 296.0 217.0
21 14 314.0 216.0
22 11 301.0 383.0
22 12 349.0 315.0
22 13 299.0 229.0
22 14 318.0 228.0
23 11 301.0 400.0
23 12 342.0 332.0
23 13 300.0 242.0
23 14 319.0 241.0
24 11 310.0 414.0
24 12 338.0 351.0
24 13 300.0 256.0
24 14 319.0 255.0
25 11 311.0 431.0
25 12 334.0 370.0
25 13 302.0 270.0
25 14 322.0 269.0
