1 1 326.0 367.0
1 2 349.0 373.0
1 3 258.0 253.0
1 4 279.0 297.0
1 5 320.0 175.0
1 6 340.0 177.0
1 7 381.0 224.0
1 8 313.0 385.0
2 1 324.0 380.0
2 2 345.0 388.0
2 3 256.0 239.0
2 4 278.0 281.0
2 5 320.0 188.0
2 6 340.0 189.0
2 7 372.0 239.0
2 8 306.0 371.0
3 1 320.0 394.0
3 2 348.0 402.0
3 3 254.0 222.0
3 4 276.0 265.0
3 5 324.0 202.0
3 6 341.0 202.0
3 7 366.0 255.0
3 8 301.0 356.0
4 1 315.0 408.0
4 2 345.0 415.0
4 3 250.0 208.0
4 4 269.0 253.0
4 5 325.0 215.0
4 6 341.0 215.0
4 7 361.0 272.0
4 8 296.0 342.0
5 3 246.0 195.0
5 4 269.0 251.0
5 5 326.0 229.0
5 6 342.0 229.0
5 7 356.0 292.0
5 8 291.0 328.0
6 3 239.0 182.0
6 4 263.0 226.0
6 5 326.0 243.0
6 6 342.0 243.0
6 7 354.0 309.0
6 8 287.0 313.0
7 3 235.0 170.0
7 4 262.0 212.0
7 5 323.0 257.0
7 6 343.0 257.0
7 7 350.0 326.0
7 8 283.0 299.0
8 3 227.0 160.0
8 4 259.0 197.0
8 5 325.0 270.0
8 6 344.0 273.0
8 7 345.0 344.0
8 8 281.0 285.0
8 9 303.0 109.0
8 10 316.0 108.0
8 11 350.0 97.0
9 3 221.0 152.0
9 4 256.0 186.0
9 5 326.0 285.0
9 6 344.0 287.0
9 7 342.0 363.0
9 8 279.0 272.0
9 9 302.0 122.0
9 10 315.0 119.0
9 11 346.0 105.0
9 12 206.0 112.0
10 3 212.0 142.0
10 4 251.0 177.0
10 5 323.0 298.0
10 6 344.0 302.0
10 7 338.0 382.0
10 8 276.0 259.0
10 9 306.0 133.0
10 10 317.0 130.0
10 11 346.0 115.0
10 12 217.0 120.0
11 3 204.0 132.0
11 4 250.0 166.0
11 5 322.0 313.0
11 6 343.0 317.0
11 7 337.0 396.0
11 8 275.0 245.0
11 9 304.0 142.0
11 10 318.0 140.0
11 11 344.0 124.0
11 12 223.0 134.0
12 3 199.0 120.0
12 4 248.0 154.0
12 5 322.0 327.0
12 6 342.0 336.0
12 7 336.0 418.0
12 8 272.0 232.0
12 9 302.0 151.0
12 10 318.0 152.0
12 11 342.0 133.0
12 12 227.0 145.0
13 3 192.0 116.0
13 4 244.0 145.0
13 5 321.0 342.0
13 6 340.0 351.0
13 8 270.0 219.0
13 9 303.0 162.0
13 10 319.0 163.0
13 11 342.0 143.0
13 12 234.0 156.0
14 3 183.0 109.0
14 4 239.0 135.0
14 5 317.0 356.0
14 6 340.0 365.0
14 8 267.0 207.0
14 9 303.0 173.0
14 10 319.0 174.0
14 11 341.0 154.0
14 12 234.0 170.0
15 3 174.0 103.0
15 4 230.0 125.0
15 5 316.0 369.0
15 6 339.0 379.0
15 8 263.0 195.0
15 9 303.0 185.0
15 10 319.0 186.0
15 11 341.0 164.0
15 12 239.0 181.0
16 3 163.0 97.0
16 4 223.0 116.0
16 5 313.0 384.0
16 6 337.0 394.0
16 8 259.0 183.0
16 9 304.0 197.0
16 10 319.0 198.0
16 11 342.0 175.0
16 12 246.0 193.0
17 3 153.0 92.0
17 4 217.0 106.0
17 5 313.0 398.0
17 6 336.0 410.0
17 8 255.0 172.0
17 9 303.0 210.0
17 10 319.0 211.0
17 11 341.0 186.0
17 12 255.0 211.0
18 3 144.0 87.0
18 4 211.0 106.0
18 5 311.0 409.0
18 6 333.0 427.0
18 8 250.0 161.0
18 9 306.0 221.0
18 10 322.0 222.0
18 11 341.0 197.0
18 12 256.0 222.0
19 3 133.0 81.0
19 4 199.0 93.0
19 8 245.0 151.0
19 9 307.0 233.0
19 10 318.0 237.0
19 11 340.0 208.0
19 12 261.0 239.0
20 4 189.0 86.0
20 8 238.0 141.0
20 9 304.0 246.0
20 10 318.0 250.0
20 11 338.0 219.0
20 12 267.0 253.0
21 8 232.0 131.0
21 9 305.0 255.0
21 10 320.0 262.0
21 11 338.0 231.0
21 12 270.0 271.0
22 9 304.0 268.0
22 10 322.0 274.0
22 11 337.0 243.0
22 12 273.0 288.0
22 13 313.0 90.0
23 9 303.0 281.0
23 10 321.0 287.0
23 11 336.0 254.0
23 12 275.0 306.0
23 13 314.0 100.0
24 9 304.0 295.0
24 10 324.0 298.0
24 11 336.0 266.0
24 12 278.0 324.0
24 13 312.0 115.0
24 14 361.0 431.0
25 9 304.0 309.0
25 10 324.0 312.0
25 11 334.0 278.0
25 12 282.0 341.0
25 13 313.0 128.0
25 14 363.0 419.0
