1 1 332.0 277.0
1 2 330.0 355.0
1 3 309.0 143.0
1 4 343.0 75.0
2 1 333.0 290.0
2 2 332.0 373.0
2 3 310.0 156.0
2 4 344.0 82.0
3 1 333.0 302.0
3 2 333.0 392.0
3 3 311.0 169.0
3 4 344.0 94.0
4 1 334.0 314.0
4 2 336.0 408.0
4 3 312.0 182.0
4 4 347.0 107.0
5 1 336.0 326.0
5 3 312.0 196.0
5 4 348.0 117.0
6 1 336.0 339.0
6 3 313.0 211.0
6 4 349.0 130.0
7 1 337.0 352.0
7 3 313.0 227.0
7 4 348.0 143.0
8 1 338.0 364.0
8 3 313.0 241.0
8 4 346.0 155.0
9 1 337.0 377.0
9 3 314.0 256.0
9 4 345.0 167.0
10 1 338.0 390.0
10 3 315.0 272.0
10 4 345.0 180.0
11 1 338.0 402.0
11 3 316.0 288.0
11 4 344.0 192.0
12 3 315.0 305.0
12 4 343.0 205.0
13 3 316.0 321.0
13 4 343.0 219.0
14 3 315.0 339.0
14 4 343.0 233.0
15 3 317.0 356.0
15 4 343.0 248.0
16 3 319.0 374.0
16 4 342.0 262.0
17 3 322.0 392.0
17 4 341.0 277.0
18 3 324.0 410.0
18 4 340.0 292.0
19 4 336.0 306.0
20 4 335.0 322.0
21 4 332.0 337.0
22 4 331.0 354.0
23 4 330.0 371.0
23 5 307.0 412.0
24 4 328.0 388.0
24 5 305.0 396.0
25 4 329.0 405.0
25 5 302.0 380.0
