1 1 335.0 389.0
1 2 354.0 385.0
2 1 338.0 372.0
2 2 357.0 371.0
3 1 341.0 359.0
3 2 360.0 358.0
4 1 343.0 345.0
4 2 361.0 344.0
5 1 345.0 331.0
5 2 364.0 330.0
6 1 348.0 314.0
6 2 366.0 317.0
7 1 350.0 301.0
7 2 367.0 304.0
8 1 353.0 288.0
8 2 370.0 291.0
9 1 355.0 276.0
9 2 372.0 280.0
10 1 356.0 264.0
10 2 373.0 268.0
11 1 358.0 252.0
11 2 375.0 256.0
12 1 359.0 241.0
12 2 376.0 245.0
13 1 360.0 229.0
13 2 377.0 234.0
14 1 362.0 217.0
14 2 379.0 222.0
15 1 367.0 204.0
15 2 381.0 206.0
16 1 369.0 193.0
16 2 382.0 195.0
17 1 371.0 182.0
17 2 384.0 184.0
18 1 373.0 171.0
18 2 386.0 173.0
19 1 376.0 161.0
19 2 389.0 163.0
19 3 307.0 89.0
20 1 381.0 151.0
20 2 394.0 154.0
20 3 306.0 100.0
20 4 351.0 356.0
21 1 385.0 141.0
21 2 400.0 144.0
21 3 303.0 109.0
21 4 351.0 339.0
22 1 389.0 132.0
22 2 405.0 137.0
22 3 305.0 117.0
22 4 350.0 322.0
23 1 395.0 123.0
23 2 411.0 128.0
23 3 300.0 126.0
23 4 349.0 305.0
24 1 400.0 114.0
24 2 416.0 119.0
24 3 298.0 137.0
24 4 346.0 289.0
25 3 299.0 148.0
25 4 343.0 273.0
