1 1 298.0 159.0
1 2 339.0 258.0
2 1 298.0 170.0
2 2 336.0 243.0
3 1 298.0 181.0
3 2 333.0 228.0
4 1 296.0 193.0
4 2 330.0 214.0
4 3 292.0 94.0
5 1 296.0 205.0
5 2 328.0 200.0
5 3 292.0 105.0
6 1 296.0 216.0
6 2 324.0 186.0
6 3 293.0 116.0
7 1 294.0 228.0
7 2 321.0 173.0
7 3 294.0 130.0
8 1 295.0 241.0
8 2 316.0 160.0
8 3 293.0 142.0
8 4 328.0 47.0
8 5 347.0 41.0
9 1 294.0 253.0
9 2 311.0 148.0
9 3 292.0 153.0
9 4 330.0 56.0
9 5 349.0 50.0
10 1 292.0 266.0
10 2 303.0 137.0
10 3 295.0 165.0
10 4 332.0 65.0
10 5 351.0 59.0
11 1 294.0 279.0
11 2 294.0 127.0
11 3 295.0 178.0
11 4 334.0 75.0
11 5 353.0 68.0
12 1 294.0 291.0
12 2 286.0 116.0
12 3 296.0 191.0
12 4 334.0 85.0
12 5 353.0 78.0
13 1 295.0 304.0
13 2 274.0 105.0
13 3 296.0 204.0
13 4 334.0 95.0
13 5 353.0 88.0
14 1 300.0 317.0
14 3 294.0 216.0
14 4 334.0 106.0
14 5 353.0 99.0
15 1 303.0 330.0
15 3 294.0 229.0
15 4 332.0 118.0
15 5 352.0 113.0
16 1 307.0 343.0
16 3 294.0 243.0
16 4 333.0 126.0
16 5 352.0 124.0
17 1 311.0 356.0
17 3 295.0 257.0
17 4 333.0 137.0
17 5 351.0 135.0
18 1 312.0 370.0
18 3 295.0 271.0
18 4 330.0 146.0
18 5 351.0 146.0
18 6 299.0 110.0
19 1 315.0 384.0
19 3 295.0 286.0
19 4 328.0 155.0
19 5 351.0 157.0
19 6 297.0 124.0
20 1 317.0 399.0
20 3 296.0 302.0
20 4 327.0 170.0
20 5 350.0 169.0
20 6 294.0 139.0
21 1 318.0 415.0
21 3 296.0 317.0
21 4 325.0 182.0
21 5 349.0 181.0
21 6 291.0 155.0
22 1 322.0 430.0
22 3 296.0 332.0
22 4 323.0 193.0
22 5 347.0 192.0
22 6 290.0 169.0
23 3 297.0 347.0
23 4 321.0 204.0
23 5 344.0 203.0
23 6 287.0 182.0
24 3 298.0 363.0
24 4 319.0 216.0
24 5 342.0 215.0
24 6 284.0 196.0
25 3 299.0 378.0
25 4 317.0 228.0
25 5 339.0 227.0
25 6 282.0 211.0
