1 1 318.0 302.0
1 2 334.0 286.0
1 3 339.0 317.0
1 4 353.0 315.0
1 5 252.0 232.0
1 6 273.0 233.0
1 7 285.0 219.0
1 8 298.0 409.0
1 9 302.0 110.0
2 1 315.0 309.0
2 2 335.0 297.0
2 3 337.0 328.0
2 4 352.0 330.0
2 5 248.0 223.0
2 6 269.0 223.0
2 7 277.0 209.0
2 8 293.0 392.0
2 9 306.0 120.0
3 1 318.0 320.0
3 2 336.0 309.0
3 3 337.0 343.0
3 4 352.0 344.0
3 5 247.0 211.0
3 6 266.0 211.0
3 7 273.0 197.0
3 8 285.0 371.0
3 9 309.0 134.0
4 1 322.0 334.0
4 2 339.0 322.0
4 3 340.0 357.0
4 4 352.0 358.0
4 5 244.0 199.0
4 6 263.0 199.0
4 7 270.0 184.0
4 8 282.0 352.0
4 9 312.0 145.0
4 10 304.0 76.0
5 1 322.0 348.0
5 2 339.0 335.0
5 3 335.0 372.0
5 4 352.0 373.0
5 5 241.0 187.0
5 6 260.0 188.0
5 7 266.0 173.0
5 8 280.0 335.0
5 9 315.0 157.0
5 10 304.0 83.0
6 1 326.0 357.0
6 2 340.0 347.0
6 3 336.0 388.0
6 4 353.0 389.0
6 5 239.0 177.0
6 6 256.0 177.0
6 7 263.0 161.0
6 8 274.0 319.0
6 9 317.0 170.0
6 10 304.0 91.0
7 1 321.0 372.0
7 2 343.0 359.0
7 3 331.0 402.0
7 4 349.0 405.0
7 5 233.0 168.0
7 6 252.0 166.0
7 7 259.0 149.0
7 8 273.0 304.0
7 9 319.0 183.0
7 10 306.0 99.0
8 1 328.0 381.0
8 2 341.0 373.0
8 3 329.0 416.0
8 4 347.0 419.0
8 5 229.0 156.0
8 6 247.0 157.0
8 7 253.0 140.0
8 8 268.0 285.0
8 9 323.0 193.0
8 10 306.0 108.0
8 11 317.0 88.0
9 5 224.0 146.0
9 6 242.0 147.0
9 7 248.0 130.0
9 8 267.0 269.0
9 9 325.0 206.0
9 10 306.0 115.0
9 11 322.0 103.0
10 5 218.0 137.0
10 6 237.0 138.0
10 7 243.0 120.0
10 8 267.0 256.0
10 9 327.0 220.0
10 10 311.0 124.0
10 11 325.0 114.0
11 5 214.0 128.0
11 6 228.0 129.0
11 7 236.0 116.0
11 8 263.0 244.0
11 9 328.0 234.0
11 10 308.0 132.0
11 11 328.0 127.0
12 8 264.0 224.0
12 9 329.0 248.0
12 10 309.0 140.0
12 11 328.0 139.0
13 8 260.0 211.0
13 9 329.0 262.0
13 10 311.0 148.0
13 11 333.0 154.0
14 8 259.0 196.0
14 9 329.0 276.0
14 10 312.0 157.0
14 11 335.0 163.0
15 8 259.0 181.0
15 9 330.0 291.0
15 10 313.0 166.0
15 11 337.0 182.0
16 8 256.0 167.0
16 9 329.0 310.0
16 10 315.0 175.0
16 11 335.0 196.0
17 8 255.0 155.0
17 9 330.0 326.0
17 10 320.0 185.0
17 11 333.0 210.0
18 8 253.0 141.0
18 9 331.0 342.0
18 10 322.0 194.0
18 11 336.0 224.0
19 8 252.0 130.0
19 9 331.0 359.0
19 10 325.0 203.0
19 11 337.0 239.0
19 12 302.0 56.0
20 8 253.0 117.0
20 9 331.0 376.0
20 10 327.0 213.0
20 11 336.0 255.0
20 12 302.0 66.0
21 8 252.0 105.0
21 9 330.0 394.0
21 10 329.0 223.0
21 11 336.0 271.0
21 12 302.0 78.0
22 8 252.0 92.0
22 9 330.0 411.0
22 10 331.0 233.0
22 11 333.0 287.0
22 12 303.0 90.0
23 10 331.0 244.0
23 11 335.0 304.0
23 12 304.0 103.0
24 10 332.0 255.0
24 11 330.0 318.0
24 12 306.0 117.0
25 10 332.0 266.0
25 11 328.0 336.0
25 12 307.0 130.0
