1 1 284.0 219.0
1 2 306.0 217.0
1 3 331.0 212.0
1 4 344.0 248.0
1 5 358.0 242.0
1 6 395.0 208.0
1 7 293.0 90.0
1 8 308.0 90.0
2 1 277.0 206.0
2 2 301.0 207.0
2 3 322.0 202.0
2 4 342.0 236.0
2 5 356.0 231.0
2 6 394.0 197.0
2 7 296.0 100.0
2 8 310.0 100.0
3 1 270.0 198.0
3 2 294.0 199.0
3 3 316.0 191.0
3 4 335.0 225.0
3 5 348.0 220.0
3 6 394.0 196.0
3 7 296.0 110.0
3 8 313.0 110.0
4 1 265.0 191.0
4 2 287.0 186.0
4 3 308.0 182.0
4 4 328.0 217.0
4 5 337.0 210.0
4 6 398.0 169.0
4 7 300.0 121.0
4 8 315.0 121.0
5 1 260.0 182.0
5 2 282.0 179.0
5 3 300.0 174.0
5 4 322.0 207.0
5 5 334.0 201.0
5 6 400.0 157.0
5 7 306.0 129.0
5 8 319.0 128.0
6 1 253.0 175.0
6 2 275.0 172.0
6 3 294.0 164.0
6 4 313.0 199.0
6 5 325.0 193.0
6 6 402.0 148.0
6 7 309.0 138.0
6 8 322.0 137.0
7 1 248.0 167.0
7 2 269.0 164.0
7 3 286.0 155.0
7 4 304.0 193.0
7 5 316.0 187.0
7 6 407.0 141.0
7 7 313.0 148.0
7 8 325.0 148.0
8 1 242.0 158.0
8 2 261.0 156.0
8 3 280.0 146.0
8 4 293.0 188.0
8 5 304.0 175.0
8 6 409.0 128.0
8 7 318.0 158.0
8 8 330.0 158.0
8 9 190.0 116.0
9 1 236.0 149.0
9 2 255.0 147.0
9 3 274.0 136.0
9 4 284.0 182.0
9 5 296.0 168.0
9 6 415.0 119.0
9 7 320.0 168.0
9 8 332.0 168.0
9 9 198.0 121.0
10 1 232.0 139.0
10 2 251.0 137.0
10 3 264.0 129.0
10 4 276.0 171.0
10 5 287.0 161.0
10 6 424.0 114.0
10 7 321.0 175.0
10 8 334.0 178.0
10 9 201.0 128.0
11 1 228.0 131.0
11 2 246.0 128.0
11 3 256.0 121.0
11 4 269.0 162.0
11 5 283.0 154.0
11 6 430.0 102.0
11 7 322.0 185.0
11 8 335.0 188.0
11 9 208.0 139.0
12 1 219.0 124.0
12 2 236.0 121.0
12 3 246.0 113.0
12 4 261.0 155.0
12 5 271.0 147.0
12 7 322.0 196.0
12 8 335.0 199.0
12 9 215.0 148.0
13 1 213.0 117.0
13 2 225.0 112.0
13 3 238.0 105.0
13 4 253.0 148.0
13 5 261.0 143.0
13 7 324.0 208.0
13 8 336.0 210.0
13 9 221.0 159.0
14 7 324.0 219.0
14 8 336.0 221.0
14 9 222.0 166.0
15 7 324.0 230.0
15 8 336.0 232.0
15 9 224.0 174.0
16 7 325.0 242.0
16 8 337.0 244.0
16 9 228.0 186.0
17 7 324.0 254.0
17 8 336.0 257.0
17 9 234.0 196.0
18 7 325.0 266.0
18 8 336.0 269.0
18 9 239.0 205.0
19 7 325.0 278.0
19 8 336.0 281.0
19 9 243.0 216.0
19 10 323.0 431.0
20 7 324.0 291.0
20 8 336.0 294.0
20 9 245.0 228.0
20 10 325.0 432.0
21 7 325.0 304.0
21 8 337.0 307.0
21 9 248.0 239.0
21 10 314.0 395.0
22 7 325.0 317.0
22 8 337.0 320.0
22 9 249.0 251.0
22 10 309.0 378.0
23 7 325.0 330.0
23 8 337.0 333.0
23 9 250.0 264.0
23 10 304.0 359.0
24 7 326.0 343.0
24 8 335.0 347.0
24 9 251.0 276.0
24 10 302.0 340.0
25 7 325.0 356.0
25 8 334.0 360.0
25 9 249.0 290.0
25 10 299.0 322.0
