1 1 399.0 68.0
1 2 305.0 431.0
1 3 282.0 423.0
1 4 246.0 117.0
1 5 346.0 443.0
1 6 214.0 118.0
1 7 243.0 100.0
1 8 334.0 378.0
2 1 406.0 81.0
2 2 306.0 431.0
2 3 283.0 423.0
2 4 232.0 109.0
2 6 217.0 119.0
2 7 252.0 94.0
2 8 336.0 364.0
3 1 409.0 94.0
3 2 307.0 431.0
3 3 284.0 422.0
3 4 221.0 105.0
3 6 227.0 119.0
3 7 258.0 85.0
3 8 338.0 350.0
4 2 308.0 431.0
4 3 284.0 422.0
4 4 210.0 98.0
4 8 339.0 336.0
5 2 308.0 432.0
5 3 284.0 422.0
5 8 339.0 324.0
5 9 350.0 107.0
5 10 335.0 91.0
5 11 313.0 103.0
5 12 295.0 110.0
5 13 369.0 99.0
5 14 392.0 108.0
6 2 308.0 432.0
6 3 284.0 422.0
6 8 340.0 311.0
6 9 356.0 116.0
6 10 337.0 99.0
6 11 315.0 116.0
6 12 297.0 121.0
6 13 372.0 116.0
6 14 391.0 123.0
7 2 308.0 432.0
7 3 284.0 422.0
7 8 340.0 298.0
7 9 353.0 127.0
7 10 333.0 112.0
7 11 316.0 127.0
7 12 298.0 131.0
7 13 372.0 131.0
7 14 391.0 139.0
7 15 313.0 90.0
8 2 308.0 432.0
8 3 284.0 422.0
8 8 342.0 285.0
8 9 353.0 138.0
8 10 335.0 123.0
8 11 313.0 132.0
8 12 298.0 140.0
8 13 371.0 145.0
8 14 390.0 154.0
8 15 322.0 101.0
9 2 308.0 432.0
9 3 284.0 422.0
9 8 340.0 274.0
9 9 352.0 148.0
9 10 333.0 130.0
9 11 314.0 143.0
9 12 300.0 152.0
9 13 370.0 160.0
9 14 388.0 168.0
9 15 327.0 109.0
10 2 308.0 432.0
10 3 284.0 422.0
10 8 337.0 264.0
10 9 352.0 158.0
10 10 334.0 143.0
10 11 316.0 154.0
10 12 302.0 164.0
10 13 369.0 175.0
10 14 386.0 183.0
10 15 333.0 123.0
11 2 308.0 433.0
11 3 284.0 422.0
11 8 336.0 253.0
11 9 352.0 168.0
11 10 335.0 152.0
11 11 315.0 165.0
11 12 302.0 175.0
11 13 367.0 190.0
11 14 383.0 198.0
11 15 339.0 134.0
12 2 308.0 433.0
12 3 285.0 422.0
12 8 333.0 244.0
12 9 352.0 178.0
12 10 332.0 162.0
12 11 315.0 176.0
12 12 302.0 186.0
12 13 365.0 206.0
12 14 381.0 214.0
12 15 344.0 145.0
13 2 314.0 429.0
13 3 288.0 422.0
13 8 330.0 234.0
13 9 354.0 189.0
13 10 336.0 173.0
13 11 313.0 188.0
13 12 301.0 198.0
13 13 362.0 222.0
13 14 377.0 232.0
13 15 348.0 157.0
14 2 321.0 446.0
14 3 293.0 428.0
14 8 330.0 225.0
14 9 356.0 201.0
14 10 338.0 185.0
14 11 313.0 199.0
14 12 301.0 209.0
14 13 360.0 238.0
14 14 376.0 249.0
14 15 351.0 169.0
14 16 317.0 93.0
15 2 321.0 446.0
15 3 305.0 443.0
15 8 330.0 214.0
15 9 359.0 210.0
15 10 341.0 195.0
15 11 314.0 210.0
15 12 302.0 220.0
15 13 357.0 254.0
15 14 374.0 265.0
15 15 355.0 180.0
15 16 321.0 105.0
16 8 323.0 203.0
16 9 359.0 221.0
16 10 343.0 206.0
16 11 315.0 221.0
16 12 303.0 232.0
16 13 355.0 270.0
16 14 370.0 281.0
16 15 359.0 192.0
16 16 324.0 118.0
17 8 319.0 194.0
17 9 359.0 232.0
17 10 343.0 217.0
17 11 317.0 231.0
17 12 304.0 243.0
17 13 353.0 287.0
17 14 367.0 298.0
17 15 362.0 205.0
17 16 326.0 131.0
18 8 315.0 183.0
18 9 357.0 246.0
18 10 343.0 229.0
18 11 319.0 244.0
18 12 305.0 255.0
18 13 350.0 304.0
18 14 362.0 315.0
18 15 365.0 219.0
18 16 330.0 143.0
19 8 307.0 175.0
19 9 359.0 258.0
19 10 341.0 240.0
19 11 319.0 254.0
19 12 307.0 266.0
19 13 347.0 322.0
19 14 359.0 333.0
19 15 367.0 232.0
19 16 332.0 155.0
20 8 300.0 167.0
20 9 356.0 268.0
20 10 340.0 250.0
20 11 319.0 263.0
20 12 308.0 277.0
20 13 343.0 340.0
20 14 357.0 351.0
20 15 368.0 245.0
20 16 340.0 170.0
21 8 292.0 158.0
21 9 352.0 280.0
21 10 341.0 262.0
21 11 320.0 274.0
21 12 308.0 288.0
21 13 339.0 359.0
21 14 354.0 369.0
21 15 370.0 260.0
21 16 339.0 183.0
22 8 282.0 152.0
22 9 351.0 292.0
22 10 341.0 273.0
22 11 320.0 285.0
22 12 310.0 298.0
22 13 333.0 385.0
22 14 356.0 390.0
22 15 371.0 275.0
22 16 341.0 197.0
23 9 351.0 303.0
23 10 340.0 286.0
23 11 320.0 295.0
23 12 310.0 308.0
23 13 330.0 405.0
23 14 353.0 410.0
23 15 372.0 290.0
23 16 343.0 210.0
24 9 349.0 315.0
24 10 341.0 297.0
24 11 321.0 306.0
24 12 311.0 319.0
24 13 327.0 427.0
24 14 351.0 430.0
24 15 372.0 306.0
24 16 345.0 223.0
25 9 349.0 328.0
25 10 340.0 308.0
25 11 321.0 317.0
25 12 312.0 330.0
25 13 330.0 449.0
25 14 350.0 449.0
25 15 371.0 323.0
25 16 346.0 238.0
