1 1 375.0 196.0
1 2 269.0 219.0
1 3 279.0 277.0
1 4 298.0 275.0
1 5 369.0 288.0
1 6 315.0 241.0
1 7 274.0 343.0
1 8 386.0 327.0
1 9 316.0 388.0
1 10 299.0 391.0
1 11 291.0 99.0
1 12 307.0 441.0
2 1 377.0 190.0
2 2 267.0 208.0
2 3 276.0 265.0
2 4 295.0 262.0
2 5 369.0 275.0
2 6 318.0 257.0
2 7 271.0 328.0
2 8 388.0 310.0
2 9 313.0 375.0
2 10 296.0 378.0
2 11 295.0 110.0
2 12 300.0 419.0
3 1 377.0 185.0
3 2 263.0 198.0
3 3 271.0 254.0
3 4 290.0 251.0
3 5 370.0 262.0
3 6 321.0 272.0
3 7 268.0 315.0
3 8 387.0 296.0
3 9 311.0 360.0
3 10 293.0 364.0
3 11 297.0 125.0
3 12 290.0 402.0
4 1 378.0 179.0
4 2 256.0 188.0
4 3 270.0 243.0
4 4 289.0 237.0
4 5 372.0 249.0
4 6 324.0 289.0
4 7 265.0 302.0
4 8 392.0 278.0
4 9 307.0 347.0
4 10 287.0 351.0
4 11 299.0 138.0
4 12 279.0 384.0
5 1 378.0 174.0
5 2 252.0 179.0
5 3 266.0 232.0
5 4 286.0 225.0
5 5 374.0 236.0
5 6 324.0 305.0
5 7 264.0 296.0
5 8 397.0 266.0
5 9 303.0 334.0
5 10 286.0 337.0
5 11 302.0 149.0
5 12 276.0 366.0
5 13 299.0 105.0
6 1 380.0 168.0
6 2 247.0 170.0
6 3 263.0 220.0
6 4 283.0 214.0
6 5 378.0 224.0
6 6 325.0 322.0
6 7 258.0 276.0
6 8 397.0 253.0
6 9 301.0 320.0
6 10 285.0 323.0
6 11 305.0 161.0
6 12 269.0 352.0
6 13 299.0 117.0
7 1 381.0 164.0
7 2 241.0 160.0
7 3 261.0 207.0
7 4 281.0 203.0
7 5 380.0 212.0
7 6 327.0 340.0
7 7 253.0 260.0
7 8 392.0 240.0
7 9 299.0 307.0
7 10 283.0 310.0
7 11 310.0 175.0
7 12 260.0 331.0
7 13 301.0 131.0
8 1 380.0 159.0
8 2 238.0 149.0
8 3 258.0 197.0
8 4 278.0 192.0
8 5 382.0 200.0
8 6 327.0 358.0
8 7 253.0 248.0
8 8 386.0 226.0
8 9 295.0 294.0
8 10 280.0 297.0
8 11 317.0 189.0
8 12 261.0 320.0
8 13 304.0 145.0
9 1 379.0 154.0
9 2 233.0 141.0
9 3 257.0 187.0
9 4 276.0 181.0
9 5 385.0 188.0
9 6 328.0 375.0
9 7 252.0 240.0
9 8 375.0 215.0
9 9 294.0 280.0
9 10 278.0 284.0
9 11 320.0 202.0
9 12 257.0 302.0
9 13 306.0 159.0
10 1 378.0 150.0
10 2 228.0 133.0
10 3 254.0 176.0
10 4 273.0 170.0
10 5 387.0 176.0
10 6 330.0 395.0
10 7 251.0 229.0
10 8 367.0 202.0
10 9 292.0 268.0
10 10 276.0 272.0
10 11 323.0 216.0
10 12 254.0 284.0
10 13 309.0 173.0
11 1 378.0 144.0
11 2 223.0 128.0
11 3 249.0 166.0
11 4 270.0 160.0
11 5 390.0 165.0
11 6 330.0 415.0
11 7 250.0 217.0
11 8 361.0 188.0
11 9 288.0 256.0
11 10 273.0 260.0
11 11 324.0 232.0
11 12 250.0 268.0
11 13 311.0 187.0
11 14 305.0 94.0
12 1 377.0 139.0
12 2 213.0 118.0
12 3 247.0 156.0
12 4 267.0 150.0
12 5 393.0 155.0
12 7 249.0 215.0
12 8 356.0 174.0
12 9 287.0 244.0
12 10 270.0 247.0
12 11 325.0 247.0
12 12 250.0 254.0
12 13 312.0 202.0
12 14 305.0 106.0
13 1 375.0 134.0
13 2 206.0 110.0
13 3 239.0 144.0
13 4 263.0 140.0
13 5 397.0 144.0
13 7 245.0 197.0
13 8 353.0 160.0
13 9 286.0 232.0
13 10 269.0 235.0
13 11 326.0 261.0
13 12 242.0 235.0
13 13 313.0 218.0
13 14 304.0 116.0
14 1 374.0 129.0
14 2 201.0 105.0
14 3 235.0 134.0
14 4 258.0 131.0
14 5 402.0 133.0
14 7 242.0 189.0
14 8 349.0 144.0
14 9 283.0 220.0
14 10 266.0 223.0
14 11 325.0 277.0
14 12 238.0 221.0
14 13 312.0 234.0
14 14 305.0 126.0
15 1 374.0 124.0
15 2 194.0 94.0
15 3 231.0 125.0
15 4 253.0 125.0
15 5 407.0 123.0
15 7 238.0 177.0
15 8 347.0 130.0
15 9 281.0 208.0
15 10 264.0 211.0
15 11 325.0 294.0
15 12 237.0 207.0
15 13 312.0 249.0
15 14 305.0 138.0
16 1 376.0 119.0
16 2 188.0 88.0
16 3 224.0 118.0
16 4 244.0 114.0
16 5 414.0 114.0
16 7 235.0 168.0
16 8 345.0 118.0
16 9 280.0 196.0
16 10 263.0 198.0
16 11 325.0 310.0
16 12 234.0 199.0
16 13 311.0 264.0
16 14 306.0 151.0
16 15 297.0 85.0
17 1 379.0 114.0
17 2 181.0 83.0
17 3 218.0 112.0
17 4 232.0 97.0
17 5 418.0 105.0
17 7 230.0 158.0
17 8 348.0 102.0
17 9 276.0 185.0
17 10 260.0 187.0
17 11 325.0 326.0
17 12 228.0 186.0
17 13 311.0 280.0
17 14 306.0 166.0
17 15 299.0 95.0
17 16 151.0 90.0
18 1 378.0 112.0
18 2 173.0 78.0
18 3 213.0 103.0
18 4 226.0 89.0
18 5 424.0 96.0
18 7 228.0 148.0
18 8 348.0 88.0
18 9 275.0 174.0
18 10 259.0 176.0
18 11 326.0 344.0
18 12 225.0 174.0
18 13 312.0 297.0
18 14 308.0 179.0
18 15 300.0 105.0
18 16 165.0 96.0
19 1 378.0 112.0
19 2 164.0 73.0
19 3 206.0 99.0
19 4 218.0 82.0
19 5 431.0 87.0
19 7 226.0 139.0
19 8 347.0 75.0
19 9 274.0 163.0
19 10 258.0 165.0
19 11 326.0 362.0
19 12 225.0 172.0
19 13 312.0 314.0
19 14 308.0 192.0
19 15 301.0 123.0
19 16 180.0 106.0
20 1 378.0 103.0
20 3 199.0 92.0
20 4 210.0 76.0
20 7 221.0 130.0
20 8 346.0 63.0
20 9 271.0 151.0
20 10 255.0 154.0
20 11 326.0 379.0
20 12 221.0 154.0
20 13 314.0 330.0
20 14 310.0 205.0
20 15 300.0 137.0
20 16 184.0 113.0
20 17 312.0 77.0
20 18 296.0 76.0
21 1 378.0 99.0
21 3 192.0 86.0
21 4 203.0 70.0
21 7 217.0 121.0
21 8 344.0 53.0
21 9 271.0 139.0
21 10 254.0 143.0
21 11 328.0 397.0
21 12 220.0 145.0
21 13 315.0 346.0
21 14 311.0 219.0
21 15 301.0 150.0
21 16 193.0 119.0
21 17 313.0 87.0
21 18 296.0 86.0
22 1 378.0 96.0
22 7 211.0 112.0
22 8 341.0 42.0
22 9 270.0 128.0
22 10 253.0 133.0
22 11 327.0 416.0
22 12 221.0 135.0
22 13 316.0 363.0
22 14 313.0 233.0
22 15 302.0 164.0
22 16 199.0 129.0
22 17 313.0 99.0
22 18 296.0 98.0
23 1 379.0 91.0
23 7 206.0 104.0
23 9 267.0 117.0
23 10 251.0 124.0
23 11 327.0 434.0
23 12 213.0 125.0
23 13 319.0 385.0
23 14 316.0 248.0
23 15 303.0 178.0
23 16 206.0 143.0
23 17 314.0 110.0
23 18 297.0 108.0
24 1 374.0 87.0
24 9 266.0 106.0
24 10 251.0 108.0
24 11 328.0 458.0
24 13 319.0 404.0
24 14 316.0 263.0
24 15 305.0 193.0
24 16 211.0 155.0
24 17 317.0 123.0
24 18 300.0 115.0
25 1 377.0 85.0
25 9 265.0 96.0
25 10 250.0 99.0
25 13 321.0 422.0
25 14 319.0 278.0
25 15 303.0 207.0
25 16 226.0 163.0
25 17 318.0 135.0
25 18 298.0 134.0
