1 1 373.0 94.0
1 2 380.0 249.0
1 3 279.0 306.0
1 4 340.0 354.0
1 5 353.0 161.0
1 6 314.0 151.0
1 7 288.0 156.0
2 1 373.0 94.0
2 2 377.0 263.0
2 3 283.0 320.0
2 4 342.0 333.0
2 5 355.0 175.0
2 6 314.0 165.0
2 7 289.0 167.0
2 8 287.0 125.0
2 9 301.0 118.0
2 10 319.0 110.0
2 11 333.0 96.0
2 12 343.0 102.0
3 1 365.0 87.0
3 2 374.0 278.0
3 3 289.0 334.0
3 4 341.0 313.0
3 5 356.0 188.0
3 6 316.0 177.0
3 7 291.0 179.0
3 8 288.0 136.0
3 9 301.0 129.0
3 10 322.0 126.0
3 11 335.0 111.0
3 12 348.0 117.0
4 1 365.0 87.0
4 2 371.0 292.0
4 3 295.0 349.0
4 4 342.0 294.0
4 5 359.0 200.0
4 6 318.0 189.0
4 7 292.0 191.0
4 8 287.0 148.0
4 9 299.0 141.0
4 10 323.0 140.0
4 11 335.0 121.0
4 12 351.0 130.0
5 1 365.0 87.0
5 2 367.0 306.0
5 3 301.0 363.0
5 4 343.0 275.0
5 5 363.0 213.0
5 6 319.0 203.0
5 7 293.0 203.0
5 8 288.0 160.0
5 9 300.0 153.0
5 10 324.0 154.0
5 11 335.0 136.0
5 12 353.0 143.0
6 1 365.0 87.0
6 2 364.0 321.0
6 3 306.0 378.0
6 4 344.0 256.0
6 5 364.0 227.0
6 6 321.0 217.0
6 7 294.0 216.0
6 8 288.0 171.0
6 9 300.0 164.0
6 10 325.0 169.0
6 11 334.0 150.0
6 12 356.0 157.0
7 1 365.0 87.0
7 2 359.0 336.0
7 3 310.0 394.0
7 4 347.0 239.0
7 5 364.0 240.0
7 6 321.0 230.0
7 7 295.0 230.0
7 8 287.0 183.0
7 9 299.0 176.0
7 10 325.0 184.0
7 11 333.0 165.0
7 12 359.0 171.0
8 1 365.0 87.0
8 2 354.0 352.0
8 3 315.0 411.0
8 4 346.0 222.0
8 5 364.0 254.0
8 6 321.0 243.0
8 7 297.0 244.0
8 8 289.0 197.0
8 9 299.0 193.0
8 10 326.0 200.0
8 11 331.0 180.0
8 12 364.0 185.0
9 1 365.0 87.0
9 2 350.0 367.0
9 3 318.0 428.0
9 4 347.0 204.0
9 5 362.0 269.0
9 6 323.0 258.0
9 7 299.0 257.0
9 8 287.0 210.0
9 9 297.0 206.0
9 10 326.0 216.0
9 11 331.0 196.0
9 12 368.0 201.0
10 1 365.0 87.0
10 2 345.0 383.0
10 3 326.0 452.0
10 4 346.0 186.0
10 5 360.0 282.0
10 6 323.0 272.0
10 7 303.0 273.0
10 8 288.0 222.0
10 9 298.0 218.0
10 10 327.0 232.0
10 11 333.0 213.0
10 12 370.0 217.0
11 1 365.0 87.0
11 2 342.0 398.0
11 4 343.0 169.0
11 5 361.0 297.0
11 6 323.0 286.0
11 7 305.0 287.0
11 8 289.0 234.0
11 9 299.0 230.0
11 10 328.0 248.0
11 11 336.0 229.0
11 12 370.0 234.0
12 1 367.0 86.0
12 2 337.0 411.0
12 4 341.0 154.0
12 5 361.0 312.0
12 6 324.0 301.0
12 7 307.0 301.0
12 8 288.0 247.0
12 9 299.0 243.0
12 10 329.0 264.0
12 11 339.0 246.0
12 12 368.0 250.0
12 13 333.0 99.0
12 14 344.0 78.0
12 15 382.0 77.0
12 16 397.0 80.0
13 1 365.0 85.0
13 2 333.0 426.0
13 4 339.0 140.0
13 5 362.0 327.0
13 6 323.0 316.0
13 7 308.0 314.0
13 8 290.0 260.0
13 9 301.0 256.0
13 10 331.0 280.0
13 11 341.0 262.0
13 12 367.0 267.0
13 13 331.0 111.0
13 14 346.0 88.0
13 15 383.0 89.0
13 16 398.0 90.0
14 1 365.0 85.0
14 2 332.0 441.0
14 4 340.0 127.0
14 5 365.0 342.0
14 6 324.0 330.0
14 7 309.0 328.0
14 8 290.0 273.0
14 9 301.0 269.0
14 10 332.0 297.0
14 11 342.0 279.0
14 12 366.0 283.0
14 13 328.0 119.0
14 14 348.0 98.0
14 15 381.0 99.0
14 16 396.0 101.0
15 1 368.0 87.0
15 4 337.0 110.0
15 5 362.0 359.0
15 6 326.0 345.0
15 7 309.0 344.0
15 8 291.0 287.0
15 9 302.0 283.0
15 10 335.0 314.0
15 11 342.0 295.0
15 12 367.0 300.0
15 13 323.0 130.0
15 14 353.0 110.0
15 15 378.0 110.0
15 16 395.0 112.0
15 17 374.0 431.0
16 1 366.0 83.0
16 4 338.0 95.0
16 5 359.0 377.0
16 6 326.0 362.0
16 7 307.0 361.0
16 8 293.0 304.0
16 9 304.0 297.0
16 10 337.0 332.0
16 11 345.0 311.0
16 12 367.0 318.0
16 13 322.0 146.0
16 14 355.0 125.0
16 15 376.0 121.0
16 16 393.0 124.0
16 17 374.0 408.0
17 1 366.0 83.0
17 4 340.0 82.0
17 5 356.0 395.0
17 6 328.0 377.0
17 7 307.0 379.0
17 8 293.0 319.0
17 9 304.0 312.0
17 10 340.0 351.0
17 11 346.0 328.0
17 12 367.0 336.0
17 13 327.0 159.0
17 14 353.0 138.0
17 15 373.0 133.0
17 16 391.0 135.0
17 17 380.0 388.0
18 1 366.0 83.0
18 5 352.0 414.0
18 6 331.0 392.0
18 7 308.0 395.0
18 8 295.0 334.0
18 9 307.0 327.0
18 10 342.0 369.0
18 11 347.0 346.0
18 12 366.0 353.0
18 13 326.0 166.0
18 14 351.0 151.0
18 15 372.0 144.0
18 16 390.0 147.0
18 17 388.0 364.0
18 18 269.0 105.0
19 1 366.0 83.0
19 5 350.0 433.0
19 6 332.0 408.0
19 7 310.0 410.0
19 8 296.0 348.0
19 9 308.0 341.0
19 10 343.0 386.0
19 11 347.0 363.0
19 12 368.0 369.0
19 13 326.0 183.0
19 14 349.0 164.0
19 15 370.0 155.0
19 16 387.0 159.0
19 17 376.0 342.0
19 18 273.0 119.0
20 1 366.0 83.0
20 6 335.0 423.0
20 7 312.0 423.0
20 8 297.0 363.0
20 9 309.0 356.0
20 10 344.0 402.0
20 11 347.0 379.0
20 12 368.0 386.0
20 13 327.0 197.0
20 14 348.0 179.0
20 15 368.0 167.0
20 16 385.0 170.0
20 17 365.0 321.0
20 18 276.0 131.0
20 19 230.0 163.0
21 1 366.0 83.0
21 6 335.0 444.0
21 7 315.0 435.0
21 8 300.0 378.0
21 9 312.0 371.0
21 10 342.0 422.0
21 11 345.0 394.0
21 12 362.0 409.0
21 13 329.0 208.0
21 14 344.0 190.0
21 15 369.0 182.0
21 16 384.0 182.0
21 17 349.0 299.0
21 18 280.0 142.0
21 19 237.0 174.0
22 1 366.0 83.0
22 7 320.0 449.0
22 8 301.0 393.0
22 9 313.0 386.0
22 10 343.0 436.0
22 11 343.0 408.0
22 12 360.0 422.0
22 13 334.0 219.0
22 14 342.0 203.0
22 15 366.0 195.0
22 16 380.0 195.0
22 17 330.0 275.0
22 18 284.0 153.0
22 19 245.0 188.0
23 1 366.0 83.0
23 8 305.0 407.0
23 9 317.0 400.0
23 10 344.0 447.0
23 11 342.0 421.0
23 12 361.0 432.0
23 13 330.0 237.0
23 14 341.0 210.0
23 15 365.0 207.0
23 16 379.0 207.0
23 17 310.0 251.0
23 18 288.0 164.0
23 19 245.0 203.0
24 1 366.0 83.0
24 8 308.0 419.0
24 9 321.0 412.0
24 11 340.0 433.0
24 12 361.0 447.0
24 13 332.0 249.0
24 14 339.0 222.0
24 15 362.0 219.0
24 16 378.0 219.0
24 17 291.0 226.0
24 18 293.0 176.0
24 19 249.0 212.0
25 1 366.0 83.0
25 8 310.0 431.0
25 9 323.0 424.0
25 11 337.0 452.0
25 13 335.0 263.0
25 14 337.0 235.0
25 15 359.0 231.0
25 16 375.0 232.0
25 17 274.0 200.0
25 18 297.0 189.0
25 19 255.0 231.0
