1 1 366.0 83.0
1 2 312.0 442.0
1 3 327.0 434.0
1 4 331.0 280.0
1 5 340.0 248.0
1 6 360.0 242.0
1 7 374.0 246.0
1 8 258.0 175.0
1 9 301.0 202.0
1 10 260.0 245.0
2 1 367.0 91.0
2 2 315.0 450.0
2 3 332.0 447.0
2 4 328.0 293.0
2 5 337.0 264.0
2 6 357.0 255.0
2 7 371.0 259.0
2 8 242.0 151.0
2 9 303.0 215.0
2 10 263.0 260.0
3 1 367.0 91.0
3 2 313.0 453.0
3 4 326.0 309.0
3 5 330.0 277.0
3 6 355.0 268.0
3 7 368.0 272.0
3 8 226.0 128.0
3 9 305.0 228.0
3 10 268.0 277.0
4 1 361.0 93.0
4 4 325.0 325.0
4 5 328.0 291.0
4 6 353.0 281.0
4 7 366.0 285.0
4 8 206.0 108.0
4 9 307.0 241.0
4 10 269.0 293.0
5 1 361.0 93.0
5 4 326.0 341.0
5 5 329.0 305.0
5 6 351.0 294.0
5 7 364.0 298.0
5 8 187.0 88.0
5 9 309.0 255.0
5 10 272.0 309.0
6 1 360.0 96.0
6 4 325.0 358.0
6 5 321.0 317.0
6 6 350.0 306.0
6 7 362.0 311.0
6 9 312.0 269.0
6 10 275.0 325.0
7 1 361.0 101.0
7 4 327.0 373.0
7 5 323.0 330.0
7 6 348.0 319.0
7 7 364.0 328.0
7 9 314.0 282.0
7 10 285.0 342.0
8 1 363.0 107.0
8 4 330.0 391.0
8 5 322.0 342.0
8 6 346.0 332.0
8 7 362.0 342.0
8 9 316.0 296.0
8 10 290.0 359.0
9 1 361.0 110.0
9 4 332.0 409.0
9 5 320.0 355.0
9 6 345.0 345.0
9 7 361.0 355.0
9 9 318.0 310.0
9 10 294.0 378.0
10 1 361.0 116.0
10 4 330.0 425.0
10 5 319.0 369.0
10 6 343.0 358.0
10 7 360.0 369.0
10 9 319.0 325.0
10 10 302.0 392.0
11 1 364.0 121.0
11 4 330.0 446.0
11 5 312.0 380.0
11 6 342.0 371.0
11 7 358.0 382.0
11 9 321.0 340.0
11 10 307.0 411.0
12 1 365.0 125.0
12 5 316.0 394.0
12 6 340.0 383.0
12 7 356.0 394.0
12 9 323.0 354.0
12 10 314.0 428.0
13 1 364.0 131.0
13 5 315.0 406.0
13 6 338.0 395.0
13 7 355.0 406.0
13 9 325.0 368.0
13 10 319.0 447.0
14 1 364.0 136.0
14 5 313.0 420.0
14 6 338.0 406.0
14 7 354.0 417.0
14 9 326.0 379.0
14 10 323.0 449.0
15 1 365.0 141.0
16 1 367.0 146.0
17 1 367.0 150.0
18 1 365.0 156.0
19 1 365.0 159.0
20 1 367.0 164.0
21 1 369.0 169.0
22 1 369.0 174.0
23 1 369.0 179.0
24 1 370.0 183.0
25 1 373.0 188.0
