1 1 363.0 202.0
1 2 333.0 218.0
1 3 353.0 221.0
2 1 362.0 189.0
2 2 334.0 203.0
2 3 351.0 206.0
3 1 362.0 175.0
3 2 333.0 189.0
3 3 351.0 191.0
3 4 347.0 373.0
3 5 365.0 63.0
3 6 317.0 34.0
3 7 297.0 33.0
4 1 361.0 162.0
4 2 332.0 175.0
4 3 349.0 177.0
4 4 344.0 357.0
4 5 364.0 66.0
4 6 315.0 47.0
4 7 295.0 43.0
5 1 361.0 150.0
5 2 332.0 162.0
5 3 348.0 164.0
5 4 338.0 342.0
5 5 363.0 69.0
5 6 313.0 59.0
5 7 295.0 58.0
6 1 360.0 137.0
6 2 331.0 148.0
6 3 348.0 150.0
6 4 332.0 327.0
6 5 363.0 69.0
6 6 312.0 71.0
6 7 293.0 70.0
7 1 357.0 124.0
7 2 332.0 135.0
7 3 347.0 137.0
7 4 324.0 313.0
7 5 368.0 76.0
7 6 310.0 84.0
7 7 292.0 83.0
8 1 357.0 117.0
8 2 332.0 122.0
8 3 347.0 124.0
8 4 315.0 300.0
8 5 370.0 80.0
8 6 309.0 98.0
8 7 292.0 96.0
9 1 357.0 105.0
9 2 332.0 110.0
9 3 347.0 112.0
9 4 307.0 287.0
9 5 370.0 85.0
9 6 308.0 112.0
9 7 288.0 111.0
10 1 346.0 103.0
10 2 331.0 97.0
10 3 355.0 91.0
10 4 297.0 275.0
10 5 374.0 87.0
10 6 311.0 124.0
10 7 288.0 125.0
11 1 346.0 91.0
11 2 331.0 84.0
11 3 355.0 79.0
11 4 289.0 263.0
11 5 374.0 87.0
11 6 313.0 137.0
11 7 289.0 139.0
12 1 346.0 80.0
12 2 331.0 73.0
12 3 354.0 68.0
12 4 280.0 252.0
12 5 374.0 87.0
12 6 314.0 151.0
12 7 290.0 153.0
13 4 269.0 239.0
13 5 376.0 97.0
13 6 312.0 169.0
13 7 291.0 167.0
14 4 263.0 227.0
14 5 376.0 97.0
14 6 313.0 184.0
14 7 292.0 181.0
15 4 256.0 217.0
15 5 376.0 97.0
15 6 314.0 199.0
15 7 293.0 196.0
16 4 253.0 206.0
16 5 376.0 102.0
16 6 314.0 214.0
16 7 293.0 212.0
17 4 249.0 195.0
17 5 374.0 104.0
17 6 314.0 229.0
17 7 293.0 227.0
18 4 243.0 184.0
18 5 374.0 104.0
18 6 315.0 245.0
18 7 293.0 243.0
19 4 239.0 171.0
19 5 373.0 108.0
19 6 316.0 261.0
19 7 294.0 258.0
19 8 290.0 99.0
19 9 309.0 430.0
20 4 232.0 162.0
20 5 373.0 108.0
20 6 318.0 278.0
20 7 296.0 275.0
20 8 289.0 112.0
20 9 301.0 410.0
21 4 226.0 152.0
21 5 373.0 108.0
21 6 321.0 294.0
21 7 296.0 296.0
21 8 289.0 125.0
21 9 295.0 391.0
22 4 220.0 142.0
22 5 373.0 108.0
22 6 324.0 309.0
22 7 299.0 313.0
22 8 290.0 137.0
22 9 287.0 373.0
22 10 198.0 103.0
23 4 212.0 137.0
23 5 373.0 108.0
23 6 328.0 329.0
23 7 301.0 330.0
23 8 291.0 150.0
23 9 282.0 354.0
23 10 207.0 110.0
24 4 208.0 126.0
24 5 368.0 98.0
24 6 331.0 346.0
24 7 304.0 347.0
24 8 293.0 163.0
24 9 276.0 336.0
24 10 218.0 115.0
25 4 199.0 118.0
25 5 368.0 98.0
25 6 334.0 364.0
25 7 307.0 365.0
25 8 295.0 176.0
25 9 272.0 319.0
25 10 227.0 127.0
