1 1 333.0 452.0
1 2 305.0 343.0
1 3 379.0 89.0
1 4 290.0 298.0
1 5 307.0 114.0
2 2 309.0 363.0
2 3 379.0 89.0
2 4 293.0 313.0
2 5 312.0 128.0
3 2 311.0 380.0
3 3 376.0 88.0
3 4 297.0 328.0
3 5 313.0 141.0
4 2 315.0 397.0
4 3 376.0 88.0
4 4 300.0 344.0
4 5 313.0 155.0
5 2 318.0 415.0
5 3 379.0 92.0
5 4 303.0 359.0
5 5 316.0 169.0
6 2 320.0 434.0
6 3 382.0 94.0
6 4 307.0 375.0
6 5 317.0 184.0
7 2 325.0 451.0
7 3 383.0 99.0
7 4 310.0 392.0
7 5 320.0 198.0
8 3 383.0 99.0
8 4 314.0 408.0
8 5 322.0 209.0
9 3 383.0 106.0
9 4 319.0 425.0
9 5 323.0 224.0
9 6 479.0 72.0
9 7 198.0 114.0
10 3 383.0 106.0
10 4 326.0 447.0
10 5 324.0 239.0
10 6 469.0 75.0
10 7 205.0 121.0
11 3 380.0 110.0
11 5 326.0 256.0
11 6 455.0 84.0
11 7 214.0 130.0
12 3 380.0 110.0
12 5 328.0 272.0
12 6 447.0 90.0
12 7 221.0 138.0
13 3 380.0 110.0
13 5 327.0 288.0
13 6 434.0 99.0
13 7 226.0 148.0
14 3 380.0 110.0
14 5 327.0 305.0
14 6 425.0 108.0
14 7 231.0 158.0
15 3 380.0 110.0
15 5 326.0 322.0
15 6 420.0 115.0
15 7 238.0 168.0
16 3 380.0 110.0
16 5 323.0 340.0
16 6 415.0 124.0
16 7 242.0 180.0
17 3 380.0 110.0
17 5 321.0 358.0
17 6 409.0 133.0
17 7 247.0 190.0
18 3 380.0 110.0
18 5 318.0 376.0
18 6 403.0 144.0
18 7 250.0 201.0
19 3 380.0 110.0
19 5 316.0 395.0
19 6 399.0 155.0
19 7 256.0 215.0
20 3 380.0 110.0
20 5 316.0 414.0
20 6 393.0 168.0
20 7 260.0 227.0
21 3 380.0 110.0
21 5 318.0 436.0
21 6 392.0 184.0
21 7 262.0 239.0
22 3 374.0 102.0
22 6 388.0 195.0
22 7 265.0 251.0
23 3 374.0 102.0
23 6 386.0 209.0
23 7 268.0 264.0
23 8 335.0 423.0
23 9 348.0 124.0
23 10 312.0 116.0
23 11 286.0 122.0
24 3 374.0 102.0
24 6 384.0 221.0
24 7 271.0 278.0
24 8 340.0 398.0
24 9 350.0 137.0
24 10 313.0 128.0
24 11 286.0 133.0
25 3 373.0 94.0
25 6 381.0 235.0
25 7 275.0 292.0
25 8 340.0 376.0
25 9 352.0 148.0
25 10 313.0 139.0
25 11 287.0 145.0
