1 1 366.0 79.0
1 2 269.0 274.0
1 3 320.0 272.0
1 4 349.0 251.0
2 1 366.0 79.0
2 2 273.0 296.0
2 3 322.0 291.0
2 4 347.0 268.0
3 1 366.0 79.0
3 2 278.0 314.0
3 3 323.0 305.0
3 4 348.0 282.0
4 1 366.0 79.0
4 2 282.0 332.0
4 3 323.0 320.0
4 4 346.0 297.0
5 1 366.0 79.0
5 2 286.0 352.0
5 3 324.0 336.0
5 4 347.0 312.0
5 5 350.0 453.0
6 1 366.0 79.0
6 2 291.0 372.0
6 3 323.0 352.0
6 4 346.0 325.0
6 5 356.0 431.0
7 1 366.0 79.0
7 2 296.0 393.0
7 3 323.0 368.0
7 4 344.0 339.0
7 5 359.0 414.0
7 6 336.0 154.0
7 7 350.0 151.0
8 1 366.0 79.0
8 2 303.0 414.0
8 3 324.0 384.0
8 4 343.0 354.0
8 5 363.0 397.0
8 6 337.0 172.0
8 7 351.0 168.0
9 1 366.0 79.0
9 2 313.0 438.0
9 3 324.0 402.0
9 4 340.0 369.0
9 5 365.0 380.0
9 6 336.0 188.0
9 7 351.0 184.0
10 1 366.0 79.0
10 3 326.0 419.0
10 4 337.0 384.0
10 5 366.0 363.0
10 6 336.0 204.0
10 7 351.0 200.0
11 1 362.0 72.0
11 3 328.0 436.0
11 4 336.0 400.0
11 5 368.0 346.0
11 6 336.0 220.0
11 7 351.0 217.0
12 1 362.0 72.0
12 5 369.0 329.0
12 6 335.0 237.0
12 7 350.0 235.0
13 1 362.0 72.0
13 5 372.0 312.0
13 6 335.0 254.0
13 7 350.0 253.0
14 1 362.0 72.0
14 5 373.0 296.0
14 6 335.0 271.0
14 7 348.0 269.0
15 1 361.0 61.0
15 5 374.0 280.0
15 6 334.0 288.0
15 7 347.0 286.0
15 8 244.0 170.0
15 9 308.0 79.0
15 10 286.0 75.0
16 1 360.0 59.0
16 5 373.0 264.0
16 6 329.0 306.0
16 7 346.0 302.0
16 8 250.0 185.0
16 9 308.0 88.0
16 10 287.0 85.0
17 1 358.0 56.0
17 5 372.0 249.0
17 6 326.0 323.0
17 7 347.0 320.0
17 8 254.0 195.0
17 9 306.0 101.0
17 10 287.0 94.0
18 1 357.0 54.0
18 5 371.0 234.0
18 6 325.0 341.0
18 7 347.0 340.0
18 8 260.0 210.0
18 9 307.0 109.0
18 10 285.0 105.0
19 1 358.0 52.0
19 5 368.0 219.0
19 6 326.0 360.0
19 7 346.0 359.0
19 8 266.0 223.0
19 9 310.0 118.0
19 10 287.0 115.0
20 1 359.0 52.0
20 5 366.0 204.0
20 6 326.0 379.0
20 7 346.0 380.0
20 8 271.0 237.0
20 9 308.0 128.0
20 10 288.0 128.0
21 1 359.0 52.0
21 5 363.0 190.0
21 6 325.0 403.0
21 7 345.0 402.0
21 8 276.0 252.0
21 9 309.0 137.0
21 10 289.0 139.0
22 1 359.0 52.0
22 5 361.0 176.0
22 6 327.0 421.0
22 7 344.0 422.0
22 8 280.0 266.0
22 9 310.0 147.0
22 10 291.0 149.0
23 1 359.0 52.0
23 5 357.0 163.0
23 6 331.0 439.0
23 7 346.0 443.0
23 8 283.0 281.0
23 9 310.0 158.0
23 10 290.0 160.0
24 1 359.0 52.0
24 5 355.0 149.0
24 6 326.0 452.0
24 7 345.0 452.0
24 8 286.0 296.0
24 9 312.0 168.0
24 10 293.0 170.0
25 1 359.0 52.0
25 5 352.0 136.0
25 8 289.0 313.0
25 9 312.0 179.0
25 10 294.0 180.0
