1 1 368.0 98.0
1 2 335.0 380.0
1 3 309.0 383.0
1 4 294.0 188.0
1 5 269.0 302.0
1 6 234.0 137.0
2 1 368.0 98.0
2 2 337.0 396.0
2 3 312.0 400.0
2 4 297.0 203.0
2 5 265.0 286.0
2 6 241.0 147.0
3 1 372.0 97.0
3 2 340.0 412.0
3 3 316.0 417.0
3 4 300.0 220.0
3 5 262.0 269.0
3 6 246.0 159.0
4 1 372.0 97.0
4 2 341.0 425.0
4 3 319.0 430.0
4 4 301.0 234.0
4 5 258.0 253.0
4 6 252.0 170.0
5 1 372.0 97.0
5 4 302.0 248.0
5 5 256.0 238.0
5 6 258.0 181.0
6 1 372.0 97.0
6 4 303.0 263.0
6 5 252.0 223.0
6 6 264.0 193.0
7 1 372.0 97.0
7 4 305.0 278.0
7 5 250.0 206.0
7 6 270.0 205.0
8 1 372.0 97.0
8 4 305.0 294.0
8 5 245.0 192.0
8 6 274.0 217.0
9 1 372.0 97.0
9 4 305.0 310.0
9 5 243.0 178.0
9 6 279.0 230.0
10 1 372.0 97.0
10 4 304.0 326.0
10 5 242.0 163.0
10 6 282.0 243.0
10 7 149.0 92.0
11 1 372.0 97.0
11 4 302.0 342.0
11 5 238.0 149.0
11 6 284.0 257.0
11 7 159.0 96.0
12 1 376.0 87.0
12 4 301.0 359.0
12 5 234.0 136.0
12 6 287.0 272.0
12 7 170.0 100.0
13 1 376.0 87.0
13 4 297.0 376.0
13 5 230.0 123.0
13 6 288.0 288.0
13 7 182.0 105.0
14 1 376.0 87.0
14 4 296.0 394.0
14 5 224.0 111.0
14 6 290.0 305.0
14 7 194.0 113.0
15 1 368.0 84.0
15 4 295.0 411.0
15 5 214.0 101.0
15 6 291.0 322.0
15 7 208.0 119.0
15 8 316.0 119.0
15 9 340.0 103.0
16 1 368.0 84.0
16 4 299.0 430.0
16 5 205.0 92.0
16 6 293.0 338.0
16 7 220.0 130.0
16 8 316.0 132.0
16 9 343.0 116.0
17 1 368.0 84.0
17 4 306.0 448.0
17 6 297.0 353.0
17 7 223.0 143.0
17 8 317.0 144.0
17 9 341.0 131.0
18 1 368.0 84.0
18 6 302.0 373.0
18 7 229.0 156.0
18 8 318.0 157.0
18 9 342.0 143.0
19 1 366.0 79.0
19 6 307.0 389.0
19 7 234.0 168.0
19 8 318.0 170.0
19 9 343.0 156.0
20 1 366.0 79.0
20 6 309.0 407.0
20 7 241.0 181.0
20 8 319.0 184.0
20 9 345.0 170.0
21 1 366.0 79.0
21 6 316.0 426.0
21 7 245.0 198.0
21 8 319.0 199.0
21 9 350.0 181.0
22 1 366.0 79.0
22 6 319.0 445.0
22 7 252.0 217.0
22 8 320.0 213.0
22 9 351.0 194.0
23 1 366.0 79.0
23 7 252.0 225.0
23 8 319.0 228.0
23 9 351.0 207.0
24 1 366.0 79.0
24 7 258.0 242.0
24 8 319.0 242.0
24 9 350.0 222.0
25 1 366.0 79.0
25 7 264.0 257.0
25 8 320.0 257.0
25 9 351.0 237.0
