1 1 377.0 85.0
1 2 322.0 442.0
1 3 319.0 299.0
1 4 305.0 220.0
1 5 230.0 174.0
1 6 320.0 148.0
1 7 300.0 145.0
2 1 377.0 85.0
2 3 321.0 314.0
2 4 306.0 236.0
2 5 240.0 187.0
2 6 321.0 160.0
2 7 300.0 158.0
3 1 381.0 83.0
3 3 321.0 330.0
3 4 305.0 252.0
3 5 249.0 199.0
3 6 323.0 172.0
3 7 303.0 171.0
4 1 381.0 83.0
4 3 320.0 347.0
4 4 309.0 266.0
4 5 257.0 214.0
4 6 325.0 184.0
4 7 304.0 183.0
5 1 381.0 83.0
5 3 321.0 364.0
5 4 313.0 279.0
5 5 263.0 228.0
5 6 326.0 197.0
5 7 304.0 196.0
6 1 381.0 83.0
6 3 321.0 382.0
6 4 316.0 295.0
6 5 269.0 243.0
6 6 328.0 210.0
6 7 307.0 208.0
7 1 374.0 84.0
7 3 321.0 398.0
7 4 319.0 312.0
7 5 275.0 259.0
7 6 329.0 223.0
7 7 307.0 222.0
8 1 374.0 84.0
8 3 318.0 415.0
8 4 319.0 328.0
8 5 282.0 275.0
8 6 329.0 236.0
8 7 308.0 235.0
9 1 374.0 84.0
9 3 315.0 430.0
9 4 318.0 344.0
9 5 285.0 292.0
9 6 331.0 250.0
9 7 311.0 248.0
10 1 374.0 84.0
10 3 315.0 445.0
10 4 318.0 361.0
10 5 290.0 309.0
10 6 337.0 268.0
10 7 313.0 263.0
10 8 351.0 452.0
11 1 365.0 77.0
11 4 316.0 379.0
11 5 295.0 327.0
11 6 338.0 281.0
11 7 315.0 276.0
11 8 358.0 427.0
12 1 365.0 77.0
12 4 314.0 396.0
12 5 298.0 346.0
12 6 341.0 295.0
12 7 317.0 289.0
12 8 362.0 410.0
13 1 365.0 77.0
13 4 313.0 414.0
13 5 304.0 362.0
13 6 342.0 309.0
13 7 316.0 304.0
13 8 368.0 394.0
13 9 350.0 429.0
13 10 337.0 438.0
14 1 365.0 77.0
14 4 313.0 432.0
14 5 308.0 380.0
14 6 343.0 322.0
14 7 318.0 319.0
14 8 371.0 378.0
14 9 351.0 413.0
14 10 341.0 416.0
15 1 365.0 77.0
15 4 321.0 458.0
15 5 311.0 403.0
15 6 348.0 333.0
15 7 319.0 333.0
15 8 370.0 364.0
15 9 356.0 391.0
15 10 338.0 403.0
16 1 362.0 67.0
16 5 317.0 421.0
16 6 335.0 342.0
16 7 317.0 348.0
16 8 372.0 349.0
16 9 359.0 374.0
16 10 344.0 389.0
17 1 362.0 67.0
17 5 321.0 440.0
17 6 334.0 354.0
17 7 318.0 364.0
17 8 372.0 333.0
17 9 359.0 356.0
17 10 350.0 373.0
18 1 362.0 67.0
18 6 333.0 369.0
18 7 317.0 380.0
18 8 370.0 317.0
18 9 357.0 339.0
18 10 351.0 357.0
19 1 362.0 67.0
19 6 333.0 384.0
19 7 317.0 396.0
19 8 371.0 302.0
19 9 351.0 324.0
19 10 350.0 341.0
20 6 335.0 400.0
20 7 318.0 413.0
20 8 370.0 287.0
20 9 347.0 308.0
20 10 354.0 325.0
21 6 334.0 414.0
21 7 316.0 431.0
21 8 369.0 272.0
21 9 342.0 293.0
21 10 356.0 308.0
22 6 331.0 428.0
22 7 320.0 450.0
22 8 369.0 258.0
22 9 339.0 277.0
22 10 361.0 289.0
23 8 367.0 244.0
23 9 337.0 262.0
23 10 362.0 271.0
24 8 365.0 229.0
24 9 333.0 248.0
24 10 359.0 255.0
25 8 365.0 215.0
25 9 334.0 233.0
25 10 354.0 236.0
