1 1 359.0 52.0
1 2 348.0 123.0
1 3 292.0 330.0
1 4 311.0 191.0
1 5 294.0 191.0
2 1 359.0 52.0
2 3 296.0 346.0
2 4 311.0 202.0
2 5 294.0 201.0
2 6 356.0 440.0
3 1 359.0 52.0
3 3 299.0 364.0
3 4 310.0 213.0
3 5 291.0 211.0
3 6 356.0 421.0
4 1 358.0 53.0
4 3 303.0 381.0
4 4 310.0 225.0
4 5 290.0 222.0
4 6 356.0 404.0
5 1 358.0 53.0
5 3 307.0 399.0
5 4 311.0 237.0
5 5 289.0 232.0
5 6 356.0 387.0
6 1 359.0 52.0
6 3 312.0 418.0
6 4 309.0 249.0
6 5 286.0 243.0
6 6 354.0 369.0
7 1 360.0 51.0
7 3 318.0 435.0
7 4 308.0 261.0
7 5 288.0 254.0
7 6 353.0 352.0
8 1 360.0 50.0
8 4 310.0 277.0
8 5 288.0 265.0
8 6 350.0 336.0
8 7 391.0 146.0
9 1 360.0 49.0
9 4 310.0 289.0
9 5 289.0 276.0
9 6 347.0 320.0
9 7 387.0 159.0
10 1 359.0 47.0
10 4 308.0 304.0
10 5 292.0 286.0
10 6 342.0 306.0
10 7 386.0 173.0
11 1 358.0 45.0
11 4 309.0 318.0
11 5 291.0 298.0
11 6 333.0 288.0
11 7 383.0 187.0
12 1 358.0 43.0
12 4 308.0 331.0
12 5 291.0 311.0
12 6 328.0 273.0
12 7 380.0 201.0
13 1 359.0 41.0
13 4 308.0 343.0
13 5 292.0 324.0
13 6 322.0 259.0
13 7 378.0 216.0
14 1 361.0 38.0
14 4 308.0 358.0
14 5 288.0 337.0
14 6 318.0 245.0
14 7 375.0 232.0
15 1 362.0 36.0
15 4 306.0 372.0
15 5 292.0 348.0
15 6 316.0 233.0
15 7 373.0 248.0
15 8 186.0 101.0
15 9 195.0 90.0
16 1 362.0 34.0
16 4 306.0 384.0
16 5 292.0 360.0
16 6 312.0 220.0
16 7 369.0 264.0
16 8 192.0 105.0
16 9 201.0 95.0
17 1 362.0 32.0
17 4 305.0 400.0
17 5 291.0 371.0
17 6 307.0 207.0
17 7 365.0 279.0
17 8 198.0 111.0
17 9 207.0 100.0
18 1 363.0 30.0
18 4 301.0 414.0
18 5 293.0 382.0
18 6 301.0 194.0
18 7 363.0 295.0
18 8 205.0 116.0
18 9 214.0 106.0
19 1 366.0 28.0
19 4 296.0 427.0
19 5 289.0 391.0
19 6 296.0 181.0
19 7 359.0 312.0
19 8 207.0 116.0
19 9 216.0 106.0
20 1 368.0 28.0
20 4 297.0 438.0
20 5 287.0 400.0
20 6 289.0 170.0
20 7 356.0 329.0
20 8 209.0 116.0
20 9 224.0 108.0
21 1 370.0 27.0
21 4 295.0 443.0
21 5 288.0 408.0
21 6 284.0 158.0
21 7 354.0 345.0
21 8 210.0 116.0
21 9 226.0 112.0
22 1 372.0 23.0
22 4 298.0 443.0
22 5 283.0 414.0
22 6 277.0 147.0
22 7 353.0 362.0
22 8 214.0 125.0
22 9 227.0 112.0
22 10 337.0 448.0
23 1 376.0 33.0
23 4 300.0 443.0
23 5 283.0 418.0
23 6 270.0 136.0
23 7 354.0 380.0
23 8 214.0 125.0
23 9 227.0 112.0
23 10 333.0 424.0
24 1 382.0 45.0
24 4 299.0 443.0
24 5 284.0 420.0
24 6 262.0 126.0
24 7 351.0 402.0
24 8 214.0 125.0
24 9 228.0 112.0
24 10 332.0 409.0
25 1 391.0 56.0
25 4 299.0 443.0
25 5 283.0 425.0
25 6 253.0 120.0
25 7 349.0 424.0
25 8 214.0 125.0
25 9 236.0 107.0
25 10 332.0 394.0
