1 1 328.0 443.0
1 2 316.0 387.0
1 3 286.0 323.0
1 4 343.0 120.0
1 5 357.0 119.0
1 6 361.0 247.0
2 1 329.0 455.0
2 2 317.0 401.0
2 3 290.0 340.0
2 4 344.0 125.0
2 5 358.0 124.0
2 6 350.0 262.0
3 2 317.0 414.0
3 3 296.0 357.0
3 4 344.0 129.0
3 5 358.0 128.0
3 6 351.0 274.0
4 2 318.0 428.0
4 3 299.0 375.0
4 4 342.0 134.0
4 5 356.0 134.0
4 6 341.0 288.0
5 2 320.0 442.0
5 3 303.0 392.0
5 4 342.0 139.0
5 5 356.0 139.0
5 6 342.0 296.0
6 2 326.0 446.0
6 3 307.0 409.0
6 4 343.0 145.0
6 5 357.0 145.0
6 6 338.0 309.0
7 3 312.0 426.0
7 4 341.0 150.0
7 5 355.0 150.0
7 6 331.0 324.0
8 3 317.0 447.0
8 4 341.0 155.0
8 5 356.0 155.0
8 6 330.0 339.0
9 4 342.0 161.0
9 5 357.0 160.0
9 6 330.0 354.0
10 4 340.0 167.0
10 5 355.0 166.0
10 6 328.0 369.0
11 4 340.0 172.0
11 5 355.0 171.0
11 6 333.0 387.0
12 4 341.0 178.0
12 5 356.0 177.0
12 6 328.0 406.0
12 7 271.0 123.0
12 8 254.0 123.0
13 4 339.0 184.0
13 5 354.0 183.0
13 6 332.0 420.0
13 7 272.0 133.0
13 8 256.0 134.0
14 4 340.0 189.0
14 5 356.0 189.0
14 6 334.0 435.0
14 7 273.0 145.0
14 8 258.0 146.0
15 4 340.0 195.0
15 5 356.0 196.0
15 6 324.0 458.0
15 7 274.0 157.0
15 8 259.0 158.0
15 9 291.0 127.0
15 10 308.0 124.0
16 4 339.0 201.0
16 5 355.0 201.0
16 7 279.0 168.0
16 8 260.0 170.0
16 9 291.0 138.0
16 10 308.0 134.0
17 4 338.0 207.0
17 5 354.0 207.0
17 7 279.0 182.0
17 8 261.0 182.0
17 9 291.0 150.0
17 10 310.0 148.0
18 4 341.0 213.0
18 5 355.0 213.0
18 7 281.0 194.0
18 8 261.0 195.0
18 9 291.0 163.0
18 10 310.0 161.0
19 4 342.0 219.0
19 5 356.0 219.0
19 7 281.0 208.0
19 8 263.0 208.0
19 9 293.0 176.0
19 10 311.0 174.0
19 11 313.0 106.0
19 12 332.0 108.0
19 13 348.0 104.0
20 4 342.0 225.0
20 5 356.0 224.0
20 7 280.0 222.0
20 8 264.0 221.0
20 9 294.0 189.0
20 10 311.0 187.0
20 11 311.0 116.0
20 12 331.0 121.0
20 13 348.0 120.0
21 4 344.0 230.0
21 5 357.0 230.0
21 7 284.0 234.0
21 8 265.0 234.0
21 9 294.0 202.0
21 10 311.0 199.0
21 11 310.0 128.0
21 12 329.0 132.0
21 13 347.0 133.0
22 4 343.0 236.0
22 5 357.0 236.0
22 7 283.0 248.0
22 8 267.0 247.0
22 9 293.0 215.0
22 10 312.0 212.0
22 11 311.0 141.0
22 12 328.0 146.0
22 13 348.0 145.0
23 4 342.0 242.0
23 5 357.0 242.0
23 7 289.0 260.0
23 8 269.0 261.0
23 9 293.0 229.0
23 10 312.0 226.0
23 11 309.0 154.0
23 12 327.0 159.0
23 13 348.0 157.0
23 14 370.0 433.0
24 4 343.0 249.0
24 5 357.0 248.0
24 7 290.0 274.0
24 8 272.0 275.0
24 9 295.0 243.0
24 10 313.0 240.0
24 11 309.0 167.0
24 12 327.0 171.0
24 13 347.0 170.0
24 14 376.0 425.0
25 4 341.0 256.0
25 5 357.0 254.0
25 7 293.0 288.0
25 8 276.0 290.0
25 9 296.0 258.0
25 10 314.0 255.0
25 11 309.0 180.0
25 12 326.0 184.0
25 13 348.0 184.0
25 14 381.0 416.0
