1 1 249.0 111.0
1 2 318.0 452.0
1 3 324.0 431.0
1 4 256.0 132.0
1 5 299.0 341.0
1 6 282.0 342.0
1 7 286.0 184.0
1 8 319.0 239.0
1 9 319.0 151.0
1 10 231.0 165.0
1 11 234.0 146.0
1 12 244.0 138.0
1 13 345.0 383.0
1 14 405.0 111.0
2 1 244.0 105.0
2 3 329.0 450.0
2 4 245.0 125.0
2 5 306.0 358.0
2 6 284.0 358.0
2 7 282.0 170.0
2 8 318.0 255.0
2 9 320.0 161.0
2 10 236.0 175.0
2 11 239.0 156.0
2 12 250.0 148.0
2 13 345.0 366.0
2 14 402.0 123.0
3 1 236.0 98.0
3 4 236.0 119.0
3 5 311.0 374.0
3 6 291.0 374.0
3 7 281.0 158.0
3 8 318.0 271.0
3 9 322.0 173.0
3 10 241.0 188.0
3 11 245.0 168.0
3 12 256.0 159.0
3 13 343.0 350.0
3 14 392.0 130.0
4 1 228.0 92.0
4 4 228.0 116.0
4 5 317.0 389.0
4 6 295.0 390.0
4 7 282.0 147.0
4 8 317.0 287.0
4 9 325.0 185.0
4 10 245.0 202.0
4 11 252.0 180.0
4 12 263.0 171.0
4 13 345.0 333.0
4 14 387.0 139.0
5 1 221.0 88.0
5 4 213.0 111.0
5 5 323.0 404.0
5 6 300.0 405.0
5 7 282.0 136.0
5 8 317.0 304.0
5 9 327.0 195.0
5 10 246.0 210.0
5 11 257.0 192.0
5 12 268.0 183.0
5 13 344.0 317.0
5 14 383.0 147.0
6 1 213.0 82.0
6 4 204.0 107.0
6 5 327.0 419.0
6 6 306.0 420.0
6 7 281.0 125.0
6 8 317.0 321.0
6 9 324.0 207.0
6 10 251.0 227.0
6 11 262.0 204.0
6 12 273.0 195.0
6 13 344.0 302.0
6 14 379.0 157.0
7 1 205.0 79.0
7 4 194.0 102.0
7 5 332.0 432.0
7 6 311.0 435.0
7 7 281.0 115.0
7 8 317.0 338.0
7 9 325.0 218.0
7 10 255.0 239.0
7 11 269.0 216.0
7 12 280.0 208.0
7 13 345.0 287.0
7 14 378.0 168.0
7 15 225.0 53.0
7 16 325.0 29.0
7 17 344.0 25.0
7 18 460.0 44.0
8 1 197.0 76.0
8 4 183.0 95.0
8 5 342.0 453.0
8 6 317.0 457.0
8 7 280.0 106.0
8 8 318.0 356.0
8 9 326.0 230.0
8 10 257.0 252.0
8 11 271.0 227.0
8 12 285.0 221.0
8 13 347.0 274.0
8 14 376.0 178.0
8 15 229.0 63.0
8 16 326.0 32.0
8 17 346.0 29.0
8 18 454.0 53.0
9 1 189.0 72.0
9 4 173.0 90.0
9 7 280.0 97.0
9 8 318.0 374.0
9 9 326.0 243.0
9 10 261.0 267.0
9 11 276.0 240.0
9 12 290.0 234.0
9 13 349.0 259.0
9 14 374.0 188.0
9 15 232.0 75.0
9 16 328.0 40.0
9 17 345.0 36.0
9 18 449.0 61.0
10 1 180.0 69.0
10 4 163.0 86.0
10 7 282.0 88.0
10 8 320.0 392.0
10 9 327.0 255.0
10 10 266.0 284.0
10 11 280.0 253.0
10 12 295.0 247.0
10 13 346.0 246.0
10 14 373.0 199.0
10 15 234.0 86.0
10 16 329.0 45.0
10 17 346.0 41.0
10 18 444.0 70.0
11 7 284.0 76.0
11 8 321.0 410.0
11 9 329.0 266.0
11 10 269.0 298.0
11 11 283.0 267.0
11 12 298.0 261.0
11 13 343.0 232.0
11 14 370.0 210.0
11 15 235.0 100.0
11 16 331.0 50.0
11 17 349.0 46.0
11 18 438.0 77.0
12 7 285.0 67.0
12 8 323.0 428.0
12 9 330.0 277.0
12 10 275.0 313.0
12 11 286.0 281.0
12 12 301.0 274.0
12 13 341.0 218.0
12 14 369.0 221.0
12 15 235.0 113.0
12 16 332.0 55.0
12 17 350.0 51.0
12 18 430.0 84.0
13 7 288.0 58.0
13 8 328.0 454.0
13 9 331.0 288.0
13 10 276.0 329.0
13 11 289.0 294.0
13 12 304.0 287.0
13 13 335.0 206.0
13 14 365.0 231.0
13 15 236.0 126.0
13 16 333.0 60.0
13 17 351.0 56.0
13 18 422.0 94.0
14 7 289.0 49.0
14 9 331.0 299.0
14 10 278.0 347.0
14 11 291.0 309.0
14 12 306.0 302.0
14 13 329.0 195.0
14 14 358.0 242.0
14 15 236.0 140.0
14 16 335.0 65.0
14 17 352.0 61.0
14 18 417.0 105.0
15 7 290.0 41.0
15 9 332.0 310.0
15 10 284.0 363.0
15 11 294.0 322.0
15 12 309.0 314.0
15 13 324.0 183.0
15 14 353.0 252.0
15 15 239.0 154.0
15 16 336.0 71.0
15 17 353.0 65.0
15 18 411.0 117.0
16 7 291.0 33.0
16 9 336.0 328.0
16 10 293.0 371.0
16 11 296.0 334.0
16 12 311.0 326.0
16 13 315.0 172.0
16 14 348.0 263.0
16 15 241.0 169.0
16 16 337.0 76.0
16 17 354.0 70.0
16 18 405.0 126.0
17 9 335.0 339.0
17 10 300.0 394.0
17 11 300.0 356.0
17 12 310.0 338.0
17 13 309.0 161.0
17 14 342.0 274.0
17 15 246.0 182.0
17 16 338.0 80.0
17 17 354.0 71.0
17 18 399.0 136.0
18 9 333.0 347.0
18 10 301.0 412.0
18 11 304.0 371.0
18 12 308.0 348.0
18 13 302.0 152.0
18 14 338.0 287.0
18 15 250.0 196.0
18 16 338.0 84.0
18 17 354.0 78.0
18 18 394.0 147.0
19 9 333.0 360.0
19 10 305.0 431.0
19 11 307.0 389.0
19 12 308.0 360.0
19 13 294.0 142.0
19 14 335.0 298.0
19 15 252.0 212.0
19 16 338.0 86.0
19 17 356.0 83.0
19 18 388.0 158.0
20 9 334.0 373.0
20 10 319.0 447.0
20 11 310.0 404.0
20 12 308.0 369.0
20 13 287.0 131.0
20 14 331.0 310.0
20 15 255.0 227.0
20 16 341.0 96.0
20 17 356.0 91.0
20 18 384.0 168.0
21 9 335.0 386.0
21 11 313.0 422.0
21 12 307.0 380.0
21 13 278.0 123.0
21 14 329.0 322.0
21 15 260.0 244.0
21 16 343.0 96.0
21 17 357.0 95.0
21 18 380.0 179.0
22 9 337.0 400.0
22 11 317.0 446.0
22 12 310.0 391.0
22 13 269.0 116.0
22 14 326.0 333.0
22 15 265.0 259.0
22 16 344.0 100.0
22 17 358.0 99.0
22 18 375.0 190.0
23 9 341.0 412.0
23 12 314.0 402.0
23 13 259.0 110.0
23 14 323.0 346.0
23 15 270.0 274.0
23 16 344.0 103.0
23 17 360.0 101.0
23 18 372.0 202.0
24 9 342.0 428.0
24 12 318.0 414.0
24 13 245.0 105.0
24 14 323.0 360.0
24 15 276.0 290.0
24 16 345.0 110.0
24 17 359.0 110.0
24 18 367.0 214.0
25 9 344.0 446.0
25 12 322.0 429.0
25 14 318.0 374.0
25 15 281.0 306.0
25 16 344.0 113.0
25 17 357.0 115.0
25 18 361.0 231.0
