1 1 387.0 216.0
1 2 378.0 216.0
1 3 342.0 354.0
1 4 332.0 302.0
1 5 312.0 226.0
1 6 327.0 206.0
1 7 344.0 213.0
1 8 352.0 230.0
1 9 358.0 166.0
1 10 346.0 157.0
1 11 257.0 151.0
1 12 271.0 143.0
2 1 387.0 205.0
2 2 378.0 205.0
2 3 341.0 371.0
2 4 327.0 320.0
2 5 311.0 236.0
2 6 323.0 217.0
2 7 342.0 223.0
2 8 351.0 240.0
2 9 358.0 178.0
2 10 346.0 169.0
2 11 259.0 159.0
2 12 274.0 151.0
3 1 387.0 194.0
3 2 379.0 194.0
3 3 340.0 389.0
3 4 326.0 339.0
3 5 308.0 246.0
3 6 320.0 228.0
3 7 340.0 234.0
3 8 350.0 251.0
3 9 355.0 191.0
3 10 343.0 182.0
3 11 261.0 170.0
3 12 276.0 161.0
4 1 388.0 181.0
4 2 374.0 188.0
4 3 338.0 407.0
4 4 326.0 358.0
4 5 306.0 257.0
4 6 319.0 241.0
4 7 338.0 245.0
4 8 348.0 262.0
4 9 354.0 203.0
4 10 342.0 194.0
4 11 264.0 180.0
4 12 276.0 168.0
5 1 387.0 171.0
5 2 373.0 178.0
5 3 337.0 428.0
5 4 327.0 377.0
5 5 304.0 269.0
5 6 317.0 253.0
5 7 336.0 257.0
5 8 347.0 273.0
5 9 353.0 216.0
5 10 341.0 207.0
5 11 266.0 190.0
5 12 278.0 178.0
5 13 427.0 101.0
6 1 386.0 161.0
6 2 373.0 169.0
6 3 335.0 449.0
6 4 328.0 402.0
6 5 302.0 281.0
6 6 315.0 265.0
6 7 335.0 268.0
6 8 346.0 284.0
6 9 352.0 230.0
6 10 340.0 221.0
6 11 267.0 200.0
6 12 285.0 190.0
6 13 420.0 112.0
7 1 384.0 152.0
7 2 371.0 160.0
7 4 330.0 422.0
7 5 301.0 293.0
7 6 314.0 277.0
7 7 333.0 280.0
7 8 343.0 296.0
7 9 353.0 243.0
7 10 340.0 235.0
7 11 269.0 210.0
7 12 288.0 200.0
7 13 414.0 124.0
7 14 332.0 108.0
8 1 383.0 142.0
8 2 371.0 150.0
8 4 332.0 440.0
8 5 300.0 306.0
8 6 313.0 290.0
8 7 333.0 293.0
8 8 342.0 310.0
8 9 354.0 253.0
8 10 334.0 246.0
8 11 270.0 222.0
8 12 291.0 210.0
8 13 408.0 136.0
8 14 331.0 114.0
9 1 382.0 133.0
9 2 371.0 141.0
9 5 300.0 319.0
9 6 313.0 303.0
9 7 332.0 306.0
9 8 339.0 324.0
9 9 353.0 269.0
9 10 336.0 264.0
9 11 272.0 232.0
9 12 296.0 224.0
9 13 402.0 146.0
9 14 333.0 120.0
10 1 378.0 126.0
10 2 368.0 133.0
10 5 300.0 333.0
10 6 312.0 316.0
10 7 330.0 319.0
10 8 337.0 337.0
10 9 352.0 284.0
10 10 336.0 278.0
10 11 276.0 242.0
10 12 298.0 233.0
10 13 397.0 160.0
10 14 332.0 127.0
11 1 378.0 119.0
11 2 368.0 127.0
11 5 300.0 346.0
11 6 311.0 329.0
11 7 329.0 333.0
11 8 335.0 351.0
11 9 351.0 297.0
11 10 335.0 292.0
11 11 280.0 253.0
11 12 298.0 246.0
11 13 391.0 173.0
11 14 330.0 134.0
12 1 377.0 110.0
12 2 367.0 118.0
12 5 301.0 358.0
12 6 311.0 341.0
12 7 327.0 346.0
12 8 333.0 365.0
12 9 350.0 313.0
12 10 334.0 307.0
12 11 285.0 264.0
12 12 301.0 257.0
12 13 385.0 183.0
12 14 329.0 141.0
13 5 300.0 372.0
13 6 310.0 355.0
13 7 326.0 359.0
13 8 333.0 379.0
13 9 349.0 328.0
13 10 333.0 323.0
13 11 287.0 275.0
13 12 304.0 267.0
13 13 382.0 196.0
13 14 328.0 148.0
14 5 300.0 385.0
14 6 310.0 368.0
14 7 326.0 371.0
14 8 333.0 394.0
14 9 348.0 342.0
14 10 332.0 337.0
14 11 289.0 286.0
14 12 306.0 280.0
14 13 377.0 210.0
14 14 326.0 156.0
15 5 302.0 400.0
15 6 311.0 382.0
15 7 326.0 384.0
15 8 333.0 410.0
15 9 347.0 356.0
15 10 331.0 351.0
15 11 292.0 297.0
15 12 309.0 293.0
15 13 374.0 225.0
15 14 326.0 164.0
16 5 302.0 413.0
16 6 312.0 395.0
16 7 328.0 397.0
16 8 335.0 426.0
16 9 347.0 370.0
16 10 330.0 365.0
16 11 294.0 309.0
16 12 313.0 304.0
16 13 368.0 239.0
16 14 326.0 171.0
17 5 305.0 427.0
17 6 315.0 408.0
17 7 329.0 410.0
17 8 337.0 445.0
17 9 347.0 382.0
17 10 330.0 378.0
17 11 298.0 321.0
17 12 316.0 316.0
17 13 363.0 253.0
17 14 325.0 180.0
18 5 316.0 458.0
18 6 320.0 429.0
18 7 332.0 422.0
18 9 346.0 395.0
18 10 329.0 391.0
18 11 302.0 332.0
18 12 321.0 329.0
18 13 358.0 267.0
18 14 326.0 188.0
19 6 322.0 443.0
19 7 336.0 433.0
19 9 345.0 407.0
19 10 328.0 403.0
19 11 305.0 345.0
19 12 324.0 342.0
19 13 352.0 282.0
19 14 327.0 196.0
20 9 345.0 419.0
20 10 328.0 415.0
20 11 310.0 357.0
20 12 330.0 353.0
20 13 348.0 298.0
20 14 327.0 205.0
21 9 344.0 430.0
21 10 327.0 426.0
21 11 314.0 370.0
21 12 335.0 366.0
21 13 342.0 313.0
21 14 326.0 216.0
22 9 346.0 442.0
22 10 323.0 438.0
22 11 318.0 384.0
22 12 338.0 380.0
22 13 339.0 328.0
22 14 327.0 224.0
23 9 348.0 446.0
23 10 324.0 449.0
23 11 322.0 397.0
23 12 341.0 393.0
23 13 337.0 343.0
23 14 326.0 233.0
23 15 273.0 430.0
24 11 323.0 412.0
24 12 345.0 406.0
24 13 333.0 365.0
24 14 326.0 241.0
24 15 280.0 427.0
25 11 325.0 427.0
25 12 345.0 420.0
25 13 333.0 381.0
25 14 326.0 249.0
25 15 286.0 425.0
