1 1 278.0 429.0
1 2 306.0 165.0
1 3 323.0 457.0
1 4 334.0 440.0
1 5 299.0 186.0
1 6 309.0 193.0
1 7 330.0 231.0
1 8 378.0 270.0
1 9 358.0 270.0
1 10 313.0 230.0
1 11 346.0 282.0
1 12 333.0 295.0
1 13 330.0 175.0
1 14 344.0 171.0
1 15 243.0 190.0
1 16 261.0 190.0
1 17 269.0 182.0
1 18 280.0 186.0
1 19 279.0 226.0
1 20 256.0 206.0
1 21 289.0 212.0
1 22 359.0 395.0
1 23 321.0 465.0
2 1 277.0 429.0
2 2 299.0 155.0
2 3 325.0 458.0
2 4 334.0 443.0
2 5 295.0 179.0
2 6 309.0 177.0
2 7 324.0 226.0
2 8 379.0 293.0
2 9 357.0 283.0
2 10 310.0 220.0
2 11 341.0 269.0
2 12 326.0 280.0
2 13 335.0 186.0
2 14 349.0 182.0
2 15 243.0 202.0
2 16 262.0 201.0
2 17 271.0 190.0
2 18 282.0 194.0
2 19 279.0 238.0
2 20 258.0 219.0
2 21 293.0 233.0
2 22 355.0 381.0
2 23 321.0 465.0
2 24 350.0 447.0
3 1 277.0 431.0
3 2 296.0 144.0
3 3 325.0 458.0
3 4 334.0 443.0
3 5 291.0 171.0
3 6 305.0 169.0
3 7 322.0 215.0
3 8 380.0 306.0
3 9 358.0 294.0
3 10 308.0 208.0
3 11 335.0 256.0
3 12 320.0 266.0
3 13 339.0 201.0
3 14 355.0 195.0
3 15 245.0 214.0
3 16 264.0 213.0
3 17 274.0 201.0
3 18 286.0 205.0
3 19 283.0 247.0
3 20 258.0 235.0
3 21 297.0 254.0
3 22 352.0 363.0
3 23 321.0 465.0
3 24 353.0 431.0
4 1 278.0 434.0
4 2 290.0 139.0
4 4 335.0 443.0
4 5 287.0 166.0
4 6 306.0 162.0
4 7 322.0 201.0
4 8 380.0 313.0
4 9 359.0 307.0
4 10 305.0 197.0
4 11 330.0 242.0
4 12 316.0 253.0
4 13 343.0 212.0
4 14 359.0 206.0
4 15 247.0 227.0
4 16 267.0 225.0
4 17 276.0 213.0
4 18 293.0 215.0
4 19 287.0 257.0
4 20 259.0 248.0
4 21 299.0 276.0
4 22 348.0 349.0
4 23 321.0 465.0
4 24 348.0 423.0
4 25 313.0 81.0
4 26 343.0 461.0
5 1 280.0 432.0
5 2 282.0 134.0
5 4 335.0 448.0
5 5 279.0 159.0
5 6 297.0 157.0
5 7 318.0 189.0
5 8 383.0 322.0
5 9 360.0 318.0
5 10 302.0 188.0
5 11 326.0 229.0
5 12 312.0 240.0
5 13 346.0 221.0
5 14 364.0 215.0
5 15 249.0 239.0
5 16 269.0 237.0
5 17 278.0 224.0
5 18 295.0 224.0
5 19 291.0 270.0
5 20 260.0 261.0
5 21 302.0 299.0
5 22 348.0 338.0
5 23 321.0 465.0
5 24 346.0 416.0
5 25 317.0 91.0
5 26 343.0 461.0
5 27 361.0 444.0
6 1 280.0 432.0
6 2 274.0 123.0
6 4 333.0 454.0
6 5 269.0 153.0
6 6 289.0 149.0
6 7 316.0 178.0
6 8 382.0 334.0
6 9 359.0 323.0
6 10 299.0 177.0
6 11 323.0 219.0
6 12 307.0 226.0
6 13 349.0 233.0
6 14 367.0 227.0
6 15 252.0 251.0
6 16 271.0 248.0
6 17 284.0 239.0
6 18 299.0 240.0
6 19 294.0 282.0
6 20 266.0 273.0
6 21 303.0 320.0
6 22 341.0 322.0
6 23 321.0 465.0
6 24 346.0 406.0
6 25 322.0 104.0
6 26 343.0 461.0
6 27 370.0 433.0
7 1 280.0 432.0
7 2 267.0 116.0
7 5 259.0 146.0
7 6 273.0 137.0
7 7 316.0 170.0
7 8 380.0 345.0
7 9 365.0 341.0
7 10 293.0 167.0
7 11 325.0 210.0
7 12 303.0 212.0
7 13 351.0 245.0
7 14 367.0 248.0
7 15 252.0 262.0
7 16 273.0 260.0
7 17 286.0 251.0
7 18 301.0 252.0
7 19 297.0 294.0
7 20 268.0 287.0
7 21 304.0 342.0
7 22 338.0 311.0
7 23 321.0 465.0
7 24 345.0 398.0
7 25 325.0 116.0
7 26 343.0 461.0
7 27 371.0 422.0
7 28 352.0 442.0
8 1 280.0 431.0
8 2 260.0 108.0
8 5 246.0 139.0
8 6 262.0 128.0
8 7 312.0 159.0
8 8 378.0 365.0
8 9 362.0 353.0
8 10 289.0 158.0
8 11 323.0 199.0
8 12 296.0 201.0
8 13 352.0 255.0
8 14 370.0 257.0
8 15 253.0 273.0
8 16 275.0 272.0
8 17 289.0 262.0
8 18 303.0 262.0
8 19 300.0 308.0
8 20 271.0 301.0
8 21 305.0 361.0
8 22 336.0 298.0
8 23 321.0 465.0
8 24 342.0 390.0
8 25 328.0 127.0
8 26 343.0 461.0
8 27 371.0 415.0
8 28 346.0 436.0
8 29 310.0 93.0
9 1 282.0 430.0
9 7 309.0 147.0
9 8 378.0 376.0
9 9 361.0 360.0
9 10 286.0 147.0
9 11 320.0 188.0
9 12 290.0 190.0
9 13 353.0 267.0
9 14 371.0 269.0
9 15 256.0 279.0
9 16 278.0 284.0
9 17 291.0 273.0
9 18 305.0 273.0
9 19 304.0 321.0
9 20 275.0 314.0
9 21 308.0 380.0
9 22 333.0 285.0
9 23 321.0 465.0
9 24 339.0 382.0
9 25 332.0 139.0
9 26 343.0 461.0
9 27 363.0 405.0
9 28 343.0 422.0
9 29 315.0 104.0
10 1 283.0 429.0
10 7 305.0 136.0
10 8 378.0 387.0
10 9 362.0 370.0
10 10 282.0 136.0
10 11 313.0 174.0
10 12 285.0 179.0
10 13 354.0 279.0
10 14 372.0 281.0
10 15 260.0 293.0
10 16 279.0 296.0
10 17 292.0 286.0
10 18 306.0 286.0
10 19 306.0 334.0
10 20 278.0 329.0
10 21 311.0 399.0
10 22 331.0 273.0
10 23 321.0 465.0
10 24 342.0 376.0
10 25 337.0 152.0
10 26 343.0 461.0
10 27 357.0 399.0
10 28 339.0 407.0
10 29 320.0 118.0
10 30 346.0 436.0
11 1 283.0 428.0
11 7 302.0 123.0
11 8 380.0 398.0
11 9 363.0 379.0
11 10 280.0 126.0
11 11 309.0 163.0
11 12 278.0 169.0
11 13 356.0 293.0
11 14 374.0 295.0
11 15 263.0 303.0
11 16 282.0 307.0
11 17 295.0 299.0
11 18 310.0 299.0
11 19 307.0 347.0
11 20 283.0 343.0
11 21 316.0 420.0
11 22 330.0 259.0
11 24 341.0 367.0
11 25 340.0 164.0
11 26 343.0 461.0
11 27 352.0 389.0
11 28 340.0 404.0
11 29 324.0 128.0
11 30 344.0 425.0
12 1 283.0 428.0
12 7 303.0 121.0
12 8 377.0 408.0
12 9 363.0 389.0
12 10 278.0 115.0
12 11 305.0 153.0
12 12 274.0 158.0
12 13 357.0 306.0
12 14 370.0 308.0
12 15 265.0 313.0
12 16 284.0 319.0
12 17 297.0 312.0
12 18 312.0 312.0
12 19 309.0 362.0
12 20 286.0 356.0
12 21 315.0 440.0
12 22 327.0 246.0
12 24 338.0 360.0
12 25 342.0 177.0
12 26 343.0 461.0
12 27 351.0 378.0
12 28 335.0 393.0
12 29 328.0 141.0
12 30 339.0 414.0
13 1 280.0 426.0
13 7 298.0 102.0
13 8 372.0 417.0
13 9 362.0 396.0
13 10 277.0 115.0
13 11 299.0 142.0
13 12 270.0 146.0
13 13 358.0 318.0
13 14 371.0 320.0
13 15 266.0 323.0
13 16 286.0 331.0
13 17 299.0 325.0
13 18 315.0 326.0
13 19 310.0 377.0
13 20 287.0 369.0
13 21 325.0 451.0
13 22 325.0 233.0
13 24 335.0 352.0
13 25 345.0 190.0
13 27 348.0 369.0
13 28 332.0 384.0
13 29 333.0 153.0
13 30 337.0 404.0
13 31 347.0 462.0
14 1 280.0 426.0
14 7 295.0 92.0
14 8 367.0 422.0
14 9 358.0 399.0
14 10 271.0 92.0
14 11 300.0 132.0
14 12 266.0 134.0
14 13 360.0 331.0
14 14 373.0 333.0
14 15 269.0 338.0
14 16 288.0 343.0
14 17 300.0 337.0
14 18 313.0 338.0
14 19 311.0 391.0
14 20 288.0 382.0
14 21 325.0 451.0
14 22 323.0 220.0
14 24 335.0 345.0
14 25 347.0 203.0
14 27 348.0 359.0
14 28 330.0 365.0
14 29 335.0 166.0
14 30 337.0 394.0
14 31 347.0 462.0
14 32 347.0 445.0
15 1 280.0 426.0
15 7 291.0 81.0
15 8 368.0 440.0
15 9 358.0 408.0
15 10 270.0 84.0
15 11 295.0 118.0
15 12 264.0 123.0
15 13 360.0 344.0
15 14 376.0 348.0
15 15 274.0 348.0
15 16 289.0 364.0
15 17 301.0 350.0
15 18 313.0 351.0
15 19 312.0 405.0
15 20 289.0 396.0
15 22 320.0 208.0
15 24 334.0 335.0
15 25 350.0 216.0
15 27 345.0 350.0
15 28 330.0 357.0
15 29 342.0 177.0
15 30 337.0 382.0
15 32 343.0 427.0
15 33 338.0 461.0
16 1 279.0 427.0
16 7 289.0 72.0
16 8 368.0 449.0
16 9 356.0 415.0
16 10 267.0 73.0
16 11 295.0 118.0
16 12 265.0 111.0
16 13 358.0 354.0
16 14 378.0 358.0
16 15 271.0 358.0
16 16 292.0 377.0
16 17 302.0 360.0
16 18 314.0 364.0
16 19 314.0 421.0
16 20 292.0 409.0
16 22 318.0 196.0
16 24 330.0 327.0
16 25 354.0 229.0
16 27 341.0 345.0
16 28 328.0 356.0
16 29 348.0 190.0
16 30 335.0 376.0
16 32 342.0 413.0
16 33 338.0 461.0
17 1 278.0 427.0
17 7 288.0 61.0
17 8 361.0 457.0
17 9 355.0 421.0
17 10 268.0 63.0
17 11 289.0 99.0
17 12 264.0 99.0
17 13 358.0 369.0
17 14 381.0 371.0
17 15 278.0 371.0
17 16 293.0 389.0
17 17 303.0 372.0
17 18 314.0 376.0
17 19 315.0 438.0
17 20 296.0 422.0
17 22 315.0 185.0
17 24 325.0 318.0
17 25 356.0 243.0
17 27 341.0 334.0
17 28 324.0 344.0
17 29 353.0 204.0
17 30 332.0 364.0
17 32 343.0 399.0
17 33 338.0 461.0
17 34 313.0 67.0
17 35 388.0 65.0
18 1 278.0 427.0
18 7 286.0 51.0
18 9 354.0 426.0
18 10 269.0 53.0
18 11 288.0 87.0
18 12 265.0 87.0
18 13 362.0 375.0
18 14 380.0 382.0
18 15 283.0 381.0
18 16 295.0 401.0
18 17 305.0 382.0
18 18 316.0 386.0
18 20 299.0 435.0
18 22 312.0 174.0
18 24 323.0 310.0
18 25 360.0 257.0
18 27 342.0 324.0
18 28 322.0 336.0
18 29 359.0 215.0
18 30 331.0 360.0
18 32 342.0 386.0
18 33 338.0 461.0
18 34 315.0 76.0
18 35 390.0 70.0
18 36 343.0 448.0
19 1 279.0 428.0
19 7 286.0 41.0
19 9 352.0 435.0
19 10 270.0 43.0
19 11 288.0 77.0
19 12 264.0 76.0
19 13 362.0 385.0
19 14 380.0 391.0
19 15 287.0 390.0
19 16 300.0 410.0
19 17 309.0 391.0
19 18 320.0 395.0
19 20 308.0 448.0
19 22 309.0 163.0
19 24 322.0 300.0
19 25 361.0 271.0
19 27 339.0 316.0
19 28 319.0 327.0
19 29 365.0 229.0
19 30 321.0 357.0
19 32 343.0 372.0
19 33 338.0 462.0
19 34 318.0 86.0
19 35 394.0 73.0
19 36 337.0 435.0
20 1 280.0 432.0
20 7 286.0 32.0
20 9 354.0 451.0
20 10 271.0 33.0
20 11 289.0 66.0
20 12 265.0 66.0
20 13 357.0 392.0
20 14 380.0 403.0
20 15 291.0 398.0
20 16 304.0 421.0
20 17 310.0 399.0
20 18 321.0 403.0
20 22 305.0 153.0
20 24 317.0 295.0
20 25 361.0 284.0
20 27 337.0 307.0
20 28 319.0 319.0
20 29 368.0 247.0
20 30 312.0 344.0
20 32 348.0 356.0
20 33 338.0 462.0
20 34 320.0 97.0
20 35 394.0 73.0
20 36 337.0 422.0
20 37 310.0 460.0
21 1 281.0 435.0
21 7 286.0 23.0
21 10 271.0 24.0
21 11 290.0 57.0
21 12 266.0 55.0
21 13 358.0 405.0
21 14 378.0 406.0
21 15 292.0 405.0
21 16 304.0 439.0
21 17 311.0 406.0
21 18 321.0 410.0
21 22 302.0 142.0
21 24 314.0 287.0
21 25 364.0 299.0
21 27 336.0 296.0
21 28 320.0 310.0
21 29 372.0 262.0
21 30 303.0 333.0
21 32 346.0 341.0
21 33 338.0 462.0
21 34 323.0 108.0
21 35 391.0 82.0
21 36 337.0 413.0
21 37 310.0 460.0
21 38 334.0 449.0
22 1 283.0 436.0
22 7 287.0 16.0
22 10 272.0 16.0
22 11 291.0 47.0
22 12 267.0 45.0
22 13 357.0 414.0
22 14 374.0 418.0
22 15 294.0 412.0
22 16 306.0 450.0
22 17 313.0 411.0
22 18 323.0 416.0
22 22 298.0 128.0
22 24 313.0 278.0
22 25 364.0 314.0
22 27 334.0 288.0
22 28 324.0 302.0
22 29 374.0 278.0
22 30 293.0 320.0
22 32 345.0 328.0
22 33 338.0 462.0
22 34 322.0 119.0
22 35 391.0 82.0
22 36 340.0 401.0
22 37 310.0 460.0
22 38 334.0 442.0
23 1 287.0 437.0
23 13 352.0 416.0
23 14 373.0 425.0
23 15 296.0 416.0
23 16 313.0 455.0
23 17 315.0 417.0
23 18 325.0 422.0
23 22 296.0 117.0
23 24 311.0 270.0
23 25 366.0 324.0
23 27 332.0 279.0
23 28 327.0 295.0
23 29 379.0 293.0
23 30 290.0 304.0
23 32 344.0 315.0
23 33 338.0 462.0
23 34 325.0 132.0
23 35 393.0 87.0
23 36 341.0 389.0
23 38 338.0 429.0
24 1 289.0 438.0
24 13 354.0 421.0
24 14 372.0 431.0
24 15 298.0 418.0
24 17 313.0 417.0
24 18 328.0 425.0
24 24 307.0 262.0
24 25 367.0 338.0
24 27 330.0 269.0
24 28 332.0 285.0
24 29 378.0 308.0
24 30 283.0 289.0
24 32 342.0 307.0
24 34 330.0 144.0
24 35 393.0 93.0
24 36 341.0 377.0
24 38 339.0 422.0
24 39 358.0 462.0
25 13 351.0 429.0
25 14 369.0 431.0
25 15 302.0 429.0
25 17 317.0 422.0
25 18 332.0 432.0
25 24 305.0 255.0
25 25 365.0 352.0
25 27 327.0 260.0
25 28 337.0 280.0
25 29 379.0 324.0
25 30 278.0 274.0
25 32 340.0 300.0
25 34 333.0 156.0
25 35 393.0 93.0
25 36 337.0 364.0
25 38 339.0 407.0
25 39 358.0 462.0
25 40 289.0 440.0
