1 1 258.0 208.0
1 2 250.0 164.0
1 3 302.0 122.0
1 4 326.0 114.0
1 5 281.0 110.0
1 6 276.0 95.0
1 7 291.0 304.0
1 8 352.0 233.0
1 9 372.0 237.0
1 10 361.0 188.0
2 1 251.0 201.0
2 2 255.0 176.0
2 3 302.0 122.0
2 4 326.0 114.0
2 5 281.0 110.0
2 6 276.0 95.0
2 7 294.0 314.0
2 8 348.0 244.0
2 9 369.0 248.0
2 10 360.0 202.0
3 1 242.0 186.0
3 2 260.0 188.0
3 3 302.0 122.0
3 4 326.0 114.0
3 5 281.0 110.0
3 6 277.0 95.0
3 7 296.0 324.0
3 8 346.0 256.0
3 9 367.0 260.0
3 10 360.0 218.0
4 1 234.0 175.0
4 2 267.0 201.0
4 3 302.0 122.0
4 4 326.0 114.0
4 5 281.0 110.0
4 6 277.0 95.0
4 7 300.0 335.0
4 8 341.0 268.0
4 9 363.0 273.0
4 10 362.0 231.0
5 1 230.0 163.0
5 2 270.0 214.0
5 3 302.0 122.0
5 4 326.0 114.0
5 5 281.0 110.0
5 6 277.0 95.0
5 7 301.0 346.0
5 8 338.0 281.0
5 9 359.0 286.0
5 10 363.0 243.0
5 11 345.0 438.0
6 1 224.0 152.0
6 2 275.0 227.0
6 3 302.0 122.0
6 4 326.0 114.0
6 5 281.0 110.0
6 6 277.0 95.0
6 7 302.0 356.0
6 8 336.0 294.0
6 9 355.0 298.0
6 10 362.0 257.0
6 11 343.0 434.0
7 1 217.0 146.0
7 2 279.0 241.0
7 3 302.0 122.0
7 4 326.0 114.0
7 5 281.0 110.0
7 6 277.0 95.0
7 7 305.0 366.0
7 8 331.0 307.0
7 9 350.0 311.0
7 10 361.0 271.0
7 11 349.0 419.0
7 12 339.0 447.0
8 1 209.0 130.0
8 2 282.0 253.0
8 3 302.0 122.0
8 4 328.0 114.0
8 5 281.0 110.0
8 6 277.0 95.0
8 7 307.0 378.0
8 8 329.0 321.0
8 9 348.0 325.0
8 10 356.0 284.0
8 11 354.0 408.0
8 12 339.0 425.0
9 1 204.0 119.0
9 2 286.0 266.0
9 3 302.0 122.0
9 4 330.0 114.0
9 5 281.0 110.0
9 6 277.0 95.0
9 7 309.0 389.0
9 8 326.0 335.0
9 9 344.0 338.0
9 10 354.0 298.0
9 11 358.0 397.0
9 12 342.0 413.0
10 1 193.0 111.0
10 2 289.0 280.0
10 3 302.0 122.0
10 4 321.0 117.0
10 5 281.0 110.0
10 6 277.0 95.0
10 7 313.0 400.0
10 8 322.0 348.0
10 9 341.0 352.0
10 10 351.0 312.0
10 11 365.0 387.0
10 12 347.0 401.0
10 13 391.0 108.0
11 2 294.0 293.0
11 3 302.0 122.0
11 4 322.0 117.0
11 5 281.0 110.0
11 6 277.0 95.0
11 7 314.0 412.0
11 8 320.0 362.0
11 9 338.0 366.0
11 10 348.0 326.0
11 11 370.0 375.0
11 12 352.0 389.0
11 13 387.0 119.0
12 2 298.0 306.0
12 3 302.0 122.0
12 4 322.0 117.0
12 5 281.0 110.0
12 6 277.0 95.0
12 7 316.0 425.0
12 8 316.0 376.0
12 9 335.0 380.0
12 10 346.0 341.0
12 11 372.0 366.0
12 12 356.0 379.0
12 13 382.0 132.0
13 2 301.0 320.0
13 3 302.0 122.0
13 4 322.0 117.0
13 5 281.0 110.0
13 6 277.0 95.0
13 7 320.0 434.0
13 8 316.0 390.0
13 9 334.0 394.0
13 10 344.0 354.0
13 11 375.0 356.0
13 12 361.0 361.0
13 13 377.0 146.0
14 2 305.0 334.0
14 3 302.0 122.0
14 4 322.0 117.0
14 5 281.0 110.0
14 6 277.0 95.0
14 8 317.0 404.0
14 9 333.0 407.0
14 10 341.0 368.0
14 11 375.0 346.0
14 12 362.0 351.0
14 13 372.0 160.0
15 2 308.0 349.0
15 3 302.0 122.0
15 4 322.0 117.0
15 5 281.0 110.0
15 6 277.0 95.0
15 8 316.0 418.0
15 9 337.0 421.0
15 10 340.0 383.0
15 11 376.0 335.0
15 12 365.0 333.0
15 13 368.0 174.0
16 2 311.0 362.0
16 3 302.0 122.0
16 4 322.0 117.0
16 5 281.0 110.0
16 6 277.0 95.0
16 8 317.0 433.0
16 9 337.0 433.0
16 10 338.0 397.0
16 11 378.0 324.0
16 12 367.0 322.0
16 13 363.0 188.0
17 2 315.0 376.0
17 8 321.0 456.0
17 9 338.0 451.0
17 10 337.0 411.0
17 11 378.0 313.0
17 12 367.0 311.0
17 13 357.0 205.0
18 2 317.0 391.0
18 10 337.0 425.0
18 11 379.0 302.0
18 12 368.0 300.0
18 13 352.0 220.0
19 2 320.0 404.0
19 10 337.0 440.0
19 11 382.0 291.0
19 12 371.0 289.0
19 13 349.0 235.0
19 14 378.0 189.0
20 2 322.0 417.0
20 10 337.0 440.0
20 11 383.0 280.0
20 12 372.0 278.0
20 13 346.0 251.0
20 14 371.0 202.0
20 15 328.0 170.0
20 16 341.0 150.0
20 17 358.0 149.0
20 18 367.0 164.0
21 2 322.0 431.0
21 11 384.0 269.0
21 12 373.0 267.0
21 13 345.0 267.0
21 14 364.0 218.0
21 15 325.0 179.0
21 16 340.0 160.0
21 17 355.0 159.0
21 18 364.0 174.0
22 2 328.0 445.0
22 11 387.0 258.0
22 12 376.0 256.0
22 13 344.0 284.0
22 14 356.0 234.0
22 15 323.0 189.0
22 16 338.0 171.0
22 17 353.0 170.0
22 18 362.0 185.0
23 2 332.0 456.0
23 11 388.0 249.0
23 12 376.0 248.0
23 13 344.0 301.0
23 14 350.0 251.0
23 15 319.0 198.0
23 16 336.0 180.0
23 17 351.0 180.0
23 18 360.0 196.0
24 11 387.0 238.0
24 12 376.0 237.0
24 13 343.0 319.0
24 14 344.0 267.0
24 15 317.0 207.0
24 16 334.0 188.0
24 17 348.0 190.0
24 18 357.0 207.0
25 11 387.0 227.0
25 12 378.0 226.0
25 13 343.0 336.0
25 14 338.0 284.0
25 15 314.0 217.0
25 16 329.0 196.0
25 17 347.0 202.0
25 18 355.0 219.0
25 19 359.0 155.0
25 20 347.0 146.0
25 21 254.0 141.0
25 22 270.0 132.0
