1 1 304.0 423.0
1 2 346.0 442.0
1 3 327.0 437.0
1 4 291.0 372.0
1 5 322.0 369.0
1 6 325.0 395.0
2 1 304.0 423.0
2 2 344.0 445.0
2 3 326.0 451.0
2 4 295.0 381.0
2 5 326.0 382.0
2 6 328.0 409.0
2 7 370.0 446.0
2 8 343.0 193.0
2 9 322.0 184.0
2 10 306.0 190.0
3 1 304.0 423.0
3 4 299.0 392.0
3 5 333.0 394.0
3 6 333.0 423.0
3 7 381.0 425.0
3 8 343.0 207.0
3 9 323.0 197.0
3 10 307.0 202.0
4 1 303.0 423.0
4 4 308.0 398.0
4 5 334.0 406.0
4 6 335.0 433.0
4 7 387.0 410.0
4 8 344.0 220.0
4 9 324.0 210.0
4 10 306.0 217.0
5 1 302.0 423.0
5 4 319.0 407.0
5 5 340.0 418.0
5 6 331.0 438.0
5 7 383.0 398.0
5 8 345.0 234.0
5 9 325.0 224.0
5 10 306.0 232.0
5 11 304.0 143.0
6 1 301.0 425.0
6 4 323.0 412.0
6 5 341.0 424.0
6 6 339.0 444.0
6 7 389.0 383.0
6 8 344.0 247.0
6 9 324.0 238.0
6 10 306.0 246.0
6 11 306.0 157.0
6 12 351.0 452.0
6 13 372.0 423.0
7 1 301.0 428.0
7 4 326.0 420.0
7 5 342.0 425.0
7 6 338.0 444.0
7 7 387.0 373.0
7 8 347.0 266.0
7 9 322.0 252.0
7 10 308.0 262.0
7 11 308.0 172.0
7 12 359.0 426.0
7 13 378.0 406.0
8 1 301.0 429.0
8 4 326.0 423.0
8 5 336.0 443.0
8 7 378.0 359.0
8 8 347.0 281.0
8 9 322.0 266.0
8 10 310.0 276.0
8 11 310.0 187.0
8 12 354.0 400.0
8 13 378.0 392.0
9 1 298.0 428.0
9 4 326.0 428.0
9 5 337.0 446.0
9 7 375.0 347.0
9 8 347.0 293.0
9 9 322.0 280.0
9 10 310.0 291.0
9 11 312.0 202.0
9 12 353.0 379.0
9 13 380.0 379.0
10 1 294.0 430.0
10 4 319.0 436.0
10 5 338.0 448.0
10 7 378.0 335.0
10 8 348.0 306.0
10 9 322.0 295.0
10 10 311.0 306.0
10 11 314.0 218.0
10 12 354.0 361.0
10 13 380.0 364.0
10 14 365.0 440.0
11 1 285.0 434.0
11 4 322.0 438.0
11 5 337.0 450.0
11 7 377.0 323.0
11 8 346.0 319.0
11 9 321.0 309.0
11 10 311.0 320.0
11 11 316.0 234.0
11 12 360.0 350.0
11 13 378.0 351.0
11 14 365.0 427.0
11 15 354.0 110.0
11 16 337.0 102.0
12 1 283.0 434.0
12 4 321.0 439.0
12 5 336.0 452.0
12 7 373.0 316.0
12 8 341.0 335.0
12 9 321.0 324.0
12 10 311.0 334.0
12 11 318.0 251.0
12 12 361.0 338.0
12 13 374.0 338.0
12 14 367.0 412.0
12 15 353.0 121.0
12 16 335.0 113.0
12 17 357.0 427.0
13 1 283.0 432.0
13 4 321.0 444.0
13 5 336.0 453.0
13 7 370.0 303.0
13 8 339.0 351.0
13 9 321.0 338.0
13 10 313.0 348.0
13 11 320.0 269.0
13 12 354.0 323.0
13 13 369.0 334.0
13 14 367.0 396.0
13 15 353.0 131.0
13 16 333.0 125.0
13 17 355.0 411.0
14 1 284.0 429.0
14 4 320.0 445.0
14 7 364.0 296.0
14 8 336.0 366.0
14 9 319.0 353.0
14 10 312.0 363.0
14 11 320.0 286.0
14 12 349.0 312.0
14 13 367.0 320.0
14 14 368.0 382.0
14 15 354.0 142.0
14 16 332.0 137.0
14 17 355.0 396.0
15 1 284.0 427.0
15 4 319.0 449.0
15 7 355.0 280.0
15 8 337.0 377.0
15 9 321.0 360.0
15 10 312.0 380.0
15 11 322.0 304.0
15 12 348.0 304.0
15 13 363.0 308.0
15 14 368.0 367.0
15 15 353.0 153.0
15 16 333.0 149.0
15 17 354.0 376.0
15 18 363.0 442.0
16 1 281.0 425.0
16 7 348.0 267.0
16 8 336.0 393.0
16 9 322.0 372.0
16 10 313.0 392.0
16 11 322.0 323.0
16 12 339.0 294.0
16 13 358.0 296.0
16 14 363.0 351.0
16 15 353.0 163.0
16 16 333.0 160.0
16 17 356.0 360.0
16 18 367.0 429.0
17 1 279.0 423.0
17 7 341.0 256.0
17 8 335.0 409.0
17 9 323.0 380.0
17 10 312.0 406.0
17 11 324.0 340.0
17 12 324.0 278.0
17 13 355.0 287.0
17 14 363.0 336.0
17 15 354.0 174.0
17 16 333.0 171.0
17 17 351.0 348.0
17 18 368.0 409.0
18 1 278.0 423.0
18 7 333.0 246.0
18 8 335.0 424.0
18 9 324.0 391.0
18 10 313.0 418.0
18 11 322.0 356.0
18 12 316.0 266.0
18 13 347.0 277.0
18 14 361.0 323.0
18 15 354.0 185.0
18 16 335.0 182.0
18 17 349.0 334.0
18 18 368.0 394.0
18 19 357.0 442.0
19 1 277.0 425.0
19 7 327.0 235.0
19 8 333.0 434.0
19 9 324.0 410.0
19 10 312.0 429.0
19 11 325.0 372.0
19 12 313.0 254.0
19 13 332.0 255.0
19 14 358.0 308.0
19 15 357.0 197.0
19 16 336.0 193.0
19 17 347.0 318.0
19 18 376.0 384.0
19 19 359.0 423.0
19 20 304.0 105.0
19 21 323.0 101.0
19 22 237.0 109.0
19 23 253.0 112.0
19 24 265.0 108.0
19 25 279.0 119.0
19 26 269.0 147.0
19 27 238.0 130.0
19 28 285.0 98.0
20 1 277.0 428.0
20 7 322.0 226.0
20 8 333.0 448.0
20 9 324.0 420.0
20 10 311.0 443.0
20 11 327.0 388.0
20 12 308.0 242.0
20 13 327.0 246.0
20 14 355.0 295.0
20 15 358.0 208.0
20 16 338.0 203.0
20 17 341.0 304.0
20 18 376.0 369.0
20 19 358.0 404.0
20 20 305.0 118.0
20 21 322.0 109.0
20 22 236.0 119.0
20 23 252.0 121.0
20 24 265.0 119.0
20 25 278.0 125.0
20 26 269.0 157.0
20 27 241.0 140.0
20 28 285.0 113.0
21 1 277.0 431.0
21 7 316.0 217.0
21 9 327.0 429.0
21 10 312.0 443.0
21 11 331.0 401.0
21 12 303.0 231.0
21 13 321.0 237.0
21 14 350.0 284.0
21 15 362.0 214.0
21 16 344.0 213.0
21 17 333.0 293.0
21 18 373.0 351.0
21 19 357.0 385.0
21 20 308.0 126.0
21 21 324.0 121.0
21 22 236.0 128.0
21 23 252.0 132.0
21 24 269.0 128.0
21 25 282.0 132.0
21 26 269.0 167.0
21 27 242.0 152.0
21 28 292.0 125.0
22 1 277.0 432.0
22 7 315.0 207.0
22 9 324.0 437.0
22 10 316.0 453.0
22 11 336.0 414.0
22 12 299.0 221.0
22 13 319.0 227.0
22 14 345.0 273.0
22 15 366.0 225.0
22 16 347.0 224.0
22 17 329.0 280.0
22 18 371.0 336.0
22 19 355.0 367.0
22 20 311.0 135.0
22 21 327.0 130.0
22 22 236.0 140.0
22 23 253.0 143.0
22 24 269.0 138.0
22 25 284.0 148.0
22 26 271.0 179.0
22 27 243.0 162.0
22 28 295.0 141.0
23 1 278.0 431.0
23 7 314.0 197.0
23 9 323.0 441.0
23 10 314.0 459.0
23 11 334.0 423.0
23 12 296.0 212.0
23 13 317.0 218.0
23 14 340.0 262.0
23 15 369.0 236.0
23 16 351.0 235.0
23 17 323.0 266.0
23 18 364.0 322.0
23 19 352.0 344.0
23 20 315.0 145.0
23 21 331.0 140.0
23 22 239.0 153.0
23 23 254.0 153.0
23 24 269.0 148.0
23 25 281.0 158.0
23 26 273.0 191.0
23 27 246.0 172.0
23 28 293.0 161.0
23 29 351.0 438.0
24 1 278.0 430.0
24 7 312.0 186.0
24 9 323.0 446.0
24 11 335.0 430.0
24 12 297.0 204.0
24 13 314.0 208.0
24 14 335.0 255.0
24 15 372.0 247.0
24 16 354.0 246.0
24 17 321.0 253.0
24 18 358.0 309.0
24 19 347.0 326.0
24 20 320.0 155.0
24 21 335.0 151.0
24 22 241.0 165.0
24 23 255.0 164.0
24 24 269.0 158.0
24 25 284.0 165.0
24 26 274.0 202.0
24 27 250.0 183.0
24 28 289.0 175.0
24 29 358.0 424.0
24 30 321.0 465.0
25 1 278.0 429.0
25 7 309.0 173.0
25 9 324.0 454.0
25 11 335.0 436.0
25 12 297.0 188.0
25 13 313.0 199.0
25 14 332.0 243.0
25 15 377.0 258.0
25 16 355.0 257.0
25 17 317.0 241.0
25 18 353.0 296.0
25 19 340.0 310.0
25 20 325.0 165.0
25 21 339.0 161.0
25 22 243.0 176.0
25 23 258.0 177.0
25 24 268.0 168.0
25 25 276.0 175.0
25 26 273.0 210.0
25 27 250.0 194.0
25 28 287.0 192.0
25 29 359.0 407.0
25 30 321.0 465.0
