1 1 298.0 125.0
1 2 237.0 192.0
1 3 282.0 178.0
1 4 296.0 164.0
1 5 308.0 170.0
1 6 247.0 208.0
1 7 265.0 238.0
1 8 274.0 226.0
1 9 281.0 209.0
1 10 270.0 189.0
1 11 262.0 202.0
1 12 339.0 221.0
1 13 326.0 141.0
2 1 304.0 120.0
2 2 237.0 183.0
2 3 279.0 167.0
2 4 293.0 154.0
2 5 308.0 164.0
2 6 250.0 197.0
2 7 267.0 250.0
2 8 278.0 238.0
2 9 286.0 220.0
2 10 273.0 202.0
2 11 265.0 212.0
2 12 339.0 238.0
2 13 331.0 152.0
3 1 313.0 112.0
3 2 237.0 175.0
3 3 274.0 159.0
3 4 289.0 145.0
3 5 306.0 155.0
3 6 252.0 190.0
3 7 269.0 261.0
3 8 280.0 251.0
3 9 292.0 233.0
3 10 278.0 212.0
3 11 269.0 223.0
3 12 340.0 255.0
3 13 335.0 164.0
4 1 323.0 105.0
4 2 239.0 168.0
4 3 269.0 151.0
4 4 286.0 135.0
4 5 299.0 146.0
4 6 254.0 180.0
4 7 271.0 272.0
4 8 282.0 263.0
4 9 296.0 245.0
4 10 282.0 222.0
4 11 273.0 233.0
4 12 341.0 273.0
4 13 339.0 176.0
4 14 334.0 440.0
5 1 334.0 99.0
5 2 232.0 161.0
5 3 265.0 142.0
5 4 281.0 127.0
5 5 295.0 138.0
5 6 253.0 163.0
5 7 272.0 284.0
5 8 285.0 275.0
5 9 300.0 257.0
5 10 286.0 233.0
5 11 276.0 244.0
5 12 343.0 291.0
5 13 341.0 188.0
5 14 332.0 421.0
6 1 345.0 98.0
6 2 225.0 152.0
6 3 261.0 135.0
6 4 276.0 123.0
6 5 290.0 130.0
6 6 250.0 153.0
6 7 273.0 296.0
6 8 287.0 287.0
6 9 304.0 269.0
6 10 291.0 244.0
6 11 281.0 255.0
6 12 344.0 309.0
6 13 343.0 200.0
6 14 331.0 402.0
6 15 317.0 429.0
7 2 225.0 152.0
7 3 255.0 127.0
7 4 271.0 111.0
7 5 289.0 125.0
7 6 244.0 145.0
7 7 273.0 308.0
7 8 289.0 300.0
7 9 306.0 282.0
7 10 294.0 256.0
7 11 284.0 267.0
7 12 346.0 328.0
7 13 345.0 213.0
7 14 330.0 385.0
7 15 321.0 410.0
7 16 309.0 90.0
7 17 305.0 72.0
7 18 319.0 69.0
7 19 335.0 79.0
7 20 354.0 78.0
7 21 353.0 96.0
8 2 216.0 143.0
8 3 250.0 120.0
8 4 260.0 103.0
8 5 283.0 122.0
8 6 238.0 138.0
8 7 274.0 321.0
8 8 291.0 312.0
8 9 309.0 293.0
8 10 297.0 268.0
8 11 287.0 279.0
8 12 349.0 347.0
8 13 347.0 227.0
8 14 330.0 369.0
8 15 322.0 391.0
8 16 307.0 96.0
8 17 304.0 82.0
8 18 319.0 79.0
8 19 332.0 89.0
8 20 351.0 90.0
8 21 366.0 92.0
9 2 206.0 133.0
9 3 242.0 112.0
9 4 257.0 96.0
9 5 274.0 112.0
9 6 228.0 126.0
9 7 278.0 334.0
9 8 291.0 326.0
9 9 310.0 308.0
9 10 299.0 282.0
9 11 287.0 295.0
9 12 350.0 368.0
9 13 350.0 240.0
9 14 329.0 352.0
9 15 322.0 373.0
9 16 307.0 104.0
9 17 304.0 90.0
9 18 320.0 87.0
9 19 332.0 100.0
9 20 350.0 102.0
9 21 372.0 86.0
10 2 206.0 128.0
10 3 237.0 108.0
10 4 251.0 89.0
10 5 266.0 104.0
10 6 223.0 117.0
10 7 281.0 346.0
10 8 291.0 338.0
10 9 308.0 320.0
10 10 300.0 295.0
10 11 289.0 308.0
10 12 350.0 388.0
10 13 352.0 253.0
10 14 330.0 336.0
10 15 322.0 354.0
10 16 307.0 114.0
10 17 304.0 100.0
10 18 320.0 97.0
10 19 333.0 110.0
10 20 350.0 114.0
11 7 283.0 359.0
11 8 293.0 351.0
11 9 309.0 333.0
11 10 302.0 306.0
11 11 290.0 320.0
11 12 347.0 410.0
11 13 354.0 271.0
11 14 327.0 320.0
11 15 320.0 338.0
11 16 305.0 115.0
11 17 305.0 134.0
11 18 321.0 108.0
11 19 332.0 121.0
11 20 350.0 125.0
12 7 286.0 373.0
12 8 295.0 365.0
12 9 311.0 347.0
12 10 303.0 317.0
12 11 290.0 332.0
12 12 344.0 431.0
12 13 358.0 286.0
12 14 324.0 305.0
12 15 324.0 326.0
12 16 306.0 121.0
12 17 308.0 145.0
12 18 322.0 121.0
12 19 332.0 129.0
12 20 350.0 133.0
13 7 287.0 386.0
13 8 298.0 379.0
13 9 313.0 360.0
13 10 298.0 328.0
13 11 290.0 345.0
13 13 361.0 302.0
13 14 321.0 290.0
13 15 318.0 310.0
13 16 305.0 132.0
13 17 307.0 156.0
13 18 322.0 132.0
13 19 332.0 140.0
13 20 347.0 147.0
14 7 291.0 400.0
14 8 302.0 392.0
14 9 318.0 372.0
14 10 301.0 341.0
14 11 292.0 358.0
14 13 360.0 317.0
14 14 315.0 276.0
14 15 312.0 295.0
14 16 306.0 145.0
14 17 307.0 164.0
14 18 323.0 145.0
14 19 333.0 153.0
14 20 346.0 159.0
15 7 296.0 413.0
15 8 306.0 406.0
15 9 321.0 386.0
15 10 303.0 354.0
15 11 295.0 371.0
15 13 360.0 332.0
15 14 310.0 263.0
15 15 304.0 282.0
15 16 309.0 156.0
15 17 309.0 179.0
15 18 322.0 155.0
15 19 332.0 163.0
15 20 346.0 171.0
16 7 301.0 430.0
16 8 311.0 420.0
16 9 325.0 398.0
16 10 306.0 367.0
16 11 298.0 384.0
16 13 363.0 349.0
16 14 304.0 249.0
16 15 295.0 267.0
16 16 309.0 167.0
16 17 310.0 190.0
16 18 322.0 166.0
16 19 332.0 174.0
16 20 347.0 183.0
17 7 308.0 445.0
17 8 318.0 434.0
17 9 328.0 411.0
17 10 312.0 377.0
17 11 308.0 396.0
17 13 366.0 366.0
17 14 297.0 236.0
17 15 285.0 251.0
17 16 310.0 179.0
17 17 309.0 203.0
17 18 322.0 178.0
17 19 333.0 189.0
17 20 350.0 195.0
18 7 313.0 460.0
18 9 328.0 426.0
18 10 314.0 391.0
18 11 309.0 409.0
18 13 371.0 378.0
18 14 291.0 223.0
18 15 278.0 238.0
18 16 310.0 191.0
18 17 308.0 215.0
18 18 324.0 190.0
18 19 333.0 204.0
18 20 350.0 207.0
19 9 332.0 436.0
19 10 316.0 403.0
19 11 313.0 425.0
19 13 371.0 393.0
19 14 284.0 210.0
19 15 271.0 224.0
19 16 310.0 203.0
19 17 310.0 227.0
19 18 325.0 202.0
19 19 334.0 216.0
19 20 351.0 219.0
20 9 333.0 449.0
20 10 322.0 414.0
20 11 315.0 436.0
20 13 378.0 409.0
20 14 277.0 197.0
20 15 265.0 210.0
20 16 309.0 212.0
20 17 308.0 242.0
20 18 327.0 215.0
20 19 335.0 228.0
20 20 352.0 231.0
21 10 322.0 427.0
21 11 321.0 452.0
21 13 381.0 424.0
21 14 270.0 184.0
21 15 259.0 197.0
21 16 308.0 224.0
21 17 308.0 256.0
21 18 327.0 227.0
21 19 335.0 240.0
21 20 352.0 243.0
22 10 324.0 436.0
22 13 384.0 432.0
22 14 263.0 171.0
22 15 252.0 183.0
22 16 308.0 237.0
22 17 308.0 269.0
22 18 327.0 239.0
22 19 335.0 252.0
22 20 352.0 255.0
23 10 334.0 452.0
23 13 378.0 445.0
23 14 258.0 163.0
23 15 244.0 171.0
23 16 308.0 250.0
23 17 307.0 281.0
23 18 328.0 252.0
23 19 336.0 265.0
23 20 353.0 268.0
24 13 372.0 445.0
24 14 250.0 151.0
24 15 236.0 159.0
24 16 308.0 263.0
24 17 309.0 295.0
24 18 327.0 266.0
24 19 335.0 278.0
24 20 351.0 281.0
25 13 359.0 450.0
25 14 242.0 139.0
25 15 228.0 148.0
25 16 306.0 276.0
25 17 309.0 309.0
25 18 328.0 280.0
25 19 336.0 293.0
25 20 352.0 296.0
