1 1 322.0 314.0
1 2 300.0 375.0
1 3 297.0 425.0
2 1 316.0 286.0
2 2 293.0 367.0
2 3 297.0 413.0
3 1 312.0 256.0
3 2 290.0 351.0
3 3 292.0 402.0
4 1 309.0 225.0
4 2 287.0 345.0
4 3 288.0 392.0
5 1 306.0 195.0
5 2 285.0 335.0
5 3 287.0 381.0
6 1 304.0 166.0
6 2 283.0 326.0
6 3 285.0 372.0
6 4 302.0 403.0
6 5 318.0 401.0
6 6 344.0 414.0
7 1 298.0 138.0
7 2 281.0 316.0
7 3 279.0 363.0
7 4 301.0 391.0
7 5 317.0 389.0
7 6 344.0 400.0
7 7 317.0 442.0
8 2 282.0 307.0
8 3 277.0 351.0
8 4 300.0 376.0
8 5 321.0 374.0
8 6 344.0 384.0
8 7 309.0 425.0
9 2 283.0 297.0
9 3 279.0 340.0
9 4 298.0 364.0
9 5 319.0 362.0
9 6 342.0 369.0
9 7 302.0 412.0
10 2 283.0 286.0
10 3 274.0 331.0
10 4 297.0 355.0
10 5 317.0 349.0
10 6 340.0 353.0
10 7 291.0 398.0
11 2 285.0 274.0
11 3 269.0 322.0
11 4 295.0 343.0
11 5 315.0 336.0
11 6 339.0 340.0
11 7 285.0 384.0
12 2 285.0 263.0
12 3 268.0 315.0
12 4 292.0 330.0
12 5 313.0 324.0
12 6 338.0 326.0
12 7 284.0 368.0
13 2 284.0 253.0
13 3 268.0 315.0
13 4 291.0 319.0
13 5 312.0 313.0
13 6 336.0 313.0
13 7 282.0 354.0
14 2 285.0 242.0
14 3 261.0 296.0
14 4 291.0 307.0
14 5 311.0 300.0
14 6 334.0 301.0
14 7 279.0 339.0
14 8 215.0 127.0
14 9 222.0 121.0
14 10 239.0 103.0
14 11 206.0 90.0
14 12 199.0 105.0
15 2 285.0 232.0
15 3 262.0 289.0
15 4 289.0 295.0
15 5 312.0 287.0
15 6 333.0 288.0
15 7 277.0 324.0
15 8 220.0 137.0
15 9 231.0 129.0
15 10 246.0 114.0
15 11 214.0 97.0
15 12 207.0 112.0
15 13 311.0 63.0
16 2 286.0 223.0
16 3 261.0 278.0
16 4 287.0 284.0
16 5 310.0 276.0
16 6 331.0 276.0
16 7 273.0 311.0
16 8 224.0 145.0
16 9 236.0 138.0
16 10 252.0 121.0
16 11 221.0 105.0
16 12 214.0 120.0
16 13 313.0 73.0
17 2 288.0 212.0
17 3 255.0 270.0
17 4 287.0 272.0
17 5 308.0 265.0
17 6 327.0 265.0
17 7 269.0 300.0
17 8 229.0 154.0
17 9 241.0 147.0
17 10 256.0 129.0
17 11 229.0 119.0
17 12 219.0 130.0
17 13 317.0 85.0
18 2 288.0 201.0
18 3 252.0 263.0
18 4 286.0 262.0
18 5 306.0 253.0
18 6 324.0 253.0
18 7 267.0 280.0
18 8 233.0 162.0
18 9 245.0 155.0
18 10 258.0 138.0
18 11 235.0 128.0
18 12 225.0 139.0
18 13 322.0 100.0
18 14 289.0 60.0
19 2 287.0 193.0
19 3 256.0 248.0
19 4 284.0 251.0
19 5 303.0 242.0
19 6 321.0 243.0
19 7 263.0 266.0
19 8 235.0 170.0
19 9 248.0 164.0
19 10 260.0 147.0
19 11 239.0 134.0
19 12 230.0 147.0
19 13 326.0 116.0
19 14 294.0 69.0
20 2 289.0 184.0
20 3 252.0 241.0
20 4 287.0 239.0
20 5 302.0 231.0
20 6 318.0 233.0
20 7 263.0 266.0
20 8 239.0 179.0
20 9 253.0 173.0
20 10 263.0 156.0
20 11 245.0 142.0
20 12 236.0 155.0
20 13 330.0 131.0
20 14 299.0 79.0
21 2 288.0 171.0
21 3 244.0 237.0
21 4 288.0 229.0
21 5 303.0 219.0
21 6 317.0 222.0
21 7 258.0 246.0
21 8 243.0 189.0
21 9 256.0 182.0
21 10 264.0 166.0
21 11 249.0 146.0
21 12 242.0 158.0
21 13 333.0 146.0
21 14 304.0 87.0
22 2 289.0 161.0
22 3 242.0 227.0
22 4 287.0 218.0
22 5 302.0 208.0
22 6 315.0 212.0
22 7 256.0 236.0
22 8 247.0 198.0
22 9 259.0 191.0
22 10 268.0 174.0
22 11 254.0 154.0
22 12 247.0 166.0
22 13 335.0 162.0
22 14 310.0 95.0
23 2 287.0 152.0
23 3 241.0 217.0
23 4 287.0 208.0
23 5 302.0 198.0
23 6 313.0 202.0
23 7 254.0 237.0
23 8 253.0 204.0
23 9 264.0 200.0
23 10 272.0 183.0
23 11 259.0 162.0
23 12 251.0 174.0
23 13 336.0 173.0
23 14 314.0 107.0
24 2 288.0 142.0
24 3 237.0 211.0
24 4 287.0 198.0
24 5 302.0 187.0
24 6 313.0 192.0
24 7 249.0 223.0
24 8 258.0 217.0
24 9 267.0 209.0
24 10 273.0 190.0
24 11 262.0 172.0
24 12 254.0 184.0
24 13 336.0 188.0
24 14 319.0 117.0
25 2 293.0 133.0
25 3 237.0 199.0
25 4 284.0 188.0
25 5 299.0 177.0
25 6 312.0 183.0
25 7 248.0 216.0
25 8 262.0 227.0
25 9 271.0 219.0
25 10 277.0 200.0
25 11 266.0 181.0
25 12 258.0 193.0
25 13 337.0 204.0
25 14 322.0 130.0
