1 1 348.0 340.0
1 2 342.0 319.0
1 3 322.0 328.0
1 4 313.0 346.0
1 5 371.0 341.0
1 6 349.0 253.0
2 1 346.0 351.0
2 2 341.0 328.0
2 3 321.0 337.0
2 4 312.0 360.0
2 5 370.0 360.0
2 6 350.0 267.0
3 1 346.0 365.0
3 2 339.0 336.0
3 3 319.0 345.0
3 4 312.0 373.0
3 5 368.0 379.0
3 6 352.0 282.0
4 1 344.0 377.0
4 2 339.0 346.0
4 3 319.0 354.0
4 4 311.0 386.0
4 5 365.0 399.0
4 6 355.0 297.0
5 1 342.0 387.0
5 2 337.0 352.0
5 3 319.0 367.0
5 4 310.0 400.0
5 5 361.0 419.0
5 6 357.0 314.0
6 1 342.0 399.0
6 2 334.0 357.0
6 3 321.0 376.0
6 4 310.0 413.0
6 5 359.0 438.0
6 6 359.0 331.0
7 1 341.0 409.0
7 2 333.0 363.0
7 3 318.0 388.0
7 4 311.0 426.0
7 6 359.0 348.0
8 1 339.0 419.0
8 2 331.0 369.0
8 3 317.0 403.0
8 4 313.0 441.0
8 6 358.0 367.0
9 1 339.0 431.0
9 2 326.0 375.0
9 3 316.0 413.0
9 4 317.0 452.0
9 6 358.0 386.0
10 1 344.0 450.0
10 2 322.0 380.0
10 3 316.0 423.0
10 6 355.0 403.0
11 2 320.0 388.0
11 3 324.0 436.0
11 6 356.0 423.0
11 7 337.0 228.0
11 8 315.0 226.0
11 9 284.0 193.0
11 10 304.0 188.0
11 11 316.0 197.0
12 2 318.0 393.0
12 3 325.0 447.0
12 6 359.0 443.0
12 7 338.0 242.0
12 8 318.0 241.0
12 9 283.0 203.0
12 10 303.0 201.0
12 11 316.0 209.0
13 2 309.0 404.0
13 7 338.0 255.0
13 8 320.0 255.0
13 9 280.0 215.0
13 10 303.0 213.0
13 11 317.0 220.0
14 2 307.0 408.0
14 7 338.0 269.0
14 8 320.0 268.0
14 9 280.0 227.0
14 10 302.0 224.0
14 11 316.0 231.0
15 2 308.0 413.0
15 7 340.0 284.0
15 8 322.0 282.0
15 9 280.0 238.0
15 10 300.0 236.0
15 11 317.0 244.0
16 2 308.0 417.0
16 7 341.0 298.0
16 8 323.0 296.0
16 9 279.0 250.0
16 10 300.0 250.0
16 11 317.0 257.0
17 2 306.0 421.0
17 7 342.0 312.0
17 8 323.0 309.0
17 9 281.0 261.0
17 10 299.0 262.0
17 11 316.0 269.0
18 2 305.0 424.0
18 7 345.0 327.0
18 8 325.0 323.0
18 9 280.0 277.0
18 10 301.0 275.0
18 11 315.0 285.0
19 2 306.0 424.0
19 7 347.0 343.0
19 8 325.0 340.0
19 9 279.0 289.0
19 10 304.0 291.0
19 11 314.0 301.0
20 2 306.0 423.0
20 7 351.0 358.0
20 8 326.0 354.0
20 9 282.0 302.0
20 10 305.0 303.0
20 11 316.0 315.0
21 2 306.0 423.0
21 7 353.0 373.0
21 8 328.0 369.0
21 9 283.0 315.0
21 10 304.0 314.0
21 11 318.0 328.0
22 2 306.0 423.0
22 7 353.0 388.0
22 8 329.0 383.0
22 9 283.0 327.0
22 10 307.0 326.0
22 11 318.0 341.0
23 2 305.0 423.0
23 7 353.0 402.0
23 8 329.0 397.0
23 9 287.0 339.0
23 10 308.0 338.0
23 11 319.0 354.0
24 2 304.0 423.0
24 7 354.0 415.0
24 8 331.0 412.0
24 9 288.0 350.0
24 10 310.0 348.0
24 11 319.0 367.0
25 2 304.0 423.0
25 7 352.0 426.0
25 8 330.0 426.0
25 9 286.0 361.0
25 10 318.0 357.0
25 11 321.0 383.0
