1 1 559.5 353.3
1 2 238.5 277.5
1 3 232.8 303.6
1 4 221.7 369.3
1 5 211.6 340.7
2 1 581.6 352.4
2 2 220.8 272.0
2 3 214.5 300.8
2 4 239.8 368.6
2 5 229.3 340.2
3 1 603.7 351.6
3 2 203.5 266.6
3 3 196.2 298.1
3 4 258.0 367.9
3 5 247.0 339.3
4 1 625.8 350.8
4 2 186.2 261.2
4 3 178.0 295.3
4 4 276.1 367.2
4 5 264.6 338.2
5 2 168.9 255.8
5 3 160.3 290.3
5 4 294.8 366.7
5 5 282.3 337.0
6 2 152.6 252.5
6 3 143.0 283.9
6 4 315.6 366.7
6 5 299.9 335.9
7 2 136.2 249.1
7 3 125.6 277.5
7 4 336.3 366.7
7 5 317.5 334.7
8 2 119.9 245.7
8 3 108.3 271.1
8 4 357.0 366.7
8 5 335.1 333.6
9 2 104.1 241.5
9 3 91.4 265.4
9 4 377.8 366.7
9 5 355.8 332.3
10 2 89.8 235.4
10 3 74.7 260.0
10 4 398.5 366.7
10 5 377.3 331.1
11 2 75.4 229.2
11 3 57.9 254.6
11 4 419.0 367.1
11 5 398.8 329.8
12 2 61.0 223.1
12 3 42.1 246.9
12 4 438.3 369.1
12 5 420.2 328.6
13 2 53.3 216.5
13 3 28.5 233.9
13 4 457.7 371.2
13 5 441.7 327.3
14 2 46.4 209.7
14 3 14.9 220.9
14 4 477.0 373.2
14 5 462.4 327.7
14 6 383.8 479.1
14 7 353.2 478.8
15 2 39.5 203.0
15 4 496.3 375.3
15 5 482.4 329.7
15 6 394.0 472.6
15 7 363.6 468.0
16 2 33.3 196.2
16 4 515.7 377.3
16 5 502.3 331.8
16 6 404.1 466.1
16 7 373.9 457.2
17 2 28.9 189.0
17 4 535.7 378.0
17 5 522.3 333.8
17 6 416.4 452.4
17 7 386.3 439.7
18 2 24.4 181.8
18 4 556.4 377.4
18 5 542.2 335.9
18 6 429.8 435.5
18 7 399.1 420.6
19 2 20.0 174.6
19 4 577.0 376.7
19 5 561.7 336.2
19 6 443.1 418.6
19 7 412.2 401.6
20 2 15.6 167.4
20 4 597.7 376.1
20 5 580.7 335.4
20 6 456.4 401.7
20 7 428.0 384.2
21 4 618.4 375.4
21 5 599.8 334.6
21 6 470.5 390.8
21 7 443.8 366.7
22 5 618.9 333.7
22 6 484.8 382.5
22 7 459.6 358.8
23 6 499.4 374.4
23 7 475.4 351.9
24 6 514.4 366.7
24 7 495.4 344.9
25 6 529.4 359.0
25 7 518.0 337.8
