1 1 110.1 309.8
1 2 100.1 339.0
1 3 568.4 315.1
1 4 488.8 332.0
1 5 137.9 240.8
1 6 169.0 269.8
1 7 244.7 337.1
1 8 235.9 361.9
1 9 248.3 376.4
1 10 518.1 416.5
1 11 598.7 381.9
2 1 90.7 313.2
2 2 79.4 343.1
2 3 591.9 318.8
2 4 511.3 331.9
2 5 117.3 240.0
2 6 149.1 270.9
2 7 263.9 335.3
2 8 254.9 359.6
2 9 268.6 374.1
2 10 508.2 423.2
2 11 582.3 386.5
3 1 71.5 317.1
3 2 58.7 347.1
3 3 615.3 322.5
3 4 534.3 332.1
3 5 96.1 244.0
3 6 128.9 272.2
3 7 283.1 333.5
3 8 273.9 357.3
3 9 286.9 371.8
3 10 498.2 429.8
3 11 565.8 391.1
4 1 52.4 321.0
4 2 36.7 350.3
4 4 557.3 332.3
4 5 74.9 248.0
4 6 108.1 274.0
4 7 302.2 331.7
4 8 292.9 355.0
4 9 305.2 369.4
4 10 491.6 438.6
4 11 553.1 398.7
5 1 33.2 325.0
5 2 14.3 353.1
5 4 579.7 334.1
5 5 53.7 252.0
5 6 87.4 275.7
5 7 322.6 329.6
5 8 311.9 352.7
5 9 323.5 367.1
5 10 487.3 448.7
5 11 542.0 407.6
6 1 14.0 328.9
6 4 600.8 339.2
6 5 32.5 256.0
6 6 66.7 277.5
6 7 343.1 327.6
6 8 333.0 351.9
6 9 343.9 366.7
6 10 483.0 458.8
6 11 530.9 416.4
7 4 622.0 344.4
7 5 11.4 260.0
7 6 45.7 281.4
7 7 363.5 325.6
7 8 354.4 351.2
7 9 364.9 366.7
7 10 478.6 467.8
7 11 519.8 426.3
8 6 24.8 285.2
8 7 384.4 324.0
8 8 375.9 350.5
8 9 385.9 366.7
8 10 473.9 474.4
8 11 508.7 437.2
9 7 406.4 323.6
9 8 397.3 349.8
9 9 406.9 366.7
9 11 497.6 448.2
10 7 428.4 323.2
10 8 418.7 349.2
10 9 427.9 366.6
10 11 487.3 458.3
11 7 450.3 322.7
11 8 440.7 348.8
11 9 448.6 365.6
11 11 479.1 466.7
12 7 471.8 322.1
12 8 462.7 348.4
12 9 469.3 364.7
12 11 470.9 475.0
13 7 492.7 321.2
13 8 484.7 348.0
13 9 490.1 363.8
14 7 513.6 320.4
14 8 506.7 347.7
14 9 511.2 363.3
15 7 534.4 319.6
15 8 528.5 346.9
15 9 532.6 363.3
15 12 536.8 60.6
15 13 565.8 58.6
16 7 555.3 318.8
16 8 550.1 346.0
16 9 554.1 363.3
16 12 540.5 72.2
16 13 566.4 66.2
17 7 576.2 317.9
17 8 571.6 345.1
17 9 575.5 363.3
17 12 544.2 83.8
17 13 567.0 73.7
18 7 597.1 317.1
18 8 593.2 344.2
18 9 597.0 363.3
18 12 547.9 95.4
18 13 567.6 81.3
19 7 618.0 316.2
19 8 614.7 343.2
19 9 618.4 363.3
19 12 549.2 105.2
19 13 568.9 90.1
20 12 549.0 113.9
20 13 571.2 100.8
21 12 548.9 122.6
21 13 573.6 111.5
22 12 548.7 131.2
22 13 575.9 122.2
23 12 548.5 139.9
23 13 578.2 132.9
24 12 548.5 148.8
24 13 579.0 142.6
25 12 548.7 157.7
25 13 579.4 152.1
