1 1 87.4 235.9
1 2 306.7 377.6
1 3 54.8 278.1
1 4 41.6 309.4
2 1 76.7 232.9
2 2 286.8 379.3
2 3 72.1 278.3
2 4 56.9 310.2
3 1 66.0 229.8
3 2 266.7 381.3
3 3 88.9 279.4
3 4 73.2 311.2
4 1 55.3 226.8
4 2 246.7 383.3
4 3 105.7 280.6
4 4 92.0 312.6
5 1 46.7 222.1
5 2 226.6 385.3
5 3 122.5 281.8
5 4 110.8 313.9
5 5 615.0 341.9
6 1 41.2 214.8
6 2 206.5 387.3
6 3 139.3 283.1
6 4 129.6 315.2
6 5 584.6 342.5
7 1 35.7 207.5
7 2 185.7 387.7
7 3 156.1 284.3
7 4 148.3 316.5
7 5 554.2 343.0
8 1 30.2 200.3
8 2 164.3 386.3
8 3 173.6 285.4
8 4 167.2 317.8
8 5 524.4 345.0
9 1 24.7 193.0
9 2 142.9 385.0
9 3 191.9 286.4
9 4 186.1 319.0
9 5 495.4 349.2
10 1 19.2 185.7
10 2 121.5 383.7
10 3 210.2 287.4
10 4 205.0 320.2
10 5 466.4 353.3
11 2 100.2 382.6
11 3 228.5 288.5
11 4 223.9 321.4
11 5 437.4 357.5
11 6 620.2 356.7
12 2 80.1 383.5
12 3 246.8 289.5
12 4 242.8 322.6
12 5 407.3 360.1
12 6 586.0 353.4
13 2 59.9 384.4
13 3 266.0 290.2
13 4 261.9 323.5
13 5 376.6 361.8
13 6 551.8 350.1
14 2 39.8 385.4
14 3 285.9 290.5
14 4 280.9 324.3
14 5 345.9 363.4
14 6 518.7 347.8
15 2 19.6 386.3
15 3 305.9 290.9
15 4 300.0 325.2
15 5 315.2 365.0
15 6 489.8 349.4
16 3 325.8 291.2
16 4 319.1 326.1
16 5 284.4 366.7
16 6 460.9 351.1
17 3 345.8 291.5
17 4 338.8 326.1
17 5 256.0 365.6
17 6 432.0 352.7
18 3 365.9 291.0
18 4 359.8 324.3
18 5 227.6 364.5
18 6 402.8 352.8
19 3 386.1 290.0
19 4 380.9 322.4
19 5 199.2 363.4
19 6 373.4 352.0
20 3 406.3 289.0
20 4 402.0 320.6
20 5 170.8 362.3
20 6 344.0 351.1
21 3 426.4 287.9
21 4 423.0 318.7
21 5 142.0 361.7
21 6 314.6 350.3
21 7 21.1 240.3
21 8 30.8 207.8
22 3 446.6 286.9
22 4 444.1 316.9
22 5 112.4 361.9
22 6 285.1 351.0
22 7 36.7 247.2
22 8 46.3 216.4
23 3 462.0 285.6
23 4 463.6 314.7
23 5 82.8 362.1
23 6 255.6 352.5
23 7 52.8 254.1
23 8 62.4 224.5
24 3 476.1 284.4
24 4 482.9 312.5
24 5 53.2 362.2
24 6 226.1 354.0
24 7 73.9 262.2
24 8 80.9 230.4
25 3 490.2 283.1
25 4 502.3 310.4
25 5 23.7 362.4
25 6 196.5 355.5
25 7 94.9 270.3
25 8 99.5 236.3
