1 1 292.4 307.9
1 2 283.9 284.3
1 3 150.5 263.0
1 4 133.3 285.6
2 1 308.0 310.9
2 2 301.3 288.3
2 3 153.3 261.4
2 4 140.4 283.7
3 1 324.2 313.8
3 2 320.2 289.6
3 3 155.0 259.9
3 4 147.6 281.9
4 1 340.4 316.7
4 2 339.0 290.8
4 3 156.7 258.5
4 4 154.7 280.0
4 5 17.3 296.1
5 1 359.5 319.8
5 2 357.8 292.0
5 3 158.3 257.1
5 4 159.4 279.5
5 5 48.4 303.3
6 1 378.6 322.8
6 2 376.5 293.5
6 3 160.0 255.6
6 4 164.0 279.1
6 5 78.8 309.6
7 1 397.6 325.5
7 2 395.1 295.0
7 3 161.7 254.2
7 4 168.7 278.6
7 5 107.2 313.8
8 1 416.3 327.2
8 2 413.8 296.6
8 3 167.9 253.2
8 4 176.8 278.9
8 5 135.7 317.6
9 1 434.9 328.8
9 2 432.4 298.2
9 3 181.2 253.0
9 4 189.8 280.2
9 5 164.3 320.7
9 6 621.4 315.0
10 1 453.8 330.1
10 2 450.7 300.4
10 3 194.4 252.8
10 4 202.8 281.6
10 5 193.0 323.8
10 6 593.2 306.7
11 1 473.3 330.4
11 2 468.4 303.4
11 3 207.6 252.5
11 4 215.8 282.9
11 5 222.8 326.6
11 6 567.8 300.2
12 1 492.8 330.7
12 2 486.2 306.5
12 3 223.3 254.2
12 4 228.9 284.5
12 5 253.4 329.3
12 6 543.2 294.1
13 1 514.3 332.9
13 2 505.2 308.9
13 3 239.3 256.1
13 4 242.5 287.3
13 5 284.0 332.0
13 6 518.3 288.0
14 1 536.7 335.8
14 2 526.0 310.5
14 3 255.3 257.9
14 4 256.0 290.2
14 5 315.3 334.9
14 6 493.3 282.0
15 1 559.1 338.7
15 2 546.8 312.0
15 3 271.3 259.8
15 4 269.6 293.0
15 5 346.5 337.9
15 6 468.2 277.1
16 1 581.4 341.6
16 2 567.6 313.6
16 3 285.6 263.1
16 4 282.9 296.1
16 5 377.8 340.8
16 6 443.3 273.9
17 1 603.8 344.5
17 2 588.3 315.1
17 3 299.7 266.6
17 4 295.4 299.7
17 5 410.8 343.8
17 6 418.5 269.9
18 1 626.2 347.5
18 2 609.1 316.6
18 3 313.8 270.0
18 4 308.0 303.3
18 5 443.8 346.8
18 6 394.3 263.9
19 2 629.9 318.2
19 3 327.8 273.5
19 4 320.6 307.0
19 5 477.0 350.1
19 6 370.2 257.9
20 3 342.0 276.6
20 4 333.1 310.6
20 5 510.8 355.0
20 6 345.4 254.2
21 3 356.1 279.7
21 4 345.9 314.1
21 5 544.6 359.9
21 6 320.5 251.2
22 3 370.2 282.8
22 4 358.8 317.7
22 5 578.4 364.8
22 6 295.6 248.1
23 3 384.3 285.9
23 4 371.7 321.2
23 5 612.3 369.7
23 6 271.5 246.1
24 3 397.9 288.6
24 4 384.6 324.8
24 6 247.6 244.4
25 3 409.6 289.8
25 4 399.0 328.1
25 6 223.7 242.7
