1 1 548.8 166.7
1 2 579.8 161.6
2 1 548.9 175.6
2 2 580.2 171.1
3 1 549.1 184.5
3 2 580.4 180.8
4 1 549.2 193.5
4 2 580.2 190.8
5 1 549.3 202.4
5 2 580.0 200.8
6 1 546.9 212.4
6 2 579.8 210.8
7 1 544.2 222.5
7 2 579.6 220.8
8 1 541.5 232.6
8 2 576.9 231.2
9 1 536.3 241.7
9 2 571.5 241.9
10 1 529.3 250.0
10 2 566.1 252.6
11 1 520.8 257.2
11 2 555.1 262.6
12 1 508.5 261.9
12 2 541.8 272.2
13 1 496.2 266.5
13 2 528.0 281.2
14 1 483.9 271.2
14 2 509.9 284.7
15 1 468.6 271.3
15 2 491.8 288.2
16 1 453.0 270.8
16 2 473.8 291.7
17 1 437.4 270.4
17 2 455.2 291.1
18 1 421.9 269.5
18 2 436.7 290.6
19 1 406.7 266.8
19 2 418.1 290.0
20 1 391.6 264.1
20 2 399.6 289.5
20 3 621.7 242.1
21 1 376.5 261.4
21 2 381.3 288.0
21 3 603.1 245.2
22 1 361.0 258.5
22 2 363.3 285.1
22 3 584.5 248.2
23 1 345.2 255.5
23 2 345.3 282.2
23 3 566.1 252.5
24 1 329.3 252.5
24 2 327.3 279.3
24 3 547.9 258.9
24 4 22.0 340.9
24 5 27.0 382.8
25 1 313.5 249.5
25 2 309.5 276.4
25 3 529.8 265.2
25 4 40.6 339.1
25 5 59.6 381.7
