1 1 106.5 235.8
1 2 286.3 314.6
1 3 291.0 375.6
1 4 293.7 342.8
1 5 235.0 307.4
2 1 117.2 235.3
2 2 267.3 319.5
2 3 270.9 375.2
2 4 273.4 343.1
2 5 257.9 304.5
3 1 127.5 234.6
3 2 248.5 320.7
3 3 250.7 374.8
3 4 253.4 344.0
3 5 280.8 302.1
4 1 137.4 233.7
4 2 229.7 321.8
4 3 230.5 374.4
4 4 233.5 344.9
4 5 303.2 301.7
5 1 147.3 232.7
5 2 211.0 323.0
5 3 210.1 374.3
5 4 213.5 345.8
5 5 325.6 301.7
6 1 157.2 231.8
6 2 191.0 323.9
6 3 189.5 374.5
6 4 193.6 346.7
6 5 347.9 302.1
7 1 163.9 231.4
7 2 170.5 324.8
7 3 168.9 374.6
7 4 174.0 347.0
7 5 369.6 306.9
7 6 619.8 241.8
8 1 170.2 231.0
8 2 149.9 325.6
8 3 148.3 374.8
8 4 154.3 347.4
8 5 391.2 311.6
8 6 596.5 246.2
9 1 176.5 230.7
9 2 129.4 326.5
9 3 127.5 375.1
9 4 134.7 347.7
9 5 412.9 316.6
9 6 572.7 250.9
10 1 182.8 230.3
10 2 110.5 328.2
10 3 105.2 376.5
10 4 115.1 348.1
10 5 435.8 324.4
10 6 548.4 255.9
11 1 188.8 229.9
11 2 92.0 330.1
11 3 82.8 377.9
11 4 94.9 349.1
11 5 458.6 332.2
11 6 523.4 261.0
12 1 192.6 228.4
12 2 73.4 332.0
12 3 60.4 379.3
12 4 73.7 351.6
12 5 481.7 339.8
12 6 495.8 265.8
13 1 196.4 227.0
13 2 53.7 334.1
13 3 38.0 380.7
13 4 52.4 354.1
13 5 507.3 345.8
13 6 468.4 269.7
14 1 200.2 225.6
14 2 31.1 336.5
14 3 15.6 382.1
14 4 31.1 356.6
14 5 532.9 351.8
14 6 441.8 271.6
15 1 204.0 224.2
15 2 8.5 338.9
15 4 9.8 359.2
15 5 559.3 355.5
15 6 415.3 273.1
16 1 205.3 223.6
16 5 586.2 357.8
16 6 390.0 271.3
17 1 202.9 224.4
17 5 613.1 360.1
17 6 364.8 269.4
18 1 200.6 225.1
18 6 339.6 267.5
19 1 198.2 225.8
19 6 311.5 266.2
20 1 191.6 227.0
20 6 283.4 264.9
21 1 184.9 228.1
21 6 255.4 263.6
22 1 178.2 229.2
22 6 229.3 261.7
23 1 171.6 230.4
23 6 203.8 259.6
24 1 164.9 231.3
24 6 178.2 257.5
25 1 158.3 232.2
25 6 153.3 253.7
