1 1 568.0 342.5
1 2 563.6 325.0
1 3 503.1 325.0
1 4 499.6 300.0
1 5 368.0 325.8
1 6 343.1 359.2
1 7 266.7 345.8
1 8 183.1 223.3
2 1 546.3 342.5
2 2 541.7 325.3
2 3 485.9 322.4
2 4 480.7 298.0
2 5 353.1 327.6
2 6 363.7 360.7
2 7 286.6 351.2
2 8 192.4 226.0
3 1 524.6 342.5
3 2 519.8 325.6
3 3 468.7 319.8
3 4 461.9 296.1
3 5 338.2 329.4
3 6 384.2 362.3
3 7 306.5 356.5
3 8 201.6 228.7
4 1 503.4 341.8
4 2 499.0 325.2
4 3 451.4 317.2
4 4 443.1 294.1
4 5 323.3 331.2
4 6 404.8 363.9
4 7 327.2 360.7
4 8 209.3 229.6
4 9 619.4 356.6
5 1 482.7 340.4
5 2 479.8 323.6
5 3 434.2 315.6
5 4 425.3 293.3
5 5 308.3 333.8
5 6 421.9 363.9
5 7 348.7 363.7
5 8 215.4 228.8
5 9 595.1 361.3
6 1 461.9 339.0
6 2 460.6 322.0
6 3 416.9 314.2
6 4 408.3 293.3
6 5 293.2 338.2
6 6 438.2 363.5
6 7 370.1 366.7
6 8 221.6 228.0
6 9 572.1 364.4
7 1 442.1 340.6
7 2 440.9 322.0
7 3 399.6 312.8
7 4 391.3 293.3
7 5 278.0 342.6
7 6 453.1 361.3
7 7 391.6 369.7
7 8 227.7 227.2
7 9 551.1 365.1
8 1 423.2 345.2
8 2 420.0 325.7
8 3 382.3 311.4
8 4 374.3 293.3
8 5 262.8 347.1
8 6 466.0 356.2
8 7 413.0 373.8
8 8 234.1 226.5
8 9 530.1 365.8
9 1 404.2 349.8
9 2 399.2 329.4
9 3 364.7 309.8
9 4 357.3 293.3
9 5 246.6 349.7
9 6 480.6 347.5
9 7 434.3 377.9
9 8 241.0 226.1
9 9 511.0 364.3
10 1 384.1 354.5
10 2 377.8 333.8
10 3 347.1 308.2
10 4 339.2 291.6
10 5 230.3 352.3
10 6 496.4 336.4
10 7 457.6 380.1
10 8 247.9 225.6
10 9 492.1 362.5
11 1 362.0 359.4
11 2 355.8 339.0
11 3 329.5 306.7
11 4 321.1 289.6
11 5 213.9 354.7
11 6 512.2 325.3
11 7 481.0 382.1
11 8 254.8 225.1
11 9 473.9 363.7
12 1 340.0 364.4
12 2 333.7 344.3
12 3 311.9 305.1
12 4 302.9 287.7
12 5 197.5 357.3
12 6 525.8 313.1
12 7 503.4 383.3
12 8 259.1 224.0
12 9 456.5 367.7
13 1 317.6 367.0
13 2 311.8 347.1
13 3 294.5 304.1
13 4 284.7 285.7
13 5 181.2 359.7
13 6 539.1 300.9
13 7 524.1 383.3
13 8 262.3 222.5
13 9 439.0 371.7
13 10 14.6 236.2
14 1 295.1 368.7
14 2 290.0 348.8
14 3 277.3 303.9
14 4 267.0 283.9
14 5 165.5 361.7
14 6 552.4 288.6
14 7 544.9 383.3
14 8 265.5 221.0
14 9 417.1 374.6
14 10 26.8 239.6
15 1 272.5 370.3
15 2 268.2 350.6
15 3 260.1 303.7
15 4 250.7 282.5
15 5 149.9 363.6
15 6 563.1 274.9
15 7 566.7 380.9
15 8 265.2 219.2
15 9 394.0 377.3
15 10 39.1 243.1
16 1 249.6 371.4
16 2 246.7 351.7
16 3 242.9 303.5
16 4 234.4 281.1
16 5 134.3 365.4
16 6 567.6 257.7
16 7 590.3 374.7
16 8 264.6 217.4
16 9 372.1 378.7
16 10 53.0 246.4
17 1 226.5 372.2
17 2 225.8 351.7
17 3 225.7 303.4
17 4 218.1 279.7
17 5 118.7 367.3
17 6 571.9 241.5
17 7 613.8 368.5
17 8 263.0 215.9
17 9 353.2 377.1
17 10 73.7 249.4
18 1 203.4 373.1
18 2 204.9 351.7
18 3 209.6 302.8
18 4 201.8 278.3
18 5 103.1 369.2
18 6 576.2 226.0
18 8 253.0 216.5
18 9 334.3 375.6
18 10 94.3 252.3
19 1 181.8 375.8
19 2 183.6 352.4
19 3 193.6 302.3
19 4 186.0 276.8
19 5 88.7 369.2
19 6 580.5 210.6
19 8 242.9 217.2
19 9 315.3 374.3
19 10 115.0 255.2
20 1 160.8 379.2
20 2 161.3 354.8
20 3 177.6 301.7
20 4 170.8 274.9
20 5 74.4 369.2
20 6 580.9 195.8
20 8 232.9 217.8
20 9 295.3 375.2
20 10 135.4 257.5
21 1 139.8 382.7
21 2 139.1 357.1
21 3 161.6 301.2
21 4 155.7 273.0
21 5 60.0 369.2
21 6 580.5 181.1
21 8 223.3 218.1
21 9 275.2 376.2
21 10 155.9 259.5
21 11 20.0 225.0
22 1 119.0 386.1
22 2 118.0 359.1
22 3 145.5 299.7
22 4 140.6 271.1
22 5 45.6 369.2
22 6 580.0 166.5
22 8 215.1 216.9
22 9 255.1 377.1
22 10 176.3 261.5
22 11 42.2 233.3
23 1 99.6 388.3
23 2 97.9 360.8
23 3 129.1 296.9
23 4 126.5 269.2
23 5 31.2 369.2
23 6 579.5 152.0
23 8 207.0 215.8
23 9 235.3 376.7
23 10 196.7 263.6
23 11 66.0 239.7
24 1 80.2 390.5
24 2 77.8 362.4
24 3 112.7 294.0
24 4 114.0 267.1
24 5 16.8 369.2
24 6 578.9 138.3
24 8 198.8 214.6
24 9 215.6 375.3
24 10 216.7 266.4
24 11 93.4 241.3
25 1 60.9 392.8
25 2 57.9 364.5
25 3 96.4 291.2
25 4 101.5 265.0
25 6 578.3 124.7
25 8 190.5 214.7
25 9 195.9 374.0
25 10 236.7 269.2
25 11 120.7 243.0
