1 1 495.3 327.4
1 2 152.1 248.3
1 3 268.9 414.9
1 10 38.4 204.0
2 1 511.4 327.1
2 2 133.2 248.3
2 3 253.9 382.4
2 4 316.5 472.3
2 10 39.8 208.8
3 1 527.5 326.7
3 2 114.2 248.3
3 3 242.1 369.4
3 4 311.6 463.4
3 5 622.0 306.9
3 10 41.1 213.5
4 1 540.4 328.1
4 2 94.8 248.0
4 3 230.6 358.6
4 4 297.9 450.1
4 5 602.6 301.2
4 10 44.4 217.1
5 1 552.6 329.8
5 2 75.1 247.3
5 3 221.1 348.5
5 4 283.2 436.3
5 5 582.8 297.6
5 6 630.4 319.5
5 10 49.5 219.8
6 1 565.4 329.7
6 2 55.3 246.7
6 3 219.9 340.9
6 4 268.2 422.7
6 5 562.5 296.2
6 6 613.5 316.9
6 7 627.7 396.9
6 8 634.7 370.0
6 10 54.6 222.4
7 1 578.3 329.3
7 2 41.5 240.0
7 3 218.8 333.3
7 4 252.8 409.4
7 5 542.3 294.7
7 6 596.7 314.3
7 7 601.7 394.8
7 8 610.0 368.5
7 9 613.2 287.1
7 10 59.8 225.0
8 1 594.9 331.2
8 2 28.4 232.5
8 3 211.7 330.2
8 4 237.3 396.1
8 5 522.5 297.0
8 6 578.9 312.7
8 7 575.7 392.7
8 8 585.4 367.0
8 9 590.3 284.0
8 10 62.0 229.3
9 1 613.0 334.2
9 2 18.2 217.9
9 3 204.0 327.7
9 4 218.8 389.3
9 5 502.9 301.6
9 6 559.0 313.2
9 7 549.9 391.9
9 8 558.9 365.1
9 9 571.3 281.9
9 10 62.9 234.1
10 1 631.1 337.2
10 2 8.0 203.3
10 3 191.6 327.8
10 4 198.3 386.7
10 5 483.8 306.0
10 6 539.1 313.8
10 7 524.4 392.3
10 8 532.0 363.2
10 9 553.2 280.1
10 10 63.8 239.0
11 2 6.4 195.9
11 3 176.2 329.6
11 4 177.8 384.2
11 5 468.9 307.3
11 6 520.6 314.7
11 7 498.9 392.8
11 8 505.1 361.3
11 9 535.1 278.3
11 10 63.6 240.2
12 2 4.8 188.5
12 3 159.7 331.2
12 4 160.5 383.7
12 5 453.8 308.6
12 6 504.4 316.2
12 7 473.4 393.2
12 8 478.3 359.6
12 9 515.6 279.4
12 10 63.0 240.5
13 3 141.0 332.3
13 4 142.5 383.5
13 5 438.4 309.9
13 6 488.1 317.6
13 7 447.8 392.3
13 8 451.8 358.4
13 9 496.0 280.6
13 10 62.5 240.8
14 3 122.3 333.5
14 4 121.8 384.3
14 5 423.0 309.2
14 6 470.7 317.4
14 7 422.2 390.9
14 8 425.4 357.2
14 9 476.4 281.7
14 10 61.9 241.2
15 3 103.4 335.3
15 4 101.0 385.2
15 5 408.0 303.8
15 6 452.1 315.6
15 7 396.5 389.5
15 8 398.9 356.0
15 9 458.9 283.0
15 10 61.4 241.5
16 3 84.1 338.2
16 4 81.0 385.6
16 5 392.9 298.3
16 6 433.5 313.8
16 7 370.9 388.0
16 8 372.9 354.6
16 9 441.4 284.3
16 10 60.8 241.8
17 3 64.8 341.1
17 4 63.9 384.6
17 5 378.8 295.9
17 6 415.3 312.1
17 7 345.2 386.6
17 8 348.6 352.9
17 9 423.9 285.6
17 10 60.3 242.1
18 3 45.7 343.6
18 4 46.8 383.6
18 5 364.7 293.5
18 6 398.3 311.0
18 7 319.6 385.2
18 8 324.4 351.1
18 9 407.3 285.6
18 10 59.7 242.4
19 3 26.9 345.9
19 4 29.6 382.6
19 5 350.0 292.5
19 6 381.3 309.8
19 7 293.9 383.8
19 8 300.1 349.4
19 9 390.8 285.4
19 10 59.2 242.7
20 3 8.1 348.1
20 5 334.8 292.5
20 6 364.3 308.6
20 7 269.6 382.4
20 8 275.8 347.6
20 9 374.3 285.1
20 10 58.6 243.0
21 5 319.8 292.3
21 6 347.2 307.8
21 7 245.8 381.2
21 8 251.6 345.8
21 9 357.5 284.2
21 10 58.1 243.3
22 5 305.3 291.3
22 6 330.1 307.2
22 7 222.0 379.9
22 8 228.2 345.2
22 9 340.2 282.3
22 10 57.5 243.6
23 5 290.9 290.2
23 6 313.0 306.6
23 7 198.1 378.6
23 8 204.9 344.6
23 9 322.9 280.4
23 10 57.0 243.9
24 5 276.4 289.2
24 6 295.9 306.0
24 7 174.3 377.4
24 8 181.6 344.0
24 9 305.5 278.5
24 10 56.4 244.2
25 5 261.1 286.1
25 6 278.2 303.9
25 7 150.5 376.1
25 8 158.2 343.3
25 9 289.1 276.4
25 10 55.9 244.5
