1 1 570.2 327.9
1 2 558.4 352.7
1 3 364.1 386.5
1 4 136.0 335.4
1 5 139.4 369.1
2 1 590.1 328.6
2 2 577.3 355.5
2 3 340.6 387.1
2 4 153.8 335.0
2 5 160.3 367.9
3 1 609.9 329.2
3 2 597.9 356.9
3 3 317.1 387.6
3 4 171.6 334.6
3 5 180.5 365.5
4 1 629.8 329.9
4 2 619.5 357.2
4 3 293.7 387.9
4 4 189.3 334.2
4 5 200.7 363.0
5 3 270.3 388.3
5 4 209.9 331.9
5 5 220.9 360.5
6 3 247.0 388.7
6 4 230.8 329.4
6 5 241.4 358.3
7 3 223.6 389.0
7 4 251.7 326.9
7 5 264.1 358.3
8 3 201.2 388.3
8 4 272.6 324.4
8 5 286.7 358.3
9 3 179.5 386.8
9 4 292.3 321.7
9 5 309.4 358.3
10 3 157.7 385.3
10 4 312.0 318.9
10 5 332.1 358.3
11 3 136.0 383.8
11 4 331.6 316.1
11 5 354.3 358.2
11 6 9.8 369.2
12 3 114.3 382.9
12 4 351.2 313.3
12 5 374.8 357.3
12 6 31.1 363.2
12 7 20.9 326.4
13 3 92.7 386.4
13 4 371.0 310.8
13 5 395.3 356.5
13 6 52.4 357.2
13 7 44.0 321.8
14 3 71.1 390.0
14 4 392.1 310.6
14 5 415.8 355.6
14 6 73.6 351.8
14 7 67.0 317.1
14 8 17.1 343.6
15 3 51.4 387.7
15 4 413.2 310.4
15 5 436.3 354.8
15 6 94.7 347.1
15 7 88.8 314.2
15 8 38.3 341.5
15 9 29.8 364.4
16 3 31.7 385.3
16 4 434.3 310.2
16 5 457.4 354.5
16 6 115.7 342.4
16 7 110.4 311.4
16 8 59.6 339.5
16 9 53.3 363.5
17 3 11.9 383.0
17 4 455.3 310.0
17 5 479.7 355.6
17 6 136.9 338.6
17 7 132.1 308.6
17 8 80.9 337.5
17 9 76.8 362.6
18 4 476.4 310.8
18 5 502.0 356.7
18 6 158.1 335.8
18 7 154.6 306.0
18 8 102.3 333.2
18 9 99.1 358.6
19 4 497.5 311.7
19 5 524.3 357.8
19 6 179.4 333.1
19 7 177.2 303.4
19 8 123.7 329.0
19 9 121.3 354.2
20 4 518.6 312.7
20 5 546.6 358.9
20 6 201.2 331.0
20 7 199.8 300.7
20 8 145.2 324.7
20 9 143.6 349.9
21 4 540.2 314.0
21 5 568.3 357.9
21 6 225.2 331.9
21 7 222.9 298.4
21 8 166.8 320.6
21 9 165.8 345.5
22 4 562.9 316.1
22 5 589.8 356.4
22 6 249.1 332.7
22 7 246.8 296.5
22 8 190.0 318.0
22 9 188.7 342.8
23 4 585.6 318.2
23 5 611.4 354.9
23 6 273.0 333.6
23 7 270.8 294.6
23 8 213.1 315.5
23 9 212.3 341.6
24 4 608.4 320.4
24 5 632.9 353.3
24 6 296.8 334.0
24 7 294.7 292.6
24 8 236.3 313.0
24 9 236.0 340.5
25 4 631.1 322.5
25 6 320.2 333.5
25 7 316.8 291.2
25 8 259.5 310.4
25 9 259.6 339.4
