1 1 61.8 217.9
1 2 28.4 295.9
1 3 211.4 227.1
1 4 208.1 249.0
1 5 120.2 295.4
1 6 163.3 245.4
1 7 63.1 295.8
2 1 61.8 217.6
2 2 12.3 285.8
2 3 225.0 228.3
2 4 220.9 248.7
2 5 110.5 310.6
2 6 175.1 247.0
2 7 61.7 307.3
3 1 61.9 217.3
3 2 2.7 272.9
3 3 238.5 229.4
3 4 233.7 248.5
3 5 100.8 325.4
3 6 188.6 247.3
3 7 59.2 321.0
4 1 61.9 217.0
4 3 251.3 230.6
4 4 246.6 248.6
4 5 90.9 340.0
4 6 202.8 247.1
4 7 54.4 334.4
5 1 61.9 216.7
5 3 263.1 231.7
5 4 259.6 249.7
5 5 81.1 354.6
5 6 217.1 246.9
5 7 45.8 347.4
6 1 61.9 216.4
6 3 275.0 232.9
6 4 272.7 250.7
6 5 72.0 369.6
6 6 230.7 246.4
6 7 37.3 360.4
7 1 61.9 216.1
7 3 286.8 234.1
7 4 285.7 252.1
7 5 63.1 384.7
7 6 242.1 245.3
7 7 27.1 373.0
8 1 62.0 215.8
8 3 301.2 239.2
8 4 297.8 256.0
8 5 54.5 399.7
8 6 253.4 244.1
8 7 16.6 385.7
9 1 62.0 215.5
9 3 315.8 244.9
9 4 309.9 259.9
9 5 48.0 413.1
9 6 264.4 243.8
9 7 6.2 398.3
10 1 62.0 215.3
10 3 330.5 250.5
10 4 322.0 263.9
10 5 41.6 426.5
10 6 274.6 245.3
11 1 62.0 215.0
11 3 345.5 256.5
11 4 335.0 268.2
11 5 35.2 440.0
11 6 284.8 246.9
11 9 15.1 174.9
12 1 62.1 214.7
12 3 361.0 263.0
12 4 349.1 273.1
12 5 29.6 449.3
12 6 296.1 248.9
12 8 591.1 98.1
12 9 19.8 182.9
13 1 62.1 214.4
13 3 376.5 269.4
13 4 363.1 277.9
13 5 24.8 454.5
13 6 308.2 251.2
13 8 589.0 114.2
13 9 24.4 190.9
14 1 62.1 214.1
14 3 392.0 275.8
14 4 377.1 282.7
14 5 19.9 459.8
14 6 320.3 253.5
14 8 586.9 130.3
14 9 29.1 198.8
15 1 62.1 213.8
15 3 406.3 279.8
15 4 391.1 288.0
15 5 15.1 465.0
15 6 332.4 255.8
15 8 582.6 144.8
15 9 33.7 206.8
16 1 62.1 213.5
16 3 420.5 283.7
16 4 405.0 293.4
16 5 11.8 468.8
16 6 347.6 256.5
16 8 576.3 157.7
16 9 42.3 217.0
17 1 62.2 213.2
17 3 434.8 287.7
17 4 419.0 298.8
17 5 8.4 472.5
17 6 362.7 257.1
17 8 570.0 170.6
17 9 53.5 228.8
18 1 62.2 212.9
18 3 449.5 291.8
18 4 432.9 304.2
18 5 5.1 476.2
18 6 377.0 258.3
18 8 562.7 183.0
18 9 64.7 240.5
19 1 62.2 212.6
19 3 465.9 296.4
19 4 446.4 308.5
19 6 389.4 261.0
19 8 553.8 194.6
19 9 80.1 244.1
20 1 61.7 213.5
20 3 482.2 301.0
20 4 460.0 312.9
20 6 401.7 263.7
20 8 544.9 206.2
20 9 95.9 246.8
21 1 60.6 215.6
21 3 498.6 305.6
21 4 473.5 317.2
21 6 414.6 266.7
21 8 535.7 218.6
21 9 111.8 249.1
22 1 59.4 217.7
22 3 514.0 309.4
22 4 487.0 321.6
22 6 429.8 271.3
22 8 526.2 231.4
22 9 127.8 248.9
23 1 58.1 219.7
23 3 528.0 312.1
23 4 502.8 326.0
23 6 445.0 275.9
23 8 516.8 244.3
23 9 143.7 248.7
24 1 56.4 221.3
24 3 541.9 314.8
24 4 520.2 330.5
24 6 460.3 280.7
24 8 504.8 256.0
24 9 159.7 248.4
25 1 54.6 223.0
25 3 555.8 317.5
25 4 537.5 335.0
25 6 476.9 288.2
25 8 486.6 264.7
25 9 178.9 248.7
