1 1 571.5 340.7
1 2 546.6 363.5
1 3 409.1 365.0
1 4 248.0 310.0
1 5 260.1 277.2
1 6 113.7 369.7
1 7 23.9 339.2
1 8 32.1 246.4
2 1 594.2 340.4
2 2 566.8 364.4
2 3 431.9 365.0
2 4 228.6 306.0
2 5 239.1 274.7
2 6 135.7 371.0
2 7 47.5 340.7
2 8 52.8 250.1
3 1 616.9 340.2
3 2 586.9 365.3
3 3 454.7 365.0
3 4 209.2 302.0
3 5 218.1 272.2
3 6 158.3 372.6
3 7 71.0 342.2
3 8 75.8 251.1
4 2 607.1 366.2
4 3 477.2 365.3
4 4 189.0 297.7
4 5 197.1 269.7
4 6 181.6 374.4
4 7 94.5 344.0
4 8 99.4 251.4
5 2 627.3 367.1
5 3 499.0 366.7
5 4 167.2 292.9
5 5 178.3 268.2
5 6 204.9 376.2
5 7 117.9 345.7
5 8 122.6 251.9
6 3 520.8 368.2
6 4 145.4 288.1
6 5 160.0 267.1
6 6 228.2 378.0
6 7 141.3 347.5
6 8 144.4 253.0
7 3 542.6 369.7
7 4 123.6 283.3
7 5 141.7 265.9
7 6 253.1 379.0
7 7 166.4 348.7
7 8 166.2 254.0
8 3 564.5 371.0
8 4 103.8 277.9
8 5 123.4 263.7
8 6 278.3 379.8
8 7 191.6 350.0
8 8 188.1 255.7
9 3 586.8 372.0
9 4 84.0 272.5
9 5 105.1 257.4
9 6 303.5 380.6
9 7 216.7 351.3
9 8 211.5 263.1
10 3 609.2 373.1
10 4 64.2 267.1
10 5 86.8 251.1
10 6 328.7 381.1
10 7 241.8 352.5
10 8 234.9 270.6
11 3 631.5 374.1
11 4 44.4 261.7
11 5 68.5 244.8
11 6 353.7 381.6
11 7 268.0 352.0
11 8 258.7 277.5
12 4 29.1 252.6
12 5 54.2 238.5
12 6 378.8 382.0
12 7 294.1 351.6
12 8 283.3 283.6
13 4 13.7 243.5
13 5 40.3 232.3
13 6 403.9 382.4
13 7 320.3 351.1
13 8 307.9 289.7
14 5 26.4 226.0
14 6 430.1 383.2
14 7 347.3 351.4
14 8 332.4 295.8
15 6 456.5 384.1
15 7 375.4 352.8
15 8 356.9 298.7
16 6 483.0 384.9
16 7 403.6 354.2
16 8 381.3 301.6
17 6 509.4 385.8
17 7 431.7 355.6
17 8 405.8 304.4
18 6 535.9 386.7
18 7 458.0 357.2
18 8 430.1 310.3
19 6 562.4 387.6
19 7 483.9 358.9
19 8 454.3 316.8
20 6 588.8 388.4
20 7 509.8 360.6
20 8 478.5 323.4
21 6 615.3 389.3
21 7 536.2 363.4
21 8 502.5 330.1
21 9 626.5 339.3
22 7 563.3 367.6
22 8 526.1 337.0
22 9 615.1 335.3
22 10 631.4 322.7
22 11 12.5 196.2
23 7 590.4 371.9
23 8 549.7 343.9
23 9 606.3 331.4
23 10 627.5 328.6
23 11 18.5 208.0
24 7 617.5 376.2
24 8 576.4 351.4
24 9 603.8 327.6
24 10 623.6 334.5
24 11 24.5 219.8
25 8 605.2 359.4
25 9 601.2 323.8
25 10 617.1 340.2
25 11 33.0 230.7
