1 1 510.1 333.0
1 2 312.0 326.0
1 3 325.8 291.6
1 4 471.1 303.8
2 1 533.4 330.3
2 2 289.8 330.4
2 3 302.5 291.9
2 4 444.8 299.9
3 1 556.7 327.5
3 2 267.6 334.8
3 3 279.2 292.3
3 4 418.4 296.0
4 1 580.1 324.7
4 2 245.3 339.2
4 3 255.2 293.3
4 4 392.0 292.1
5 1 603.4 321.9
5 2 221.9 340.9
5 3 230.4 294.9
5 4 366.7 288.0
6 1 626.8 319.2
6 2 198.5 342.7
6 3 205.7 296.5
6 4 341.6 284.0
7 2 175.2 344.4
7 3 180.9 298.1
7 4 316.4 279.9
8 2 152.0 346.3
8 3 157.2 300.0
8 4 291.2 276.2
9 2 129.5 348.8
9 3 135.8 302.9
9 4 265.9 272.9
10 2 107.1 351.3
10 3 114.5 305.7
10 4 240.5 269.6
11 2 84.7 353.8
11 3 93.2 308.6
11 4 215.2 266.2
12 2 62.3 356.3
12 3 71.6 310.1
12 4 189.9 262.9
13 2 39.9 358.8
13 3 50.0 311.2
13 4 164.6 259.6
14 2 17.4 361.3
14 3 28.3 312.3
14 4 139.2 256.3
14 5 618.1 343.9
15 4 114.2 252.6
15 5 601.6 343.7
16 4 91.3 245.2
16 5 585.1 343.5
16 6 630.0 218.7
17 4 68.4 237.8
17 5 574.4 343.7
17 6 616.1 229.9
18 4 45.6 230.5
18 5 569.4 344.5
18 6 602.7 240.7
18 7 629.5 234.8
19 4 29.3 221.0
19 5 564.4 345.3
19 6 593.8 247.3
19 7 619.4 246.9
20 4 17.5 210.3
20 5 559.0 345.8
20 6 584.9 253.9
20 7 609.5 258.5
20 8 28.3 340.1
21 5 552.8 345.8
21 6 576.3 260.3
21 7 600.1 269.2
21 8 49.0 337.4
22 5 546.6 345.8
22 6 568.9 266.0
22 7 590.6 280.0
22 8 69.4 335.1
23 5 540.4 345.8
23 6 561.6 271.7
23 7 580.4 289.3
23 8 87.6 335.9
23 9 22.0 342.4
23 10 626.7 238.1
23 11 636.4 266.7
24 5 533.4 345.8
24 6 554.2 277.5
24 7 568.3 295.2
24 8 105.8 336.7
24 9 43.9 339.4
24 10 612.8 240.2
24 11 625.8 266.1
25 5 524.7 345.6
25 6 544.9 279.8
25 7 556.3 301.2
25 8 124.0 337.6
25 9 65.8 336.4
25 10 598.9 242.3
25 11 615.1 265.6
25 12 14.4 378.5
