1 1 521.1 354.3
1 2 523.5 383.1
1 3 380.3 279.5
1 4 395.8 314.3
1 5 423.1 289.3
1 6 203.3 271.7
1 7 214.5 245.6
1 8 198.0 334.5
1 9 76.2 317.3
1 10 60.6 343.6
2 1 545.1 355.8
2 2 547.0 383.7
2 3 364.2 280.3
2 4 378.9 313.2
2 5 404.2 288.7
2 6 222.3 271.0
2 7 234.2 246.0
2 8 218.9 334.3
2 9 94.4 317.7
2 10 79.3 342.7
3 1 569.2 357.2
3 2 570.6 384.4
3 3 348.1 281.0
3 4 361.9 312.5
3 5 386.3 289.4
3 6 240.5 267.8
3 7 253.9 246.4
3 8 240.1 335.5
3 9 113.5 319.4
3 10 99.0 344.3
4 1 593.2 358.7
4 2 594.2 385.0
4 3 332.0 281.5
4 4 344.6 312.5
4 5 369.7 291.5
4 6 258.7 264.5
4 7 274.1 246.8
4 8 261.7 338.1
4 9 132.6 321.1
4 10 118.8 345.9
5 1 617.3 360.1
5 2 617.8 385.6
5 3 316.0 282.1
5 4 327.3 312.5
5 5 353.0 293.5
5 6 276.9 261.3
5 7 294.9 247.0
5 8 283.3 340.7
5 9 151.8 322.8
5 10 138.5 347.5
6 3 299.2 282.8
6 4 310.0 312.5
6 5 336.7 294.9
6 6 295.3 258.6
6 7 315.7 247.2
6 8 304.9 343.3
6 9 170.8 324.9
6 10 158.2 349.2
7 3 279.6 284.2
7 4 292.3 312.2
7 5 321.2 294.7
7 6 314.4 261.2
7 7 336.6 247.4
7 8 324.3 339.7
7 9 189.0 328.3
7 10 176.2 352.2
8 3 260.0 285.7
8 4 274.1 311.5
8 5 305.7 294.4
8 6 333.6 263.8
8 7 356.8 249.6
8 8 343.8 336.1
8 9 207.3 331.8
8 10 194.2 355.1
9 3 241.0 286.0
9 4 256.0 310.9
9 5 289.7 294.2
9 6 352.8 266.4
9 7 376.6 253.1
9 8 363.3 332.5
9 9 225.6 335.3
9 10 212.2 358.1
10 3 223.5 283.7
10 4 237.9 310.2
10 5 271.7 294.2
10 6 373.7 271.1
10 7 396.4 256.7
10 8 383.3 329.4
10 9 245.0 336.5
10 10 230.5 360.9
11 3 206.0 281.4
11 4 219.8 309.6
11 5 253.8 294.2
11 6 394.9 275.9
11 7 418.3 258.6
11 8 404.8 327.4
11 9 265.2 336.1
11 10 251.0 361.3
12 3 188.5 280.0
12 4 201.9 309.5
12 5 235.8 294.2
12 6 416.0 280.8
12 7 440.1 260.5
12 8 426.3 325.3
12 9 285.4 335.8
12 10 271.5 361.7
13 3 171.0 280.0
13 4 184.3 310.2
13 5 217.8 294.2
13 6 436.9 280.8
13 7 461.4 261.1
13 8 447.7 323.3
13 9 305.6 335.4
13 10 292.0 362.2
14 3 153.5 280.0
14 4 166.7 311.0
14 5 200.0 293.1
14 6 457.8 280.8
14 7 482.5 261.4
14 8 469.0 321.0
14 9 325.7 335.1
14 10 312.8 362.6
15 3 135.9 280.0
15 4 149.1 311.7
15 5 182.2 292.1
15 6 478.7 280.8
15 7 503.7 261.6
15 8 489.7 317.8
15 9 345.5 333.9
15 10 334.5 363.2
15 11 633.0 350.0
16 3 118.4 280.3
16 4 131.6 312.5
16 5 164.4 291.0
16 6 499.5 279.8
16 7 526.8 259.7
16 8 510.3 314.7
16 9 365.0 332.6
16 10 356.1 363.8
16 11 607.0 350.4
17 3 100.9 280.8
17 4 113.4 311.5
17 5 146.7 290.0
17 6 520.2 278.0
17 7 550.3 257.4
17 8 531.0 311.5
17 9 384.6 331.2
17 10 377.8 364.5
17 11 581.0 350.7
18 3 83.3 281.2
18 4 95.3 310.6
18 5 129.2 289.2
18 6 540.9 276.3
18 7 573.7 255.2
18 8 550.7 307.3
18 9 404.2 329.8
18 10 399.4 364.6
18 11 555.9 356.5
19 3 65.8 281.7
19 4 77.2 309.6
19 5 112.8 289.2
19 6 561.5 274.6
19 7 590.5 250.1
19 8 570.2 302.9
19 9 423.8 328.5
19 10 419.8 360.7
19 11 531.2 366.0
19 12 29.9 342.0
20 3 51.2 284.0
20 4 59.1 308.7
20 5 96.4 289.2
20 6 581.1 272.1
20 7 606.6 244.7
20 8 589.8 298.5
20 9 445.0 328.0
20 10 440.3 356.8
20 11 507.7 373.5
20 12 40.8 340.1
20 13 23.2 367.7
21 3 36.6 286.4
21 4 41.0 307.7
21 5 80.0 289.2
21 6 598.1 267.9
21 7 622.7 239.3
21 8 609.3 294.1
21 9 466.3 327.7
21 10 460.7 353.2
21 11 485.9 378.0
21 12 51.6 338.3
21 13 39.6 367.9
22 3 22.0 288.7
22 4 26.7 312.3
22 5 63.7 290.5
22 6 615.1 263.7
22 8 628.8 289.7
22 9 487.6 327.4
22 10 480.6 351.4
22 11 463.4 382.0
22 12 63.2 336.6
22 13 55.9 368.2
23 4 13.3 318.4
23 5 47.4 293.7
23 6 632.1 259.6
23 9 509.0 327.0
23 10 500.5 349.6
23 11 437.9 383.4
23 12 81.5 336.4
23 13 74.4 368.4
24 5 31.1 296.9
24 9 530.3 326.7
24 10 520.5 347.9
24 11 412.5 384.8
24 12 99.9 336.1
24 13 96.1 368.6
25 5 14.8 300.2
25 9 550.3 327.3
25 10 539.6 349.8
25 11 387.6 386.0
25 12 118.2 335.8
25 13 117.7 368.8
