1 1 343.5 333.1
1 2 337.1 290.4
1 3 282.1 309.1
1 4 283.0 338.4
2 1 366.9 332.6
2 2 357.4 289.5
2 3 304.0 308.9
2 4 304.1 338.7
3 1 389.9 333.0
3 2 377.7 288.7
3 3 326.0 308.7
3 4 325.3 339.1
4 1 412.9 333.6
4 2 399.2 288.2
4 3 347.9 308.6
4 4 346.4 339.5
5 1 435.9 334.2
5 2 421.5 287.9
5 3 369.9 308.4
5 4 367.5 339.9
6 1 458.9 334.8
6 2 443.9 287.7
6 3 391.7 307.9
6 4 389.1 338.7
7 1 480.7 335.8
7 2 466.3 288.7
7 3 413.3 307.2
7 4 410.9 336.7
8 1 502.0 336.9
8 2 488.7 292.9
8 3 435.0 306.5
8 4 432.7 334.6
9 1 523.4 338.0
9 2 511.2 297.1
9 3 456.7 305.8
9 4 454.5 332.5
10 1 544.7 339.1
10 2 533.7 301.3
10 3 478.3 305.1
10 4 476.6 330.9
11 1 566.0 341.3
11 2 555.6 306.2
11 3 500.9 306.0
11 4 499.4 331.4
12 1 587.2 348.1
12 2 577.2 311.9
12 3 523.6 307.2
12 4 522.2 331.8
13 1 608.5 354.8
13 2 598.7 317.6
13 3 546.4 308.4
13 4 545.0 332.3
14 2 620.2 323.3
14 3 568.2 311.2
14 4 565.7 334.4
15 3 588.7 316.3
15 4 584.4 338.3
16 3 609.2 321.4
16 4 603.0 342.2
17 3 629.7 326.5
17 4 621.6 346.1
18 5 620.6 284.8
19 5 608.2 284.5
20 5 595.7 284.3
20 6 623.8 373.1
21 5 582.9 284.2
21 6 605.0 367.8
21 7 619.6 319.7
21 8 618.8 293.9
22 5 569.9 284.2
22 6 586.3 362.5
22 7 604.2 321.1
22 8 604.1 296.1
23 5 557.0 284.2
23 6 567.5 357.1
23 7 588.8 322.5
23 8 589.5 298.4
23 9 630.2 334.2
24 5 544.0 284.2
24 6 548.8 355.9
24 7 572.2 323.6
24 8 574.8 300.6
24 9 610.0 340.0
25 5 528.7 282.3
25 6 530.1 357.4
25 7 553.8 324.2
25 8 555.7 300.8
25 9 589.9 345.9
