1 1 52.8 224.8
1 2 569.6 319.4
1 3 554.8 339.5
1 4 493.4 295.7
1 5 467.0 272.6
1 6 199.5 249.2
2 1 51.2 227.0
2 2 583.4 320.8
2 3 569.5 341.5
2 4 510.3 302.6
2 5 441.9 277.3
2 6 220.2 249.8
3 1 49.6 229.2
3 2 597.2 322.3
3 3 583.1 342.4
3 4 528.7 307.0
3 5 416.7 282.0
3 6 239.9 251.5
4 1 47.9 231.4
4 2 610.9 323.8
4 3 596.7 343.4
4 4 547.0 311.4
4 5 391.8 285.0
4 6 259.0 253.9
5 1 47.6 232.8
5 2 624.7 325.2
5 3 610.3 344.3
5 4 565.3 315.8
5 5 366.9 287.8
5 6 278.1 256.4
6 1 48.5 233.4
6 3 623.8 345.3
6 4 585.3 316.5
6 5 342.0 290.6
6 6 297.3 259.2
7 1 49.3 234.0
7 4 605.2 317.2
7 5 317.3 293.9
7 6 316.9 263.5
8 1 50.2 234.6
8 4 625.2 317.9
8 5 292.6 297.3
8 6 336.6 267.8
9 1 51.1 235.2
9 5 267.9 300.7
9 6 356.3 272.1
9 7 627.7 249.4
10 1 52.0 235.8
10 5 242.5 302.8
10 6 376.7 275.1
10 7 608.2 254.0
11 1 52.9 236.3
11 5 216.8 304.4
11 6 397.2 278.0
11 7 588.6 258.7
11 8 623.2 378.2
11 9 635.6 360.0
12 1 53.8 236.9
12 5 191.1 306.0
12 6 418.0 281.1
12 7 566.4 259.7
12 8 599.7 377.9
12 9 609.8 359.2
13 1 54.7 237.5
13 5 165.4 307.5
13 6 439.3 284.7
13 7 543.8 260.3
13 8 576.2 377.6
13 9 584.0 358.3
14 1 55.6 238.1
14 5 139.9 307.2
14 6 460.6 288.3
14 7 521.7 261.3
14 8 553.2 378.8
14 9 558.2 357.5
15 1 56.5 238.7
15 5 114.4 306.9
15 6 481.7 291.9
15 7 502.8 266.0
15 8 530.8 381.4
15 9 534.4 355.7
16 1 57.4 239.3
16 5 88.9 306.7
16 6 502.1 295.3
16 7 483.9 270.7
16 8 508.3 384.1
16 9 510.7 353.9
17 1 58.3 239.9
17 5 66.4 304.0
17 6 523.4 299.3
17 7 465.0 275.4
17 8 485.8 386.7
17 9 486.9 352.1
17 10 17.4 365.1
18 1 59.2 240.5
18 5 43.9 301.3
18 6 545.4 303.7
18 7 445.6 278.1
18 8 463.7 386.3
18 9 463.7 350.5
18 10 42.7 360.0
19 1 60.1 241.1
19 5 21.4 298.6
19 6 567.3 308.1
19 7 426.0 280.7
19 8 441.8 384.6
19 9 442.1 349.4
19 10 68.0 354.9
20 1 61.0 241.7
20 6 589.3 312.5
20 7 406.5 283.2
20 8 419.8 382.9
20 9 420.5 348.2
20 10 91.7 347.8
21 1 61.9 242.3
21 6 611.3 316.9
21 7 386.7 286.5
21 8 398.0 381.3
21 9 398.9 347.1
21 10 114.7 339.8
22 1 67.6 241.2
22 7 365.9 291.6
22 8 376.4 380.1
22 9 377.3 345.9
22 10 139.1 333.1
23 1 76.4 239.0
23 7 345.2 296.6
23 8 354.9 378.8
23 9 356.3 345.1
23 10 164.9 327.7
24 1 85.3 236.9
24 7 324.4 301.7
24 8 333.3 377.6
24 9 335.4 344.4
24 10 189.2 321.5
25 1 95.8 236.2
25 7 305.3 308.1
25 8 311.7 376.3
25 9 314.6 343.6
25 10 212.1 314.4
