1 1 33.8 249.5
1 2 480.1 324.8
1 3 466.6 298.9
2 1 16.0 247.0
2 2 490.0 319.5
2 3 477.3 295.8
3 2 499.9 314.3
3 3 488.9 290.7
4 2 510.6 308.8
4 3 500.4 285.5
5 2 521.9 303.0
5 3 511.9 280.3
5 4 22.1 336.5
6 2 533.2 297.3
6 3 522.3 274.9
6 4 46.8 334.4
7 2 546.2 290.7
7 3 530.0 269.0
7 4 71.5 332.3
8 2 560.4 283.6
8 3 537.8 263.0
8 4 96.2 330.2
9 2 574.5 276.5
9 3 545.5 257.1
9 4 119.1 333.3
10 2 588.6 269.9
10 3 555.0 252.8
10 4 141.9 337.0
11 2 602.6 265.4
11 3 566.3 250.1
11 4 164.6 340.7
12 2 616.6 260.8
12 3 577.6 247.4
12 4 187.4 341.9
13 2 630.6 256.3
13 3 588.9 244.7
13 4 210.3 340.7
13 5 621.7 317.6
13 6 635.6 299.2
14 3 601.5 239.7
14 4 233.1 339.5
14 5 595.8 319.4
14 6 612.5 298.1
15 3 614.4 234.2
15 4 256.0 338.3
15 5 570.5 321.4
15 6 589.4 297.1
16 3 627.3 228.6
16 4 279.0 337.2
16 5 547.7 324.5
16 6 566.4 296.0
17 4 302.4 336.1
17 5 524.9 327.6
17 6 541.9 295.0
18 4 325.8 334.9
18 5 501.8 329.1
18 6 517.1 293.9
19 4 349.1 335.0
19 5 477.6 324.7
19 6 492.4 292.8
20 4 372.1 337.7
20 5 453.4 320.3
20 6 467.6 291.7
21 4 395.1 340.4
21 5 429.2 315.9
21 6 443.8 291.5
21 7 614.8 324.7
22 4 418.1 343.1
22 5 405.4 315.5
22 6 420.0 291.3
22 7 584.5 321.3
23 4 441.1 341.0
23 5 381.9 317.8
23 6 396.2 291.0
23 7 554.5 317.9
24 4 464.1 338.3
24 5 358.3 320.1
24 6 372.4 290.8
24 7 526.7 313.1
25 4 487.1 335.7
25 5 334.8 322.4
25 6 349.1 291.2
25 7 498.8 308.4
