1 1 611.5 321.5
1 2 621.7 304.0
2 1 590.6 319.5
2 2 600.4 301.7
3 1 569.8 317.5
3 2 579.2 299.3
4 1 546.0 316.7
4 2 555.0 296.6
5 1 522.2 315.8
5 2 528.8 293.6
6 1 498.4 315.0
6 2 502.7 290.7
7 1 474.7 314.2
7 2 477.4 288.1
8 1 452.9 313.6
8 2 455.4 286.7
9 1 431.1 313.0
9 2 433.4 285.3
10 1 409.3 312.4
10 2 411.3 283.9
11 1 387.5 311.8
11 2 389.3 282.5
12 1 365.1 311.4
12 2 368.2 282.7
13 1 342.6 311.0
13 2 347.2 282.9
14 1 320.0 310.6
14 2 326.1 283.1
15 1 297.5 310.2
15 2 305.0 283.3
16 1 275.1 311.9
16 2 284.4 282.6
17 1 252.9 315.6
17 2 264.0 281.7
18 1 230.7 319.3
18 2 243.6 280.7
19 1 208.4 323.0
19 2 222.5 281.7
20 1 186.6 327.9
20 2 199.5 287.4
21 1 164.9 333.2
21 2 176.6 293.1
22 1 143.1 338.1
22 2 153.7 298.8
23 1 120.7 341.0
23 2 131.0 304.1
24 1 98.4 344.0
24 2 108.6 309.1
25 1 75.9 346.9
25 2 86.3 314.0
