1 1 64.5 237.2
1 2 45.7 362.7
1 3 263.1 302.1
1 4 253.3 321.2
1 5 514.9 356.8
1 6 531.6 330.6
1 7 14.8 231.0
2 1 62.7 234.3
2 2 45.1 362.5
2 3 245.3 297.9
2 4 234.1 318.1
2 5 489.3 353.8
2 6 504.9 326.6
2 7 18.5 235.0
3 1 62.1 229.7
3 2 44.5 362.3
3 3 227.6 293.7
3 4 215.0 315.0
3 5 463.7 350.9
3 6 479.6 322.9
3 7 22.3 238.9
3 8 9.2 254.6
4 1 61.5 225.1
4 2 43.8 362.1
4 3 209.8 289.6
4 4 195.9 311.9
4 5 438.7 345.8
4 6 456.5 319.6
4 7 25.8 241.7
4 8 21.3 258.6
5 1 61.4 223.9
5 2 43.2 361.8
5 3 191.7 285.7
5 4 176.5 309.0
5 5 414.0 339.8
5 6 433.3 316.3
5 7 29.0 241.7
5 8 33.4 262.6
6 1 61.4 223.6
6 2 42.1 361.5
6 3 171.2 284.9
6 4 154.7 307.7
6 5 389.3 333.8
6 6 410.1 313.1
6 7 32.2 241.7
6 8 43.2 262.7
7 1 61.4 223.4
7 2 39.1 360.6
7 3 150.7 284.0
7 4 133.0 306.4
7 5 364.8 328.1
7 6 386.2 310.8
7 7 35.8 242.1
7 8 51.4 260.2
8 1 61.4 223.1
8 2 36.1 359.6
8 3 130.2 283.2
8 4 111.2 305.1
8 5 341.3 326.0
8 6 362.3 308.4
8 7 40.0 242.8
8 8 59.6 257.7
9 1 61.4 222.8
9 2 33.2 358.7
9 3 110.3 282.0
9 4 90.0 302.6
9 5 317.8 323.8
9 6 338.4 306.1
9 7 44.1 243.6
9 8 65.9 254.8
10 1 61.5 222.5
10 2 29.3 358.2
10 3 92.8 279.3
10 4 70.2 297.3
10 5 294.3 321.7
10 6 316.1 302.4
10 7 48.2 244.4
10 8 71.9 251.9
10 9 17.3 243.4
11 1 61.5 222.2
11 2 24.9 358.1
11 3 75.3 276.6
11 4 50.3 292.0
11 5 270.8 319.3
11 6 294.0 298.6
11 7 52.9 244.8
11 8 77.9 248.9
11 9 19.7 249.1
12 1 61.5 221.9
12 2 20.4 357.9
12 3 58.2 274.3
12 4 30.8 286.6
12 5 247.2 315.8
12 6 271.9 294.8
12 7 59.4 244.0
12 8 82.9 248.2
12 9 27.9 255.9
12 10 11.4 190.2
13 1 61.5 221.6
13 2 16.0 357.7
13 3 44.9 275.7
13 4 12.0 280.7
13 5 223.6 312.3
13 6 249.8 292.8
13 7 66.0 243.3
13 8 87.7 247.9
13 9 39.8 262.5
13 10 14.8 197.3
14 1 61.5 221.3
14 2 11.6 357.6
14 3 31.6 277.1
14 5 200.0 308.8
14 6 227.6 291.8
14 7 72.6 242.5
14 8 92.5 247.7
14 9 56.4 266.7
14 10 18.1 204.4
15 1 61.6 221.0
15 3 14.7 273.2
15 5 177.6 306.1
15 6 205.3 290.8
15 7 79.1 241.7
15 8 97.3 247.5
15 9 70.1 269.2
15 10 21.4 211.5
15 11 18.5 261.8
16 1 61.6 220.8
16 5 157.2 304.8
16 6 188.1 290.3
16 7 90.0 238.3
16 8 105.8 246.6
16 9 81.7 270.7
16 10 28.8 218.5
16 11 30.2 267.6
17 1 61.6 220.5
17 5 136.8 303.4
17 6 170.0 289.2
17 7 101.0 235.0
17 8 114.7 245.6
17 9 93.6 271.7
17 10 40.1 225.6
17 11 41.8 273.3
18 1 61.6 220.2
18 5 116.3 302.1
18 6 150.0 286.6
18 7 111.9 231.7
18 8 123.6 244.6
18 9 106.5 271.7
18 10 51.4 232.7
18 11 47.1 282.9
19 1 61.7 219.9
19 5 96.6 301.9
19 6 133.6 286.3
19 7 123.5 229.2
19 8 132.0 243.5
19 9 117.8 273.3
19 10 63.9 238.8
19 11 52.4 292.5
20 1 61.7 219.6
20 5 77.3 302.3
20 6 119.2 286.7
20 7 135.9 227.7
20 8 140.2 242.4
20 9 127.6 276.7
20 10 81.3 240.9
20 11 54.2 291.8
21 1 61.7 219.3
21 5 58.4 301.1
21 6 105.3 287.6
21 7 148.3 226.2
21 8 148.4 241.3
21 9 132.1 278.7
21 10 98.7 243.1
21 11 55.9 291.1
22 1 61.7 219.0
22 5 40.0 298.3
22 6 92.0 290.9
22 7 160.7 225.1
22 8 156.6 240.2
22 9 131.3 279.4
22 10 112.8 242.8
22 11 57.7 290.5
23 1 61.7 218.7
23 5 24.9 288.6
23 6 78.5 294.7
23 7 173.0 225.3
23 8 168.8 242.4
23 9 130.5 280.1
23 10 126.4 242.1
23 11 59.4 289.8
24 1 61.8 218.4
24 5 9.9 278.8
24 6 64.9 299.2
24 7 185.3 225.6
24 8 182.0 245.3
24 9 129.7 280.9
24 10 139.6 242.2
24 11 61.2 289.1
25 1 61.8 218.1
25 6 46.4 301.7
25 7 197.8 225.9
25 8 195.2 248.3
25 9 129.0 281.6
25 10 151.4 243.8
25 11 62.9 288.4
