1 1 297.7 246.5
1 2 293.2 273.8
1 3 509.8 268.7
1 4 59.2 338.7
1 5 92.1 380.6
2 1 281.5 244.1
2 2 277.0 271.1
2 3 489.5 272.0
2 4 78.0 339.3
2 5 123.5 379.2
3 1 264.9 242.4
3 2 260.7 268.5
3 3 469.3 275.2
3 4 96.7 339.9
3 5 153.6 377.6
4 1 248.3 240.6
4 2 244.4 265.8
4 3 449.2 277.0
4 4 115.2 340.7
4 5 183.7 376.0
5 1 231.6 238.9
5 2 228.0 264.6
5 3 429.5 275.1
5 4 133.5 341.6
5 5 214.4 375.8
6 1 215.8 237.4
6 2 211.6 263.3
6 3 409.7 273.3
6 4 151.9 342.4
6 5 245.3 375.8
7 1 200.2 236.0
7 2 195.2 262.0
7 3 390.0 271.2
7 4 169.8 343.1
7 5 276.1 375.8
8 1 184.7 234.6
8 2 178.7 260.8
8 3 370.1 266.9
8 4 187.6 343.9
8 5 308.8 375.3
9 1 169.1 233.2
9 2 162.8 260.1
9 3 350.2 262.6
9 4 205.3 344.6
9 5 342.3 374.4
9 6 216.5 321.1
10 1 153.6 231.8
10 2 147.7 260.2
10 3 330.3 259.1
10 4 224.4 345.3
10 5 375.7 373.6
10 6 235.3 321.6
11 1 137.5 232.7
11 2 132.6 260.3
11 3 310.8 258.6
11 4 245.4 346.1
11 5 410.3 372.9
11 6 254.2 322.1
12 1 121.3 233.8
12 2 117.5 260.5
12 3 291.3 258.1
12 4 266.4 346.8
12 5 445.2 372.4
12 6 272.8 322.5
13 1 105.1 235.0
13 2 102.4 260.6
13 3 271.8 257.6
13 4 287.0 347.3
13 5 480.2 371.8
13 6 290.1 322.3
14 1 89.0 236.1
14 2 87.3 260.8
14 3 252.2 257.1
14 4 304.0 345.6
14 5 514.7 371.1
14 6 307.4 322.0
15 1 74.1 235.1
15 2 72.8 260.0
15 3 232.8 256.5
15 4 321.0 343.8
15 5 549.0 370.3
15 6 324.7 321.8
16 1 60.4 232.1
16 2 59.2 257.9
16 3 213.7 255.1
16 4 337.9 342.0
16 5 583.2 369.5
16 6 341.4 321.2
16 7 7.2 285.4
17 1 46.7 229.1
17 2 45.6 255.7
17 3 194.6 253.7
17 4 354.7 342.2
17 5 617.5 368.7
17 6 357.3 320.2
17 7 25.7 297.5
18 1 33.0 226.0
18 2 32.0 253.6
18 3 175.5 252.3
18 4 371.5 343.0
18 6 373.1 319.2
18 7 44.2 309.7
19 1 19.4 223.0
19 2 18.4 251.5
19 3 156.4 250.8
19 4 388.3 343.7
19 6 388.1 317.8
19 7 62.5 321.1
20 3 139.0 251.0
20 4 404.1 343.7
20 6 400.0 315.3
20 7 80.6 332.2
21 3 121.5 251.1
21 4 417.7 342.3
21 6 411.9 312.7
21 7 98.7 343.3
22 3 104.0 251.2
22 4 431.3 340.8
22 6 423.7 310.2
22 7 114.2 353.1
23 3 86.5 251.4
23 4 444.9 339.3
23 6 434.8 307.5
23 7 129.7 362.9
24 3 69.0 251.5
24 4 457.6 334.8
24 6 445.3 304.7
24 7 145.1 372.6
25 3 51.5 251.7
25 4 470.2 330.0
25 6 455.8 301.9
