1 1 78.1 240.1
1 2 438.5 319.0
1 3 438.8 294.4
1 4 158.3 337.1
1 5 162.0 368.7
1 6 172.8 314.3
1 7 177.3 290.8
2 1 82.2 240.3
2 2 462.6 323.4
2 3 462.9 297.4
2 4 135.6 338.6
2 5 136.0 367.4
2 6 188.6 309.6
2 7 196.6 288.1
3 1 86.4 240.4
3 2 486.6 327.8
3 3 487.1 300.4
3 4 112.9 340.0
3 5 110.0 366.2
3 6 202.4 309.2
3 7 209.9 285.5
4 1 90.6 240.6
4 2 510.5 331.4
4 3 511.2 303.3
4 4 88.6 338.9
4 5 84.9 366.0
4 6 215.9 309.2
4 7 217.3 283.0
5 1 94.8 240.8
5 2 534.2 334.2
5 3 535.4 306.0
5 4 64.4 337.7
5 5 60.2 366.2
5 6 227.0 309.1
5 7 224.0 280.8
6 1 95.8 240.5
6 2 557.9 336.9
6 3 559.5 308.6
6 4 40.2 336.6
6 5 35.6 366.5
6 6 228.4 308.6
6 7 224.5 280.6
7 1 93.6 239.9
7 2 581.5 339.9
7 3 583.7 311.3
7 4 15.9 335.5
7 6 229.8 308.1
7 7 225.0 280.4
8 1 91.4 239.3
8 2 604.4 343.3
8 3 607.8 314.0
8 6 231.2 307.6
8 7 225.4 280.2
8 8 8.8 234.5
9 1 89.2 238.7
9 2 627.4 346.8
9 3 632.0 316.7
9 6 232.6 307.1
9 7 225.9 280.0
9 8 16.7 237.9
10 1 87.0 238.1
10 6 234.1 306.6
10 7 226.4 279.8
10 8 24.6 241.3
11 1 84.8 237.5
11 6 235.5 306.1
11 7 226.8 279.7
11 8 32.7 245.6
12 1 82.6 236.9
12 6 236.9 305.6
12 7 227.3 279.5
12 8 41.1 251.1
12 9 16.0 282.1
13 1 80.4 236.3
13 6 238.3 305.1
13 7 227.8 279.3
13 8 49.5 256.7
13 9 24.9 285.5
14 1 78.2 235.7
14 6 239.8 304.6
14 7 228.2 279.1
14 8 57.9 262.2
14 9 33.8 289.0
15 1 76.0 235.1
15 6 242.1 303.9
15 7 228.7 278.9
15 8 64.8 264.7
15 9 42.7 292.4
16 1 68.9 236.7
16 6 248.0 302.5
16 7 229.2 278.7
16 8 71.5 266.4
16 9 52.0 294.0
17 1 60.5 238.9
17 6 253.9 301.1
17 7 229.6 278.5
17 8 78.1 268.1
17 9 61.8 293.7
18 1 52.1 241.0
18 6 256.7 300.4
18 7 230.1 278.3
18 8 84.7 269.8
18 9 71.6 293.5
19 1 42.8 242.2
19 6 258.8 299.8
19 7 230.6 278.1
19 8 93.5 270.6
19 9 79.6 293.2
20 1 31.2 241.0
20 6 260.8 299.3
20 7 231.0 277.9
20 8 102.6 271.2
20 9 86.0 292.9
21 1 19.7 239.9
21 6 262.9 298.8
21 7 231.5 277.7
21 8 111.8 271.8
21 9 92.4 292.7
22 1 8.2 238.8
22 6 264.9 298.2
22 7 232.0 277.5
22 8 120.9 272.4
22 9 99.6 292.0
23 6 266.9 297.7
23 7 241.7 277.8
23 8 128.4 270.3
23 9 108.4 290.5
24 6 274.0 300.2
24 7 252.4 278.2
24 8 135.8 267.9
24 9 117.3 289.0
25 6 283.2 304.1
25 7 266.5 280.3
25 8 143.2 265.4
25 9 126.2 287.5
