1 1 623.9 332.2
1 2 615.9 308.5
1 3 42.5 204.7
1 4 454.2 271.0
1 5 199.1 308.9
1 6 206.8 352.7
1 7 235.0 318.7
1 8 225.8 265.3
1 9 246.6 243.1
1 10 451.6 370.8
1 11 439.2 346.7
2 3 31.5 195.1
2 4 438.4 267.1
2 5 185.0 307.8
2 6 191.3 356.5
2 7 219.3 322.5
2 8 204.6 261.9
2 9 226.7 241.6
2 10 473.2 370.8
2 11 461.7 346.7
3 3 20.4 185.5
3 4 422.7 263.3
3 5 170.8 306.6
3 6 176.4 358.9
3 7 201.2 326.7
3 8 183.9 260.8
3 9 206.9 240.1
3 10 494.7 370.8
3 11 484.1 347.3
4 3 11.4 167.4
4 4 407.2 257.3
4 5 156.6 305.5
4 6 162.7 358.2
4 7 183.6 330.3
4 8 163.4 260.8
4 9 187.1 238.6
4 10 516.3 370.5
4 11 506.5 348.6
5 4 391.7 250.8
5 5 142.4 304.4
5 6 149.1 357.4
5 7 168.2 331.6
5 8 142.9 260.8
5 9 168.9 238.0
5 10 537.9 370.1
5 11 528.9 349.8
6 4 376.8 245.1
6 5 128.1 305.9
6 6 135.4 356.8
6 7 152.8 333.0
6 8 122.4 260.6
6 9 151.1 237.6
6 10 559.5 369.7
6 11 551.3 351.1
7 4 362.4 240.2
7 5 113.9 308.0
7 6 120.3 358.2
7 7 137.5 334.3
7 8 101.6 257.8
7 9 133.3 237.2
7 10 581.1 369.3
7 11 573.7 352.3
8 4 348.0 235.3
8 5 99.6 310.1
8 6 105.2 359.5
8 7 120.8 335.6
8 8 80.9 255.0
8 9 115.6 236.9
8 10 602.7 368.9
8 11 596.1 353.6
9 4 332.8 233.6
9 5 85.4 312.3
9 6 90.1 360.9
9 7 102.8 336.9
9 8 60.9 252.0
9 9 99.7 235.5
9 10 624.3 368.5
9 11 618.5 354.8
9 12 632.0 391.7
10 4 317.1 234.1
10 5 71.3 315.1
10 6 75.0 362.2
10 7 84.8 338.1
10 8 47.6 247.4
10 9 85.7 233.1
10 12 611.8 388.1
11 4 301.4 234.6
11 5 57.3 318.7
11 6 60.0 363.2
11 7 66.8 339.4
11 8 34.2 242.8
11 9 71.7 230.7
11 12 591.6 384.6
12 4 285.7 235.1
12 5 43.4 322.3
12 6 45.0 364.2
12 7 52.5 340.9
12 8 20.9 238.2
12 9 57.8 228.3
12 12 571.4 381.1
13 4 269.9 235.8
13 5 29.4 325.9
13 6 30.0 365.1
13 7 41.9 342.6
13 9 49.3 222.1
13 12 551.7 380.1
14 4 254.1 236.5
14 5 15.5 329.5
14 6 15.0 366.0
14 7 31.4 344.3
14 9 40.9 215.9
14 12 532.2 380.3
15 4 238.3 237.2
15 7 20.8 346.1
15 9 32.5 209.7
15 12 512.6 380.5
16 4 223.2 237.4
16 7 10.3 347.8
16 9 24.8 203.5
16 12 493.1 380.7
17 4 208.5 237.2
17 9 23.6 196.7
17 12 473.6 380.9
18 4 193.8 237.0
18 9 22.4 190.0
18 12 453.9 381.9
19 4 179.2 236.8
19 9 21.2 183.2
19 12 434.3 383.0
20 4 164.9 236.8
20 12 414.6 384.0
21 4 151.7 237.1
21 12 396.3 383.3
22 4 138.4 237.4
22 12 378.4 382.1
23 4 125.2 237.7
23 12 360.5 381.0
24 4 111.9 238.0
24 12 342.5 379.9
24 13 20.2 277.6
24 14 11.1 307.7
25 4 98.7 238.3
25 12 324.6 378.7
25 13 37.5 277.8
25 14 26.3 308.5
