1 1 613.6 343.8
1 2 634.5 331.4
2 1 592.1 341.5
2 2 615.3 328.9
3 1 570.7 339.2
3 2 596.0 326.4
4 1 551.3 336.9
4 2 576.6 323.8
5 1 531.9 334.6
5 2 556.4 320.4
6 1 512.5 332.3
6 2 536.1 317.1
7 1 491.4 330.6
7 2 515.8 313.7
7 3 19.2 279.7
8 1 469.5 329.0
8 2 497.4 311.3
8 3 42.3 280.5
9 1 447.6 327.4
9 2 479.2 309.0
9 3 65.4 281.3
10 1 425.8 325.8
10 2 460.9 306.7
10 3 87.4 281.1
11 1 406.7 322.9
11 2 442.7 304.4
11 3 108.5 280.1
12 1 387.6 320.0
12 2 424.2 305.2
12 3 129.7 279.1
13 1 368.5 317.0
13 2 405.7 306.3
13 3 150.7 278.3
14 1 349.2 314.2
14 2 387.2 307.4
14 3 170.9 278.1
15 1 329.6 311.5
15 2 369.0 307.9
15 3 191.1 277.8
16 1 310.0 308.8
16 2 352.0 305.5
16 3 211.2 277.6
16 4 622.4 319.3
17 1 290.5 306.1
17 2 335.0 303.1
17 3 232.0 277.4
17 4 593.9 317.6
17 5 12.7 310.1
18 1 272.0 304.5
18 2 318.0 300.7
18 3 253.3 277.2
18 4 565.4 315.9
18 5 33.0 311.0
18 6 28.3 338.2
19 1 254.2 303.6
19 2 300.3 299.0
19 3 274.7 277.0
19 4 537.8 316.4
19 5 53.3 311.9
19 6 51.7 341.8
20 1 236.4 302.7
20 2 282.2 297.6
20 3 296.0 276.8
20 4 511.1 319.2
20 5 74.2 313.0
20 6 74.9 345.1
21 1 218.7 301.8
21 2 264.2 296.1
21 3 317.2 276.8
21 4 484.4 321.9
21 5 96.3 314.8
21 6 95.5 345.8
22 1 201.6 299.3
22 2 246.2 294.5
22 3 338.1 277.0
22 4 456.7 322.7
22 5 118.4 316.6
22 6 116.1 346.5
23 1 184.6 296.7
23 2 228.4 291.9
23 3 359.1 277.2
23 4 427.8 321.5
23 5 140.4 318.3
23 6 136.7 347.2
24 1 167.6 294.1
24 2 210.7 289.4
24 3 380.1 277.5
24 4 398.9 320.4
24 5 163.2 320.3
24 6 158.4 348.7
25 1 150.6 291.6
25 2 192.9 286.8
25 3 400.4 279.4
25 4 371.0 316.7
25 5 185.9 322.3
25 6 181.0 350.6
