1 1 134.3 288.1
1 2 175.7 284.1
1 3 420.6 281.5
1 4 343.5 312.0
1 5 208.7 324.2
1 6 203.6 352.5
1 7 22.6 340.2
1 8 18.9 365.8
2 1 119.0 283.3
2 2 159.8 281.3
2 3 440.9 283.5
2 4 316.0 307.3
2 5 230.5 325.5
2 6 226.1 354.4
2 7 45.8 338.7
2 8 37.2 363.5
3 1 103.6 278.5
3 2 143.9 278.4
3 3 461.1 285.6
3 4 288.2 303.9
3 5 251.6 326.4
3 6 248.4 355.1
3 7 69.0 337.3
3 8 55.5 361.2
4 1 88.3 273.7
4 2 128.0 275.6
4 3 484.4 288.6
4 4 260.1 301.8
4 5 272.7 327.3
4 6 270.7 355.3
4 7 91.1 335.2
4 8 74.1 359.2
5 1 72.4 268.0
5 2 112.6 272.4
5 3 508.1 291.6
5 4 232.0 299.6
5 5 293.9 328.2
5 6 292.9 355.5
5 7 112.6 332.8
5 8 94.7 359.2
6 1 55.6 260.8
6 2 97.9 268.9
6 3 531.9 294.7
6 4 203.9 297.8
6 5 316.5 329.3
6 6 315.1 355.7
6 7 134.1 330.4
6 8 115.3 359.2
7 1 38.9 253.7
7 2 83.2 265.4
7 3 553.2 296.9
7 4 175.8 296.5
7 5 339.4 330.5
7 6 336.4 358.0
7 7 155.0 329.3
7 8 135.8 359.2
7 9 12.4 360.0
8 1 22.1 246.5
8 2 68.4 261.9
8 3 574.3 299.0
8 4 147.7 295.1
8 5 362.2 331.6
8 6 356.8 362.4
8 7 175.3 329.5
8 8 156.4 359.2
8 9 33.7 361.5
9 1 12.1 238.3
9 2 54.0 256.8
9 3 595.7 302.4
9 4 119.5 294.2
9 5 384.7 333.2
9 6 377.2 366.7
9 7 195.6 329.7
9 8 178.2 359.8
9 9 55.0 363.0
9 10 623.9 354.8
9 11 629.8 323.9
10 1 2.8 230.0
10 2 39.8 250.9
10 3 617.3 307.1
10 4 91.0 294.4
10 5 405.9 336.7
10 6 397.6 371.1
10 7 215.9 329.9
10 8 200.0 360.5
10 9 75.9 364.2
10 10 600.0 351.3
10 11 605.6 318.6
11 2 25.6 245.1
11 4 62.5 294.6
11 5 427.1 340.2
11 6 418.3 375.2
11 7 237.9 331.4
11 8 221.7 361.1
11 9 95.4 364.4
11 10 576.1 347.7
11 11 581.3 313.3
12 2 11.4 239.2
12 4 34.0 294.8
12 5 448.5 343.7
12 6 441.0 377.2
12 7 261.0 333.8
12 8 243.7 361.9
12 9 114.9 364.7
12 10 551.9 343.4
12 11 559.3 310.9
13 4 5.5 295.0
13 5 471.3 347.6
13 6 463.8 379.1
13 7 284.1 336.2
13 8 266.5 362.9
13 9 134.4 364.9
13 10 527.6 338.7
13 11 537.2 308.4
14 5 494.1 351.5
14 6 486.5 381.1
14 7 307.0 338.4
14 8 289.3 364.0
14 9 154.6 365.2
14 10 503.2 334.1
14 11 515.5 305.5
15 5 516.9 354.9
15 6 509.9 382.0
15 7 327.7 339.0
15 8 312.0 365.1
15 9 175.3 365.7
15 10 479.9 329.4
15 11 494.6 301.4
16 5 539.1 354.3
16 6 533.6 382.5
16 7 348.4 339.7
16 8 334.5 365.8
16 9 196.0 366.1
16 10 459.0 324.7
16 11 473.7 297.3
17 5 561.3 353.7
17 6 557.3 383.0
17 7 369.2 340.3
17 8 356.3 365.6
17 9 216.6 366.5
17 10 438.0 320.0
17 11 452.8 293.3
18 5 583.6 353.1
18 6 580.5 382.5
18 7 390.3 340.9
18 8 378.1 365.4
18 9 237.0 366.7
18 10 417.0 315.3
18 11 431.1 290.6
19 5 605.8 352.5
19 6 602.9 380.5
19 7 412.9 341.1
19 8 399.9 365.2
19 9 257.1 366.7
19 10 396.2 313.2
19 11 408.7 288.7
20 5 628.0 351.9
20 6 625.3 378.5
20 7 435.5 341.3
20 8 421.7 365.0
20 9 277.2 366.7
20 10 375.7 314.9
20 11 386.4 286.9
21 7 458.0 341.6
21 8 442.6 364.4
21 9 297.8 366.6
21 10 355.2 316.6
21 11 364.1 285.0
22 7 480.7 341.6
22 8 463.6 363.9
22 9 319.9 366.2
22 10 334.7 318.3
22 11 342.0 283.2
22 12 18.1 366.8
23 7 503.4 341.3
23 8 484.6 363.4
23 9 342.0 365.8
23 10 313.5 317.9
23 11 321.5 281.7
23 12 43.5 367.1
24 7 526.1 341.1
24 8 505.6 362.9
24 9 364.1 365.4
24 10 291.7 315.2
24 11 301.1 280.3
24 12 68.8 367.4
25 7 548.8 340.9
25 8 526.5 362.6
25 9 386.3 365.0
25 10 269.8 312.6
25 11 280.6 278.8
25 12 91.8 368.4
25 13 11.5 242.8
