1 1 629.6 364.9
1 2 596.1 320.6
1 3 600.1 345.5
1 4 51.1 238.4
1 6 627.5 314.3
2 2 581.3 319.6
2 3 583.1 350.8
2 4 69.2 246.1
2 6 611.3 307.8
3 2 566.5 318.5
3 3 560.4 349.5
3 4 88.1 251.7
3 6 593.1 301.5
3 7 633.4 326.8
4 2 547.3 318.9
4 3 537.6 348.2
4 4 107.9 255.1
4 5 8.9 259.6
4 6 570.0 295.5
4 7 612.0 320.0
5 2 526.9 319.6
5 3 515.9 347.1
5 4 127.6 258.5
5 5 27.0 272.6
5 6 546.8 289.5
5 7 590.5 313.1
6 2 505.3 319.8
6 3 495.3 346.3
6 4 146.4 260.2
6 5 45.1 285.5
6 6 525.5 286.2
6 7 569.1 306.2
7 2 482.1 319.2
7 3 474.6 345.5
7 4 165.1 261.5
7 5 64.1 297.2
7 6 504.5 283.5
7 7 547.1 302.8
8 2 458.8 318.6
8 3 453.8 345.0
8 4 183.7 262.8
8 5 87.1 303.7
8 6 483.6 280.8
8 7 524.9 300.9
9 2 437.4 318.8
9 3 432.6 345.0
9 4 203.9 264.7
9 5 110.1 310.3
9 6 466.4 278.0
9 7 503.5 299.3
10 2 418.0 319.6
10 3 411.4 345.0
10 4 225.2 267.0
10 5 131.4 320.1
10 6 449.2 275.1
10 7 482.8 298.0
11 2 398.6 320.5
11 3 390.2 345.0
11 4 246.4 269.2
11 5 152.2 330.7
11 6 432.3 272.0
11 7 462.2 296.7
12 2 379.2 321.4
12 3 370.7 343.6
12 4 266.9 272.6
12 5 173.0 340.7
12 6 417.3 267.4
12 7 443.7 293.5
13 2 360.0 320.8
13 3 351.1 342.2
13 4 285.5 278.6
13 5 193.8 348.2
13 6 402.2 262.8
13 7 425.2 290.4
14 2 340.9 319.6
14 3 331.6 340.8
14 4 304.1 284.6
14 5 214.5 355.7
14 6 386.6 258.2
14 7 406.7 284.0
14 8 16.3 337.7
15 2 321.8 318.4
15 3 312.8 340.4
15 4 323.1 290.2
15 5 236.2 362.3
15 6 368.2 253.4
15 7 388.3 275.3
15 8 35.4 338.6
15 9 26.4 356.6
15 10 28.2 377.7
16 2 303.0 316.6
16 3 294.0 339.9
16 4 345.2 291.9
16 5 261.8 365.7
16 6 349.8 248.5
16 7 369.8 266.7
16 8 54.5 339.5
16 9 46.3 357.8
16 10 47.0 376.8
17 2 285.1 313.8
17 3 275.2 339.4
17 4 367.3 293.7
17 5 287.4 369.0
17 6 331.1 244.1
17 7 349.4 265.8
17 8 73.3 340.0
17 9 66.2 358.9
17 10 65.7 375.9
18 2 267.1 311.0
18 3 256.4 338.9
18 4 389.4 295.5
18 5 311.7 366.5
18 6 309.2 243.6
18 7 328.8 265.8
18 8 91.9 340.0
18 9 84.8 360.0
18 10 85.2 378.4
19 2 249.1 308.1
19 3 237.6 338.5
19 4 411.9 297.7
19 5 335.4 361.5
19 6 287.3 243.0
19 7 308.1 265.8
19 8 110.5 340.0
19 9 103.1 361.1
19 10 104.8 381.3
19 11 626.7 384.9
20 2 230.6 305.6
20 3 218.6 336.0
20 4 434.5 300.1
20 5 359.1 356.5
20 6 265.4 242.5
20 7 287.9 265.9
20 8 129.1 340.1
20 9 121.3 362.2
20 10 124.4 384.2
20 11 607.6 386.7
21 2 210.2 304.7
21 3 199.5 332.6
21 4 457.1 302.5
21 5 383.1 351.9
21 6 243.4 242.8
21 7 268.2 266.2
21 8 148.0 340.6
21 9 139.6 363.3
21 10 143.8 384.2
21 11 588.3 386.7
22 2 189.8 303.7
22 3 180.4 329.2
22 4 479.5 304.9
22 5 407.2 347.4
22 6 221.5 243.1
22 7 248.5 266.4
22 8 167.0 341.2
22 9 158.9 363.5
22 10 163.2 384.2
22 11 571.3 389.4
23 2 169.4 302.7
23 3 160.6 331.1
23 4 501.5 307.2
23 5 431.4 342.9
23 6 199.7 243.3
23 7 228.8 266.6
23 8 186.0 341.5
23 9 178.2 363.8
23 10 183.0 383.7
23 11 556.4 395.0
24 2 149.6 304.6
24 3 140.7 333.1
24 4 523.4 309.5
24 5 450.8 339.3
24 6 179.1 242.4
24 7 208.9 267.6
24 8 205.6 340.1
24 9 197.6 364.0
24 10 204.8 381.3
24 11 542.6 401.4
24 12 633.8 363.5
25 2 129.8 307.2
25 3 120.9 335.0
25 4 545.4 311.8
25 5 469.8 335.6
25 6 158.5 241.6
25 7 189.0 268.7
25 8 225.2 338.6
25 9 216.9 364.2
25 10 226.5 378.9
25 11 530.2 409.0
25 12 616.0 373.8
