1 1 516.0 345.4
1 2 534.8 280.7
1 3 543.7 304.6
1 4 142.4 338.6
1 5 86.6 334.6
1 6 587.3 244.5
1 7 604.4 265.0
1 8 6.2 245.0
1 10 29.0 378.8
2 1 507.3 345.3
2 2 524.8 281.6
2 3 530.6 305.6
2 4 162.0 341.1
2 5 107.1 333.1
2 6 577.9 246.9
2 7 594.5 269.5
2 8 20.7 254.7
2 10 43.6 379.1
3 1 498.6 345.1
3 2 514.7 282.5
3 3 517.5 306.5
3 4 181.7 343.6
3 5 127.5 331.6
3 6 568.5 249.3
3 7 584.6 274.0
3 8 35.3 264.4
3 9 8.0 277.5
3 10 49.1 379.0
4 1 487.9 344.2
4 2 502.7 283.4
4 3 504.4 307.4
4 4 201.3 346.1
4 5 147.8 330.6
4 6 559.1 251.7
4 7 574.7 278.6
4 8 49.8 274.2
4 9 27.4 284.9
4 10 50.8 378.7
5 1 474.4 342.4
5 2 490.7 284.3
5 3 490.2 307.3
5 4 221.0 348.7
5 5 167.9 330.2
5 6 546.6 256.8
5 7 561.2 283.4
5 8 66.5 277.8
5 9 46.8 292.3
5 10 52.4 378.5
6 1 460.8 340.5
6 2 478.7 285.2
6 3 475.9 307.1
6 4 240.4 351.1
6 5 188.0 329.8
6 6 534.0 262.0
6 7 544.2 288.6
6 8 83.2 281.5
6 9 65.8 298.0
6 10 54.1 378.2
7 1 447.2 338.6
7 2 466.7 286.1
7 3 461.6 306.8
7 4 259.8 353.5
7 5 208.1 329.4
7 6 521.5 267.1
7 7 527.1 293.8
7 8 100.0 285.2
7 9 83.6 299.7
7 10 55.7 378.0
8 1 433.9 336.8
8 2 455.4 285.9
8 3 448.6 306.7
8 4 279.3 355.9
8 5 227.9 331.0
8 6 508.9 270.9
8 7 510.1 299.0
8 8 118.5 290.0
8 9 101.3 301.5
8 10 57.4 377.7
9 1 420.8 335.0
9 2 445.1 284.0
9 3 438.6 307.0
9 4 298.7 358.3
9 5 246.9 337.0
9 6 496.3 273.9
9 7 497.1 305.6
9 8 138.2 295.4
9 9 119.6 305.4
9 10 59.1 377.4
10 1 407.8 333.2
10 2 434.7 282.2
10 3 428.6 307.3
10 4 318.7 358.5
10 5 266.0 343.0
10 6 483.6 276.9
10 7 485.2 312.6
10 8 158.0 300.9
10 9 138.5 312.7
10 10 61.1 376.7
11 1 394.7 331.5
11 2 424.4 280.3
11 3 418.6 307.3
11 4 338.7 358.7
11 5 285.0 349.0
11 6 471.3 281.0
11 7 473.3 319.6
11 8 177.7 306.4
11 9 157.4 319.9
11 10 63.2 376.1
12 1 381.7 329.7
12 2 414.1 278.4
12 3 408.6 305.6
12 4 358.7 359.0
12 5 299.1 353.8
12 6 459.1 286.2
12 7 461.3 326.7
12 8 196.1 312.1
12 9 176.1 326.9
12 10 65.2 375.4
13 1 370.7 327.1
13 2 404.4 276.8
13 3 398.6 303.9
13 4 378.7 359.2
13 5 311.1 358.1
13 6 447.0 291.5
13 7 450.2 330.2
13 8 213.1 318.0
13 9 194.2 333.4
13 10 67.3 374.8
14 1 360.6 324.2
14 2 395.3 275.5
14 3 388.6 302.2
14 4 397.8 358.5
14 5 323.1 362.4
14 6 435.1 297.9
14 7 439.1 333.8
14 8 230.2 323.8
14 9 212.2 339.8
14 10 69.3 374.2
15 1 350.4 321.3
15 2 386.2 274.2
15 3 378.6 300.5
15 4 417.0 357.9
15 5 335.1 366.7
15 6 423.5 305.2
15 7 427.6 337.2
15 8 247.3 329.7
15 9 230.2 346.4
15 10 71.4 373.5
16 1 340.3 318.4
16 2 377.2 272.8
16 3 368.8 298.5
16 4 436.1 357.2
16 5 348.3 369.4
16 6 411.8 312.6
16 7 414.2 339.7
16 8 265.1 335.8
16 9 247.7 353.1
16 10 82.9 372.5
17 1 330.9 315.9
17 2 368.1 271.5
17 3 359.2 295.1
17 4 455.3 356.2
17 5 361.5 372.1
17 6 399.3 312.7
17 7 400.9 342.2
17 8 283.1 342.0
17 9 265.2 359.9
17 10 98.5 371.4
17 11 17.5 353.9
18 1 322.6 314.1
18 2 359.1 268.0
18 3 349.6 291.8
18 4 475.1 351.4
18 5 374.8 374.8
18 6 386.7 312.1
18 7 387.2 344.1
18 8 301.2 348.2
18 9 282.7 366.7
18 10 114.2 370.3
18 11 40.0 353.3
19 1 314.3 312.3
19 2 350.2 262.3
19 3 340.0 288.4
19 4 494.8 346.6
19 5 389.9 377.1
19 6 374.0 311.4
19 7 372.1 343.6
19 8 319.2 353.8
19 9 301.7 370.6
19 10 129.8 369.2
19 11 62.6 352.7
20 1 306.0 310.5
20 2 341.3 256.6
20 3 330.5 285.0
20 4 514.6 341.7
20 5 409.5 378.5
20 6 361.3 311.1
20 7 357.1 343.1
20 8 337.2 358.2
20 9 320.7 374.5
20 10 153.3 371.2
20 11 82.7 353.7
20 12 18.6 349.0
20 13 21.8 328.6
20 14 630.1 241.7
21 1 297.7 308.7
21 2 332.4 250.9
21 3 320.9 281.7
21 4 534.3 336.9
21 5 429.1 380.0
21 6 347.7 313.7
21 7 342.0 342.7
21 8 355.2 362.6
21 9 339.7 378.5
21 10 176.9 373.2
21 11 101.7 355.5
21 12 39.8 348.8
21 13 45.9 327.6
21 14 607.6 246.3
22 1 288.0 305.9
22 2 323.5 245.6
22 3 310.7 278.9
22 4 551.1 331.8
22 5 449.6 381.2
22 6 334.2 316.4
22 7 326.6 343.0
22 8 373.3 367.0
22 9 360.6 381.9
22 10 200.4 375.2
22 11 120.8 357.3
22 12 61.0 348.5
22 13 70.0 326.5
22 14 585.0 250.8
22 15 510.2 47.5
23 1 278.0 302.9
23 2 314.4 243.2
23 3 300.4 276.1
23 4 565.8 326.5
23 5 471.5 382.3
23 6 320.6 319.0
23 7 311.0 343.8
23 8 393.1 368.3
23 9 384.3 384.7
23 10 223.2 376.2
23 11 140.6 358.9
23 12 82.1 348.6
23 13 92.2 326.4
23 14 560.7 256.5
23 15 509.8 55.8
24 1 267.9 299.9
24 2 305.3 240.7
24 3 290.2 273.3
24 4 580.6 321.2
24 5 493.4 383.3
24 6 306.8 320.6
24 7 295.4 344.6
24 8 413.6 368.3
24 9 408.0 387.5
24 10 244.3 374.7
24 11 160.5 360.4
24 12 102.9 349.4
24 13 111.8 327.8
24 14 536.1 262.6
24 15 509.4 64.2
25 1 257.9 296.9
25 2 296.2 238.3
25 3 280.3 270.3
25 4 595.3 315.9
25 5 515.3 384.3
25 6 292.2 319.8
25 7 279.8 345.4
25 8 434.2 368.3
25 9 431.6 389.8
25 10 265.3 373.1
25 11 180.5 361.9
25 12 123.8 350.2
25 13 131.3 329.2
25 14 511.7 267.2
25 15 508.9 72.5
