1 1 102.9 239.3
1 2 105.4 305.9
1 3 117.5 285.9
1 4 114.9 260.5
1 5 81.8 333.0
1 6 327.1 312.7
1 7 24.6 363.8
2 1 93.2 236.0
2 2 95.2 301.0
2 3 102.6 280.0
2 4 103.3 256.9
2 5 69.5 325.6
2 6 305.5 312.0
2 7 45.8 363.3
3 1 83.5 232.8
3 2 85.1 296.0
3 3 87.6 274.1
3 4 91.7 253.3
3 5 57.2 318.2
3 6 286.1 311.6
3 7 67.0 362.8
4 1 73.8 229.5
4 2 74.9 291.1
4 3 72.7 268.2
4 4 78.8 249.1
4 5 44.9 310.8
4 6 268.2 311.4
4 7 88.8 362.2
5 1 64.1 226.2
5 2 64.9 286.1
5 3 59.1 261.7
5 4 62.8 243.2
5 5 32.8 303.5
5 6 250.2 311.3
5 7 112.3 361.2
5 8 618.5 317.6
6 1 54.7 218.9
6 2 56.2 280.5
6 3 46.6 254.8
6 4 46.9 237.3
6 5 23.4 297.4
6 6 232.3 311.1
6 7 135.8 360.2
6 8 597.9 316.6
7 1 45.3 211.3
7 2 47.4 274.8
7 3 34.0 247.9
7 4 30.9 231.4
7 5 13.9 291.2
7 6 214.3 310.9
7 7 159.2 359.2
7 8 577.4 315.5
7 9 630.7 357.1
8 1 35.9 203.6
8 2 38.7 269.2
8 3 21.4 241.1
8 4 25.4 224.5
8 5 4.4 285.0
8 6 195.8 310.5
8 7 182.7 358.2
8 8 556.7 316.2
8 9 606.2 355.3
9 1 28.1 196.1
9 2 30.0 263.5
9 3 8.9 234.2
9 4 21.1 217.4
9 6 175.9 309.6
9 7 204.8 357.2
9 8 535.9 318.6
9 9 581.8 353.5
10 1 26.4 189.2
10 2 21.2 257.9
10 4 16.8 210.4
10 6 156.1 308.6
10 7 223.6 356.2
10 8 515.0 321.0
10 9 557.3 351.7
11 1 24.6 182.2
11 4 12.4 203.3
11 6 136.2 307.6
11 7 242.5 355.2
11 8 494.2 323.3
11 9 536.9 349.7
12 1 22.9 175.3
12 6 116.3 306.6
12 7 261.4 354.1
12 8 474.2 321.7
12 9 516.5 347.7
13 6 96.5 305.6
13 7 280.2 353.1
13 8 454.2 320.1
13 9 496.2 345.8
14 6 76.7 304.4
14 7 300.1 353.9
14 8 434.2 318.5
14 9 474.5 344.0
14 10 20.6 379.0
15 6 56.9 303.2
15 7 321.5 357.5
15 8 416.0 316.5
15 9 452.0 342.4
15 10 35.4 377.7
15 11 16.5 346.2
16 6 37.0 301.9
16 7 342.9 361.1
16 8 400.3 314.2
16 9 429.6 340.8
16 10 50.1 376.4
16 11 35.0 345.5
17 6 17.2 300.7
17 7 364.4 364.7
17 8 384.6 311.8
17 9 407.1 339.2
17 10 64.8 375.1
17 11 53.5 344.8
18 7 385.8 368.3
18 8 369.0 309.4
18 9 386.2 336.8
18 10 79.5 373.8
18 11 71.9 344.1
19 7 407.8 367.5
19 8 353.5 306.8
19 9 365.4 334.5
19 10 96.0 373.1
19 11 89.2 343.8
20 7 429.9 366.6
20 8 338.6 303.5
20 9 344.5 332.2
20 10 113.8 372.7
20 11 106.4 343.4
21 7 451.9 365.6
21 8 323.7 300.3
21 9 323.6 329.9
21 10 131.6 372.3
21 11 123.6 343.1
22 7 473.4 363.1
22 8 308.8 297.0
22 9 304.8 325.3
22 10 149.3 371.9
22 11 140.8 342.7
23 7 495.0 360.6
23 8 293.9 293.7
23 9 286.8 319.7
23 10 167.2 371.5
23 11 158.2 342.3
24 7 516.5 358.1
24 8 275.7 288.4
24 9 268.8 314.2
24 10 185.4 370.8
24 11 176.0 341.8
25 7 538.0 355.6
25 8 257.1 282.9
25 9 250.8 308.6
25 10 203.5 370.0
25 11 193.8 341.3
