1 1 513.4 280.5
1 2 511.4 358.9
1 3 535.3 324.8
1 4 536.0 300.8
1 5 569.7 351.7
2 1 498.1 278.6
2 2 492.7 360.4
2 3 516.9 325.4
2 4 516.4 300.8
2 5 548.9 356.8
3 1 481.5 277.2
3 2 474.5 360.7
3 3 498.5 326.3
3 4 496.7 300.8
3 5 526.7 360.0
4 1 463.2 276.4
4 2 456.5 360.5
4 3 480.3 327.7
4 4 478.7 300.4
4 5 504.4 363.3
5 1 444.8 275.6
5 2 438.5 360.3
5 3 462.1 329.2
5 4 461.6 299.7
5 5 482.2 366.5
6 1 427.3 274.7
6 2 420.5 360.1
6 3 443.9 330.6
6 4 444.6 299.0
6 5 457.7 371.3
7 1 411.7 273.5
7 2 401.5 360.0
7 3 425.7 331.3
7 4 427.6 298.3
7 5 432.2 376.8
8 1 396.1 272.4
8 2 382.1 360.0
8 3 407.7 330.2
8 4 410.5 297.6
8 5 406.7 382.3
9 1 380.5 271.3
9 2 362.7 360.0
9 3 389.7 329.0
9 4 391.5 296.1
9 5 381.2 387.8
10 1 362.9 269.5
10 2 343.4 360.0
10 3 371.6 327.8
10 4 372.0 294.3
10 5 359.5 388.0
11 1 344.0 267.2
11 2 324.7 359.7
11 3 353.9 326.2
11 4 352.5 292.6
11 5 338.2 387.6
12 1 325.1 264.9
12 2 308.0 358.8
12 3 336.3 324.3
12 4 333.1 290.8
12 5 316.9 387.2
12 6 633.8 332.5
13 1 306.2 262.6
13 2 291.2 357.8
13 3 318.6 322.5
13 4 313.6 289.0
13 5 295.6 386.8
13 6 611.6 330.0
14 1 288.6 260.4
14 2 274.4 356.9
14 3 301.0 320.6
14 4 296.9 286.7
14 5 275.6 385.7
14 6 589.3 327.5
15 1 271.7 258.2
15 2 257.7 355.9
15 3 283.4 318.7
15 4 282.0 284.0
15 5 256.3 384.1
15 6 567.1 325.0
16 1 254.9 256.0
16 2 240.9 355.0
16 3 265.8 316.9
16 4 267.1 281.2
16 5 237.0 382.5
16 6 542.8 323.8
17 1 238.0 253.8
17 2 225.2 351.4
17 3 251.8 314.8
17 4 252.3 278.5
17 5 217.8 381.0
17 6 518.5 322.5
18 1 222.1 252.1
18 2 209.6 347.8
18 3 238.1 312.8
18 4 237.4 275.8
18 5 198.5 378.2
18 6 494.2 321.3
19 1 206.4 250.5
19 2 193.9 344.1
19 3 224.5 310.7
19 4 222.3 273.2
19 5 179.4 373.6
19 6 472.4 320.0
20 1 190.7 249.0
20 2 178.3 340.5
20 3 210.9 308.7
20 4 205.2 272.2
20 5 160.2 368.9
20 6 452.4 318.7
21 1 175.0 247.4
21 2 164.0 335.8
21 3 197.3 306.7
21 4 188.2 271.2
21 5 141.0 364.3
21 6 432.3 317.3
22 1 159.9 245.9
22 2 151.9 329.6
22 3 181.2 302.8
22 4 171.1 270.2
22 5 126.7 358.7
22 6 412.3 315.9
23 1 145.4 244.3
23 2 139.8 323.3
23 3 165.1 298.9
23 4 154.1 269.1
23 5 115.6 352.4
23 6 391.8 314.8
24 1 130.9 242.8
24 2 127.7 317.1
24 3 149.0 295.0
24 4 138.1 267.6
24 5 104.6 346.1
24 6 370.2 314.1
25 1 116.5 241.2
25 2 115.6 310.8
25 3 132.8 291.2
25 4 126.5 264.0
25 5 93.5 339.8
25 6 348.6 313.4
