1 1 504.4 281.8
1 2 521.6 308.2
1 3 167.0 357.0
1 4 116.0 278.4
1 5 118.1 242.2
2 1 521.3 276.0
2 2 540.2 304.2
2 3 137.3 358.4
2 4 137.1 282.6
2 5 138.5 246.5
2 6 613.3 334.9
2 7 624.4 367.8
3 1 538.6 269.7
3 2 557.4 295.8
3 3 105.5 359.4
3 4 158.1 284.1
3 5 159.3 250.5
3 6 586.7 331.7
3 7 596.6 366.4
4 1 555.9 263.4
4 2 574.5 287.5
4 3 73.8 360.4
4 4 179.2 285.7
4 5 180.2 254.5
4 6 560.1 329.3
4 7 568.7 365.0
5 1 573.3 256.5
5 2 591.6 279.2
5 3 42.0 361.4
5 4 200.2 287.2
5 5 201.1 258.5
5 6 533.9 330.0
5 7 541.3 363.9
6 1 590.8 247.5
6 2 608.0 271.7
6 3 10.3 362.4
6 4 220.6 290.8
6 5 222.3 262.3
6 6 507.7 330.6
6 7 514.7 363.4
7 1 608.3 238.4
7 2 622.8 266.1
7 4 240.7 294.8
7 5 245.0 265.4
7 6 481.5 331.3
7 7 488.0 362.8
8 1 625.9 229.4
8 4 260.9 298.9
8 5 267.6 268.5
8 6 454.9 331.9
8 7 461.3 362.2
9 4 281.0 303.0
9 5 290.3 271.7
9 6 427.9 332.5
9 7 434.7 361.6
10 4 302.0 306.1
10 5 312.6 274.4
10 6 400.8 333.0
10 7 408.5 361.2
11 4 325.1 307.1
11 5 333.4 275.6
11 6 373.7 333.6
11 7 382.2 360.8
12 4 348.2 308.0
12 5 354.2 276.8
12 6 346.7 334.2
12 7 356.0 360.4
13 4 371.3 309.0
13 5 375.0 278.1
13 6 322.4 330.6
13 7 329.7 360.0
14 4 394.3 310.0
14 5 395.9 279.4
14 6 298.2 327.0
14 7 306.9 358.4
15 4 417.2 311.3
15 5 417.4 281.5
15 6 273.9 323.4
15 7 284.5 356.7
16 4 437.7 316.0
16 5 438.9 283.5
16 6 249.7 319.8
16 7 262.1 355.0
16 8 6.0 393.4
17 4 458.2 320.7
17 5 460.4 285.6
17 6 226.0 316.3
17 7 239.7 353.2
17 8 30.4 393.9
17 9 9.4 372.5
18 4 478.7 325.4
18 5 481.1 290.2
18 6 202.7 313.0
18 7 216.9 351.4
18 8 54.9 394.4
18 9 32.3 372.8
19 4 499.3 329.9
19 5 501.2 297.2
19 6 179.3 309.7
19 7 190.5 348.5
19 8 79.3 394.9
19 9 55.3 373.1
20 4 520.5 333.6
20 5 521.3 304.3
20 6 156.0 306.3
20 7 164.0 345.5
20 8 101.9 394.4
20 9 78.2 373.3
21 4 541.7 337.3
21 5 541.3 311.3
21 6 131.9 305.5
21 7 137.6 342.6
21 8 124.2 393.7
21 9 101.6 372.1
22 4 562.8 341.0
22 5 561.0 315.3
22 6 107.3 306.4
22 7 111.3 340.1
22 8 146.5 393.0
22 9 125.0 371.0
23 4 584.0 344.7
23 5 580.4 317.3
23 6 82.7 307.2
23 7 86.4 341.0
23 8 168.8 392.3
23 9 148.4 369.8
24 4 605.2 348.4
24 5 599.9 319.2
24 6 58.1 308.1
24 7 61.6 342.0
24 8 191.1 391.7
24 9 171.8 368.6
25 4 626.3 352.1
25 5 619.3 321.1
25 6 34.3 310.2
25 7 36.7 342.9
25 8 212.0 390.6
25 9 195.1 367.3
