1 1 151.7 233.1
1 2 128.9 248.7
2 1 145.1 233.9
2 2 104.4 243.8
3 1 138.4 233.9
3 2 82.1 236.8
4 1 131.6 233.6
4 2 62.9 226.7
5 1 124.9 233.2
5 2 47.5 215.9
6 1 118.1 232.8
6 2 35.9 204.4
7 1 111.6 232.5
7 2 24.2 192.9
7 3 26.6 309.5
7 4 25.9 280.5
8 1 107.3 232.1
8 2 15.7 181.9
8 3 48.3 309.8
8 4 46.7 281.9
8 5 605.8 321.1
8 6 617.1 348.1
9 1 103.1 231.7
9 2 9.4 171.2
9 3 69.7 310.4
9 4 67.5 283.3
9 5 577.6 321.5
9 6 588.9 345.4
10 1 99.1 231.7
10 3 90.6 311.5
10 4 88.6 284.2
10 5 550.6 320.5
10 6 560.6 342.7
11 1 95.2 231.7
11 3 111.6 312.6
11 4 110.0 284.5
11 5 524.6 318.2
11 6 533.1 341.7
12 1 91.3 231.7
12 3 132.8 313.2
12 4 131.5 284.7
12 5 498.7 315.8
12 6 506.1 341.7
13 1 87.4 231.7
13 3 154.8 312.7
13 4 153.0 284.9
13 5 472.7 315.5
13 6 479.1 341.7
14 1 83.5 232.7
14 3 176.8 312.3
14 4 174.6 285.2
14 5 446.8 315.1
14 6 452.7 342.5
15 1 79.5 234.2
15 3 198.7 311.8
15 4 196.6 285.9
15 5 420.9 316.6
15 6 426.4 343.4
16 1 75.6 235.7
16 3 220.6 312.1
16 4 218.6 286.5
16 5 394.9 319.3
16 6 400.5 344.2
17 1 71.6 237.1
17 3 242.3 312.6
17 4 240.6 287.2
17 5 369.0 321.9
17 6 376.1 344.6
18 1 68.6 238.4
18 3 264.1 313.2
18 4 262.5 287.3
18 5 343.8 324.6
18 6 351.8 345.0
18 7 22.8 338.6
18 8 19.4 310.6
19 1 69.6 238.6
19 3 285.0 312.9
19 4 284.5 286.8
19 5 319.0 326.7
19 6 327.9 347.7
19 7 44.0 337.7
19 8 39.5 310.3
20 1 70.5 238.8
20 3 305.8 312.3
20 4 306.5 286.3
20 5 296.2 326.7
20 6 304.0 350.8
20 7 65.1 336.8
20 8 59.6 310.0
21 1 71.4 239.0
21 3 326.5 311.8
21 4 328.5 285.9
21 5 272.1 326.2
21 6 280.9 355.0
21 7 85.7 335.8
21 8 80.2 308.8
22 1 72.4 239.3
22 3 348.4 312.4
22 4 349.9 287.0
22 5 247.0 325.5
22 6 258.0 359.8
22 7 106.1 334.7
22 8 100.8 307.6
23 1 73.3 239.5
23 3 370.5 313.2
23 4 371.3 288.4
23 5 223.5 326.7
23 6 235.2 364.5
23 7 126.6 333.6
23 8 121.0 305.5
24 1 74.2 239.7
24 3 392.6 314.1
24 4 392.7 289.8
24 5 202.1 331.1
24 6 211.1 366.5
24 7 142.5 327.3
24 8 139.6 299.7
25 1 75.2 239.9
25 3 414.7 314.9
25 4 414.6 291.4
25 5 180.8 335.4
25 6 187.0 368.2
25 7 157.3 319.8
25 8 158.1 293.9
