1 1 247.7 293.9
1 2 287.1 235.8
1 3 270.5 267.2
1 4 610.0 311.4
1 5 537.5 385.3
1 6 277.7 319.0
1 7 265.5 344.5
1 8 454.2 368.1
1 9 454.8 388.2
1 10 286.4 371.6
1 11 198.2 364.6
1 12 144.0 351.6
1 13 150.8 330.6
1 14 487.5 271.0
1 15 508.5 80.8
1 16 617.6 330.2
1 17 619.8 368.2
1 18 633.8 345.8
2 1 236.3 291.1
2 2 275.7 234.6
2 3 260.7 264.1
2 4 624.7 310.2
2 5 560.3 386.2
2 6 263.2 318.2
2 7 252.4 341.9
2 8 472.0 366.7
2 9 477.9 386.5
2 10 307.9 371.0
2 11 214.3 368.2
2 12 161.8 355.2
2 13 168.3 335.2
2 14 463.3 274.7
2 15 508.3 85.9
2 16 599.6 328.0
2 17 599.9 364.4
2 18 615.1 346.1
3 1 224.8 288.2
3 2 264.3 233.5
3 3 250.9 260.9
3 5 583.2 387.2
3 6 248.6 317.2
3 7 239.3 339.3
3 8 489.8 365.4
3 9 500.2 385.1
3 10 329.9 371.2
3 11 230.5 371.8
3 12 179.6 358.9
3 13 185.4 340.6
3 14 438.9 272.6
3 15 508.2 90.5
3 16 581.6 325.9
3 17 580.0 360.6
3 18 596.4 346.4
4 1 213.4 285.4
4 2 252.8 232.3
4 3 242.2 258.4
4 5 606.0 388.1
4 6 233.6 315.9
4 7 226.2 336.6
4 8 507.6 364.2
4 9 515.6 386.5
4 10 351.9 371.4
4 11 247.8 370.7
4 12 197.3 362.5
4 13 202.7 344.8
4 14 414.6 268.1
4 15 508.1 95.2
4 16 563.6 323.8
4 17 560.4 357.6
4 18 577.8 346.2
4 19 630.1 363.7
5 1 201.9 282.6
5 2 243.1 231.1
5 3 233.9 256.0
5 5 628.8 389.1
5 6 218.7 314.6
5 7 209.8 335.5
5 8 525.3 364.5
5 9 531.0 387.9
5 10 373.9 371.7
5 11 265.4 368.6
5 12 216.3 362.8
5 13 220.4 343.7
5 14 390.2 263.5
5 15 508.0 99.8
5 16 543.3 320.7
5 17 541.3 355.8
5 18 559.7 342.0
5 19 611.4 358.9
5 20 623.7 334.8
6 1 190.5 279.8
6 2 235.1 229.8
6 3 225.6 253.6
6 6 203.8 313.2
6 7 192.0 334.9
6 8 543.1 364.8
6 9 546.4 389.5
6 10 395.9 371.9
6 11 282.9 366.4
6 12 235.3 363.1
6 13 238.7 342.1
6 14 366.6 259.0
6 15 507.9 104.5
6 16 522.5 317.4
6 17 522.3 354.0
6 18 541.7 337.7
6 19 592.7 354.2
6 20 605.4 331.2
6 21 13.4 388.2
6 22 13.3 355.0
7 1 180.0 277.6
7 2 227.1 228.6
7 3 217.3 251.3
7 6 188.8 311.9
7 7 174.2 334.4
7 8 561.4 363.7
7 9 561.5 392.8
7 10 417.9 372.1
7 11 300.4 364.2
7 12 254.1 363.1
7 13 257.2 340.0
7 14 343.5 254.6
7 15 507.8 109.1
7 16 501.7 314.1
7 17 503.2 352.3
7 18 523.7 333.4
7 19 574.6 349.5
7 20 587.1 327.6
7 21 35.7 387.4
7 22 34.1 355.9
8 1 173.5 278.2
8 2 219.0 227.4
8 3 208.8 249.1
8 6 173.0 311.0
8 7 156.1 335.5
8 8 580.1 361.0
8 9 576.5 396.0
8 10 440.0 372.4
8 11 317.7 365.6
8 12 270.3 360.6
8 13 275.2 338.2
8 14 320.4 250.1
8 15 507.6 113.8
8 16 480.9 310.8
8 17 484.4 350.0
8 18 505.8 330.2
8 19 557.9 345.2
8 20 569.2 324.1
8 21 58.1 386.6
8 22 54.8 356.9
9 1 167.0 278.7
9 2 210.0 225.8
9 3 199.1 248.5
9 6 153.4 311.6
9 7 137.6 338.2
9 8 598.8 358.3
9 9 595.6 394.7
9 10 462.0 372.6
9 11 335.0 367.0
9 12 286.5 358.2
9 13 291.3 337.4
9 14 298.9 244.8
9 15 507.7 119.6
9 16 463.3 308.9
9 17 466.2 345.8
9 18 488.0 328.5
9 19 541.3 340.9
9 20 552.4 321.1
9 21 80.4 385.8
9 22 75.6 357.8
10 1 160.5 279.3
10 2 199.3 223.7
10 3 189.4 248.0
10 6 133.9 312.2
10 7 119.1 340.9
10 8 617.6 356.1
10 9 615.7 392.2
10 10 484.0 372.9
10 11 352.3 368.5
10 12 302.7 355.7
10 13 307.3 336.6
10 14 278.5 238.9
10 15 508.6 130.3
10 16 445.7 307.0
10 17 448.0 341.7
10 18 470.2 326.8
10 19 524.5 336.9
10 20 535.6 318.1
10 21 102.4 385.8
10 22 96.0 358.5
11 1 154.0 279.8
11 2 188.6 221.7
11 3 179.7 247.4
11 6 114.3 312.8
11 7 100.6 343.6
11 8 636.4 354.2
11 10 506.0 373.1
11 11 371.0 369.6
11 12 319.2 356.7
11 13 323.2 336.1
11 14 258.1 233.0
11 15 509.4 141.0
11 16 428.2 305.0
11 17 429.8 337.5
11 18 452.4 325.2
11 19 507.3 333.8
11 20 518.8 315.1
11 21 124.4 385.8
11 22 116.0 359.0
12 1 147.4 280.4
12 2 178.0 219.6
12 3 170.0 246.8
12 6 95.1 314.1
12 7 82.9 346.3
12 10 528.0 373.3
12 11 391.2 370.5
12 12 335.9 359.1
12 13 337.9 338.2
12 14 237.3 227.1
12 15 510.2 151.7
12 16 410.6 303.1
12 17 411.6 333.3
12 18 434.9 321.6
12 19 490.0 330.7
12 20 501.8 311.7
12 21 146.5 385.8
12 22 136.0 359.4
13 1 140.9 280.9
13 2 166.2 217.8
13 3 159.1 246.1
13 6 77.3 318.2
13 7 65.5 348.9
13 10 549.4 372.8
13 11 411.3 371.4
13 12 352.6 361.6
13 13 352.6 340.4
13 14 216.6 221.2
13 15 511.4 162.7
13 16 394.1 301.9
13 17 396.9 331.9
13 18 417.3 317.7
13 19 472.7 327.6
13 20 484.7 308.2
13 21 168.5 385.8
13 22 156.0 359.9
14 1 134.4 281.5
14 2 152.9 216.4
14 3 147.6 245.2
14 6 59.6 322.2
14 7 48.1 351.5
14 10 570.9 372.4
14 11 431.5 372.3
14 12 369.3 364.0
14 13 370.5 342.9
14 14 198.5 219.5
14 15 512.5 173.8
14 16 378.0 301.0
14 17 382.2 330.4
14 18 399.8 313.9
14 19 455.4 323.5
14 20 467.7 304.7
14 21 189.4 383.4
14 22 176.3 358.7
15 1 125.0 282.4
15 2 139.6 215.0
15 3 136.2 244.3
15 6 41.8 326.3
15 7 30.7 354.1
15 10 592.3 371.9
15 11 452.1 372.2
15 12 388.8 364.4
15 13 389.2 345.6
15 14 181.1 218.8
15 15 513.7 184.8
15 16 361.9 300.1
15 17 367.5 329.0
15 18 382.9 310.7
15 19 438.1 319.0
15 20 450.6 301.2
15 21 210.2 380.8
15 22 196.8 357.2
16 1 114.4 283.5
16 2 126.2 213.6
16 3 124.7 243.4
16 6 24.8 331.3
16 7 13.2 356.7
16 10 613.8 371.4
16 11 472.8 371.7
16 12 410.1 363.3
16 13 408.1 342.7
16 14 164.3 218.4
16 15 514.9 195.9
16 16 345.9 299.2
16 17 352.8 327.6
16 18 368.5 309.8
16 19 420.8 314.6
16 20 435.6 294.8
16 21 231.0 378.1
16 22 217.2 355.6
17 1 103.8 284.6
17 2 113.0 212.5
17 3 111.6 242.9
17 6 7.8 336.5
17 10 635.2 370.9
17 11 493.4 371.3
17 12 431.5 362.3
17 13 427.1 339.2
17 14 150.1 218.6
17 15 515.7 207.0
17 16 329.8 298.3
17 17 338.1 326.1
17 18 354.2 309.0
17 19 403.5 310.1
17 20 420.9 288.2
17 21 251.8 375.5
17 22 238.0 354.0
18 1 93.2 285.6
18 2 100.4 212.5
18 3 98.2 242.5
18 11 514.1 370.9
18 12 452.8 361.2
18 13 446.0 335.7
18 14 135.9 218.9
18 15 516.1 218.3
18 16 315.5 300.0
18 17 323.9 326.6
18 18 339.8 308.1
18 19 386.0 302.7
18 20 406.2 281.5
18 21 273.7 373.8
18 22 262.4 352.4
19 1 82.6 286.7
19 2 87.7 212.5
19 3 84.9 242.0
19 11 534.8 370.5
19 12 474.3 359.1
19 13 466.8 332.8
19 14 121.8 219.2
19 15 516.6 229.6
19 16 301.1 301.6
19 17 309.9 327.7
19 18 325.6 307.5
19 19 368.5 294.6
19 20 388.9 274.6
19 21 296.5 373.1
19 22 286.7 350.8
20 1 72.0 287.8
20 2 75.1 212.5
20 3 72.3 241.2
20 11 555.6 370.0
20 12 495.9 356.1
20 13 488.2 330.0
20 14 110.3 218.0
20 15 517.0 241.0
20 16 286.8 303.2
20 17 295.9 328.7
20 18 311.5 307.5
20 19 351.0 286.5
20 20 367.8 267.5
20 21 319.4 372.4
20 22 311.1 349.2
21 1 60.8 289.3
21 2 62.5 212.5
21 3 61.5 239.8
21 11 576.3 369.5
21 12 517.5 353.2
21 13 509.5 327.2
21 14 98.9 216.8
21 15 516.1 251.3
21 16 272.3 304.7
21 17 281.6 331.4
21 18 297.5 307.5
21 19 331.7 281.1
21 20 346.7 260.4
21 21 342.3 371.7
21 22 331.6 348.4
22 1 49.0 291.2
22 2 51.3 213.3
22 3 50.6 238.4
22 11 597.0 369.1
22 12 539.2 350.3
22 13 530.3 323.0
22 14 87.5 215.7
22 15 509.7 257.6
22 16 257.6 306.0
22 17 266.9 335.9
22 18 283.5 307.5
22 19 310.6 278.2
22 20 325.7 253.2
22 21 365.2 371.0
22 22 352.1 347.7
23 1 37.2 293.2
23 2 40.8 214.4
23 3 39.8 237.0
23 11 617.8 368.6
23 12 560.4 345.9
23 13 550.9 318.4
23 14 76.2 214.9
23 15 503.3 263.9
23 16 242.8 307.3
23 17 252.3 340.4
23 18 270.5 309.1
23 19 289.4 275.3
23 20 305.8 250.2
23 21 387.0 370.8
23 22 372.5 346.9
24 1 25.4 295.1
24 2 30.3 215.6
24 3 28.6 236.2
24 12 581.5 341.3
24 13 571.6 313.9
24 14 64.9 214.2
24 15 488.9 267.9
24 16 228.1 308.7
24 17 237.6 344.9
24 18 258.7 312.3
24 19 268.3 272.3
24 20 286.1 247.6
24 21 408.6 370.8
24 22 394.4 346.7
25 2 19.8 216.7
25 3 15.9 238.2
25 12 602.7 336.8
25 13 593.5 310.9
25 14 53.6 213.4
25 15 471.1 270.8
25 16 213.3 310.0
25 17 222.3 348.9
25 18 246.8 315.5
25 19 247.1 268.8
25 20 266.4 244.9
25 21 430.1 370.8
25 22 416.8 346.7
