1 1 41.5 395.0
1 2 38.3 367.4
1 3 80.0 288.3
1 4 89.0 262.9
1 5 577.7 111.1
1 6 182.0 215.6
1 7 176.2 372.6
1 8 256.7 271.9
1 9 149.5 248.5
2 1 22.1 397.2
2 2 18.7 370.2
2 3 65.5 282.1
2 4 76.4 260.8
2 5 577.1 97.4
2 6 173.4 216.5
2 7 157.1 371.8
2 8 276.3 273.6
2 9 178.5 254.9
3 3 51.0 276.0
3 4 66.5 256.0
3 6 164.9 217.4
3 7 138.1 371.0
3 8 295.6 274.0
3 9 207.6 261.6
4 3 36.6 269.8
4 4 56.5 251.1
4 6 156.4 218.3
4 7 119.1 370.3
4 8 314.8 274.5
4 9 236.6 269.6
5 3 23.3 263.5
5 4 46.5 246.2
5 6 148.9 218.5
5 7 100.1 369.5
5 8 334.1 275.0
5 9 265.7 277.6
6 3 11.3 257.3
6 4 36.6 241.3
6 6 141.3 218.8
6 7 85.8 368.7
6 8 354.9 276.2
6 9 294.8 286.0
7 4 24.5 235.1
7 6 133.8 219.0
7 7 74.7 367.9
7 8 375.9 277.5
7 9 323.8 294.6
8 4 12.2 228.8
8 6 126.2 219.2
8 7 63.6 367.1
8 8 396.9 278.8
8 9 352.8 303.2
9 6 124.7 220.9
9 7 56.6 366.6
9 8 417.9 280.2
9 9 383.0 307.9
9 10 635.1 347.3
10 6 123.2 222.7
10 7 56.0 366.4
10 8 438.5 280.3
10 9 414.0 309.9
10 10 612.4 345.8
10 11 605.0 366.4
11 6 121.7 224.5
11 7 55.4 366.1
11 8 458.5 279.1
11 9 445.0 311.9
11 10 589.8 344.3
11 11 580.8 366.1
12 6 120.2 226.3
12 7 54.7 365.9
12 8 478.6 277.9
12 9 475.7 314.3
12 10 567.2 342.8
12 11 556.8 365.8
13 6 118.0 227.6
13 7 54.1 365.7
13 8 498.6 276.8
13 9 505.7 317.4
13 10 543.5 341.4
13 11 533.6 365.2
14 6 114.2 228.1
14 7 53.4 365.5
14 8 519.1 275.9
14 9 535.7 320.5
14 10 519.6 339.9
14 11 510.4 364.6
15 6 110.3 228.6
15 7 52.8 365.2
15 8 541.5 276.3
15 9 565.6 323.6
15 10 495.7 338.5
15 11 487.4 362.7
16 6 106.5 229.1
16 7 52.1 365.0
16 8 563.8 276.7
16 9 595.0 325.8
16 10 473.3 334.8
16 11 464.6 357.7
17 6 101.6 230.8
17 7 51.5 364.8
17 8 586.1 277.1
17 9 624.4 328.0
17 10 451.1 330.9
17 11 441.7 352.7
18 6 96.4 232.8
18 7 50.9 364.5
18 8 607.9 276.7
18 10 428.9 327.1
18 11 419.0 348.1
19 6 91.2 234.8
19 7 50.2 364.3
19 8 624.1 268.8
19 10 408.0 324.0
19 11 396.4 344.5
20 6 88.0 234.8
20 7 49.6 364.1
20 10 387.3 320.9
20 11 373.8 340.9
21 6 85.0 234.5
21 7 48.9 363.9
21 10 366.5 317.9
21 11 351.3 337.3
22 6 82.1 234.3
22 7 48.3 363.6
22 10 345.7 314.9
22 11 330.6 333.9
22 12 620.4 366.6
22 13 636.4 340.0
23 6 78.2 234.7
23 7 47.7 363.4
23 10 324.8 311.8
23 11 311.2 330.7
23 12 593.8 364.3
23 13 610.5 338.7
24 6 73.6 235.5
24 7 47.0 363.2
24 10 304.0 308.6
24 11 291.9 327.5
24 12 567.1 362.0
24 13 584.5 337.3
25 6 69.0 236.4
25 7 46.4 363.0
25 10 283.1 305.5
25 11 272.5 324.3
25 12 540.5 359.7
25 13 558.2 334.7
25 14 11.0 227.1
