1 1 10.9 312.8
1 2 11.9 343.9
1 3 232.9 389.5
1 4 217.6 365.8
2 3 253.7 388.4
2 4 240.1 364.2
3 3 274.6 387.3
3 4 262.6 362.6
3 5 18.9 360.8
3 6 16.8 390.5
4 3 296.7 386.5
4 4 285.0 361.1
4 5 39.6 360.8
4 6 38.8 389.0
5 3 320.7 385.9
5 4 307.5 359.5
5 5 60.2 360.8
5 6 60.8 387.5
6 3 344.8 385.4
6 4 331.2 358.6
6 5 81.1 360.7
6 6 82.8 385.9
7 3 368.8 384.9
7 4 355.2 357.9
7 5 102.4 360.2
7 6 104.5 384.9
8 3 392.8 384.3
8 4 379.2 357.1
8 5 123.8 359.7
8 6 125.9 384.6
9 3 416.9 383.9
9 4 403.3 356.4
9 5 145.1 359.2
9 6 147.3 384.2
10 3 441.0 383.4
10 4 427.3 355.7
10 5 166.5 358.7
10 6 168.6 383.9
11 3 465.1 383.0
11 4 451.2 355.0
11 5 187.8 358.2
11 6 190.0 383.6
11 7 631.1 295.8
12 3 489.1 382.5
12 4 473.9 355.2
12 5 209.2 357.7
12 6 211.2 383.3
12 7 611.8 290.9
13 3 512.6 384.5
13 4 496.7 355.4
13 5 230.5 357.3
13 6 231.4 383.0
13 7 592.5 286.1
14 3 536.0 386.7
14 4 519.5 355.5
14 5 251.9 356.8
14 6 251.6 382.8
14 7 573.4 281.6
14 8 628.3 324.9
15 3 559.4 388.9
15 4 542.3 355.7
15 5 273.2 356.3
15 6 271.9 382.5
15 7 556.5 280.8
15 8 610.3 318.6
15 9 633.9 298.7
16 3 582.8 391.2
16 4 565.6 355.8
16 5 294.6 355.8
16 6 292.1 382.3
16 7 539.5 280.0
16 8 592.2 312.2
16 9 617.3 294.1
16 10 13.3 262.5
16 11 8.9 237.5
16 12 11.6 351.7
17 3 606.3 393.4
17 4 590.0 355.8
17 5 316.7 354.9
17 6 312.4 382.0
17 7 522.6 279.2
17 8 572.6 308.7
17 9 600.6 289.6
17 10 31.7 264.2
17 11 32.1 238.2
17 12 29.3 349.8
18 3 629.7 395.6
18 4 614.4 355.8
18 5 338.7 354.1
18 6 332.6 381.7
18 7 512.9 279.9
18 8 550.8 309.7
18 9 584.0 285.0
18 10 50.1 265.9
18 11 55.3 238.9
18 12 47.1 347.9
19 5 360.8 353.3
19 6 355.5 381.8
19 7 504.0 280.7
19 8 529.0 310.8
19 9 565.3 285.6
19 10 68.6 267.6
19 11 77.2 240.3
19 12 64.9 346.0
20 5 382.8 352.5
20 6 379.6 381.9
20 7 487.4 281.1
20 8 507.4 311.8
20 9 546.7 286.1
20 10 87.8 268.7
20 11 98.5 242.0
20 12 82.7 344.2
21 5 404.8 351.6
21 6 403.6 382.0
21 7 468.9 281.5
21 8 487.8 313.1
21 9 528.0 286.7
21 10 107.0 269.9
21 11 119.8 243.7
21 12 100.7 341.5
22 5 426.9 350.8
22 6 427.7 382.1
22 7 450.4 281.2
22 8 468.2 314.4
22 9 505.5 288.2
22 10 126.2 271.0
22 11 139.1 244.3
22 12 118.7 338.9
23 5 448.9 350.0
23 6 451.7 382.2
23 7 432.0 280.1
23 8 448.6 315.6
23 9 482.9 289.6
23 10 145.5 271.7
23 11 157.4 244.6
23 12 136.8 336.3
23 13 22.3 316.7
24 5 472.9 351.4
24 6 475.8 382.4
24 7 413.6 278.9
24 8 429.5 316.5
24 9 461.1 290.7
24 10 164.7 271.7
24 11 175.7 244.9
24 12 156.2 334.9
24 13 40.3 316.9
24 14 23.5 346.1
25 5 497.0 352.9
25 6 499.8 382.5
25 7 396.4 278.7
25 8 412.6 315.4
25 9 442.1 290.0
25 10 184.0 271.7
25 11 194.8 245.2
25 12 177.1 334.7
25 13 58.3 317.1
25 14 42.1 344.8
