1 1 482.0 288.9
1 2 487.2 335.5
1 3 564.8 41.5
1 4 48.3 265.1
1 5 47.6 245.5
1 6 66.5 309.8
1 7 76.0 290.4
1 8 496.9 263.7
1 9 478.2 242.1
1 10 498.4 223.1
1 11 526.5 218.9
1 12 514.4 237.5
1 13 445.7 367.1
1 14 574.3 188.7
1 15 595.0 189.6
1 16 622.1 188.5
1 17 628.7 145.6
1 18 239.9 340.3
1 19 372.6 131.2
1 20 393.4 130.1
1 21 215.1 350.8
1 22 262.0 225.7
1 23 55.6 335.4
1 32 521.4 200.7
1 33 381.4 439.9
1 34 359.2 440.6
1 35 279.3 172.6
1 36 331.3 174.4
1 37 552.4 148.4
1 38 555.5 131.6
1 48 530.9 186.8
1 49 554.0 192.0
1 50 323.9 110.9
1 51 335.2 131.5
1 52 453.5 174.7
1 56 623.7 165.1
1 57 77.6 350.8
1 58 102.7 360.1
1 59 368.0 320.9
1 60 371.7 295.7
1 61 425.0 292.7
1 62 515.1 328.4
1 63 168.4 390.5
1 64 167.8 373.8
2 1 474.5 291.5
2 2 484.0 334.4
2 3 561.9 25.9
2 4 40.3 267.6
2 5 39.6 246.5
2 6 52.6 313.2
2 7 57.6 294.8
2 8 506.1 271.2
2 9 480.1 248.3
2 10 497.1 224.0
2 11 525.3 215.6
2 12 512.2 235.4
2 13 433.5 363.6
2 14 571.3 178.1
2 15 591.3 178.9
2 16 608.1 177.9
2 17 614.9 143.7
2 18 246.0 346.7
2 19 382.9 115.6
2 20 403.7 115.6
2 21 224.9 359.7
2 22 277.8 222.5
2 23 67.2 330.1
2 24 598.7 304.8
2 25 607.6 283.7
2 32 527.2 204.4
2 33 381.4 439.9
2 34 359.2 440.6
2 35 280.4 177.4
2 36 329.4 181.0
2 37 533.8 153.0
2 38 538.7 134.4
2 47 327.1 36.3
2 48 540.0 185.7
2 49 554.0 192.2
2 50 310.5 116.0
2 51 322.6 134.7
2 52 464.7 175.8
2 56 623.1 164.2
2 57 63.0 354.1
2 58 94.2 360.3
2 59 357.0 322.2
2 60 360.4 296.2
2 61 402.7 294.5
2 62 515.6 329.5
2 63 168.4 390.5
2 64 167.8 373.8
3 1 467.4 293.7
3 2 484.7 334.4
3 3 557.3 14.6
3 4 32.5 270.1
3 5 31.3 247.6
3 6 41.2 315.9
3 7 45.0 297.8
3 8 513.3 276.4
3 9 485.5 254.6
3 10 496.4 224.4
3 11 520.3 212.3
3 12 506.0 235.8
3 13 411.4 357.4
3 14 565.6 159.8
3 15 584.7 163.6
3 16 599.8 176.5
3 17 604.5 141.7
3 18 252.6 354.5
3 19 390.2 103.1
3 20 411.6 102.0
3 21 232.6 369.4
3 22 289.4 220.5
3 23 82.2 323.1
3 24 586.4 297.8
3 25 595.8 276.5
3 32 531.1 207.0
3 33 381.4 439.9
3 34 359.2 440.6
3 35 278.4 174.5
3 36 323.1 179.3
3 37 520.0 155.1
3 38 512.4 138.8
3 39 557.5 399.9
3 46 634.2 131.9
3 47 317.1 51.9
3 48 536.8 188.6
3 49 555.6 194.6
3 50 299.2 117.8
3 51 312.4 136.7
3 52 476.2 176.6
3 56 622.6 166.1
3 58 84.4 360.6
3 59 339.6 323.6
3 60 340.9 296.5
3 61 387.8 294.8
3 62 513.7 327.8
3 63 168.4 390.5
3 64 167.8 373.8
4 1 459.3 293.1
4 2 489.5 335.8
4 3 550.8 1.6
4 8 527.7 286.2
4 9 493.7 263.7
4 10 491.5 223.9
4 11 513.1 208.2
4 12 497.5 237.7
4 13 394.9 352.1
4 14 560.1 139.7
4 15 580.7 149.6
4 16 591.8 174.8
4 17 601.4 140.3
4 18 260.9 364.3
4 19 394.9 93.7
4 20 415.4 90.7
4 21 237.8 374.3
4 22 309.2 216.9
4 23 94.1 319.5
4 24 571.9 289.4
4 25 577.5 265.5
4 26 618.4 240.8
4 27 615.9 220.1
4 32 536.5 210.2
4 33 381.4 439.9
4 34 359.2 440.6
4 35 280.2 172.6
4 36 316.8 183.2
4 37 495.3 158.6
4 38 499.4 141.0
4 39 524.7 390.7
4 46 620.4 129.0
4 47 307.3 59.0
4 48 538.6 193.1
4 49 558.8 199.2
4 50 283.8 120.0
4 51 300.2 138.9
4 52 486.0 176.8
4 56 622.1 164.2
4 58 74.7 360.8
4 59 316.9 325.3
4 60 324.8 297.5
4 61 374.0 292.8
4 62 509.7 323.5
4 63 168.4 390.5
4 64 167.8 373.8
5 1 448.2 291.6
5 2 493.8 337.9
5 8 541.5 296.0
5 9 501.5 271.9
5 10 483.6 222.3
5 11 503.9 211.8
5 12 493.0 237.9
5 13 386.5 348.1
5 14 559.1 126.9
5 15 580.4 137.5
5 16 582.8 172.0
5 17 595.3 140.5
5 18 266.9 371.2
5 19 398.9 85.6
5 20 420.3 77.9
5 21 246.6 384.9
5 22 326.6 213.9
5 23 104.1 319.1
5 24 563.2 283.7
5 25 566.2 260.6
5 26 606.6 243.8
5 27 599.6 225.2
5 32 541.8 213.3
5 33 381.4 439.9
5 34 359.2 440.6
5 35 282.0 172.6
5 36 310.6 189.9
5 37 481.5 161.2
5 38 483.0 143.6
5 39 505.6 381.3
5 46 610.1 129.2
5 47 293.2 68.5
5 48 533.9 199.5
5 49 562.6 205.8
5 50 272.8 122.7
5 51 289.1 140.8
5 52 497.7 176.4
5 56 612.9 169.2
5 58 66.3 361.0
5 59 303.5 325.5
5 60 311.2 301.0
5 61 356.8 290.5
5 62 507.0 318.9
5 63 168.4 390.5
5 64 167.8 373.8
6 1 438.2 290.6
6 2 499.1 338.2
6 8 548.7 302.2
6 9 508.9 279.1
6 10 476.2 219.7
6 11 497.8 200.5
6 12 480.5 241.8
6 13 373.7 341.2
6 14 560.1 112.7
6 15 579.7 120.7
6 16 571.2 168.2
6 17 584.1 141.6
6 18 273.0 378.0
6 19 402.3 78.8
6 20 426.2 63.2
6 21 252.7 392.0
6 22 337.0 212.6
6 23 121.1 318.2
6 24 548.0 273.2
6 25 553.3 257.3
6 26 590.2 248.0
6 27 586.3 228.7
6 32 543.1 214.0
6 33 381.4 439.9
6 34 359.2 440.6
6 35 281.2 174.5
6 36 302.6 195.6
6 37 461.1 166.2
6 38 470.8 144.6
6 39 480.5 368.1
6 40 554.5 390.7
6 46 598.1 129.7
6 47 280.8 72.3
6 48 537.4 194.9
6 49 566.2 211.8
6 50 258.3 126.9
6 51 271.7 150.2
6 52 506.1 179.3
6 56 616.7 168.1
6 59 282.1 325.6
6 60 289.7 306.2
6 61 345.1 289.6
6 62 503.4 315.2
6 63 168.4 390.5
6 64 167.8 373.8
7 1 425.7 290.1
7 2 509.2 336.3
7 8 561.0 312.9
7 9 525.3 294.6
7 10 468.2 219.3
7 11 488.1 200.4
7 12 472.0 242.7
7 13 357.9 332.8
7 14 561.8 92.8
7 15 581.1 107.8
7 16 561.8 165.2
7 17 571.1 142.9
7 18 282.2 388.0
7 19 406.1 71.0
7 20 428.8 49.9
7 21 259.2 399.2
7 22 350.0 212.8
7 23 137.3 318.4
7 24 537.7 269.9
7 25 534.5 252.4
7 26 578.6 250.0
7 27 575.0 230.8
7 32 546.6 216.2
7 33 381.4 439.9
7 34 359.2 440.6
7 35 277.5 173.6
7 36 292.7 194.9
7 37 440.8 170.7
7 38 453.0 146.0
7 39 467.7 356.3
7 40 530.4 390.2
7 46 587.4 128.6
7 47 268.1 69.9
7 48 542.8 202.9
7 49 576.8 211.8
7 50 246.1 130.5
7 51 254.7 160.5
7 52 511.6 183.8
7 56 620.0 165.2
7 59 270.3 325.5
7 60 277.7 305.0
7 61 324.4 287.9
7 62 495.4 312.4
7 63 168.4 390.5
7 64 167.8 373.8
8 1 405.1 289.6
8 2 520.2 334.7
8 8 575.9 325.9
8 9 536.6 305.5
8 10 459.8 221.3
8 11 474.4 200.1
8 12 461.8 243.3
8 13 347.4 327.7
8 14 562.2 76.2
8 15 585.9 91.2
8 16 549.6 163.8
8 17 560.6 144.2
8 18 291.6 398.4
8 19 410.7 61.6
8 20 427.6 38.2
8 21 268.6 409.3
8 22 355.5 211.2
8 23 148.9 322.1
8 24 522.7 268.5
8 25 522.8 250.4
8 26 566.8 251.0
8 27 558.1 234.3
8 32 552.1 219.8
8 33 381.4 439.9
8 34 359.2 440.6
8 35 275.2 182.2
8 36 282.2 198.8
8 37 431.3 171.9
8 38 443.3 144.5
8 39 449.2 339.4
8 40 510.3 387.8
8 46 569.4 126.0
8 47 253.9 67.5
8 48 554.5 200.9
8 49 590.5 211.4
8 50 236.8 134.7
8 51 244.0 154.6
8 52 517.1 187.0
8 56 611.4 170.2
8 59 252.8 325.3
8 60 256.1 300.9
8 61 311.9 287.3
8 62 481.2 307.6
8 63 168.4 390.5
8 64 167.8 373.8
9 1 393.1 287.4
9 2 528.6 335.3
9 8 585.0 334.4
9 9 544.8 313.8
9 10 451.9 223.3
9 11 461.5 200.5
9 12 451.1 244.1
9 13 338.2 323.9
9 14 560.7 64.7
9 15 592.0 69.1
9 16 534.7 164.3
9 17 546.0 146.1
9 18 297.5 405.7
9 20 425.9 26.9
9 21 274.2 416.5
9 22 357.4 215.1
9 23 177.4 333.1
9 24 506.1 266.9
9 25 509.3 249.2
9 26 549.5 252.6
9 27 546.8 234.9
9 32 554.7 221.9
9 33 381.4 439.9
9 34 359.2 440.6
9 35 281.2 175.4
9 36 275.9 198.0
9 37 422.9 173.9
9 38 437.7 142.7
9 39 433.5 328.1
9 40 482.7 384.2
9 46 556.8 124.9
9 47 241.6 66.8
9 48 565.0 200.6
9 49 594.4 220.2
9 50 227.3 140.5
9 51 224.2 159.6
9 52 525.4 186.6
9 56 617.0 173.8
9 59 241.0 323.5
9 60 243.3 299.7
9 61 293.6 286.2
9 62 470.9 304.5
9 63 168.4 390.5
9 64 167.8 373.8
10 1 377.9 280.6
10 2 538.1 341.4
10 8 593.7 344.4
10 9 561.2 329.9
10 10 444.1 225.2
10 11 451.8 202.3
10 12 442.1 245.5
10 13 323.6 317.8
10 14 557.9 52.2
10 15 591.4 56.1
10 16 524.0 166.7
10 17 523.9 148.9
10 18 300.9 410.9
10 20 424.1 15.4
10 21 276.8 422.5
10 22 359.1 217.7
10 23 199.6 341.2
10 24 496.0 266.1
10 25 488.8 247.4
10 26 536.5 253.4
10 27 534.3 233.7
10 32 557.1 223.7
10 33 381.4 439.9
10 34 359.2 440.6
10 35 281.2 175.4
10 36 266.8 195.5
10 37 415.1 171.7
10 38 430.0 141.8
10 39 410.5 310.6
10 40 467.5 380.1
10 46 540.5 124.6
10 47 224.5 66.3
10 48 573.7 204.9
10 49 599.3 242.0
10 50 219.2 138.2
10 51 209.9 158.5
10 52 532.2 185.5
10 56 613.3 171.0
10 59 218.5 319.4
10 60 219.7 299.8
10 61 275.4 286.3
10 62 458.9 301.3
10 63 168.4 390.5
10 64 167.8 373.8
11 1 357.6 272.0
11 2 543.7 340.0
11 9 578.2 347.1
11 10 435.6 226.7
11 11 440.5 204.7
11 12 432.0 247.4
11 13 308.3 311.4
11 14 553.6 37.6
11 15 587.8 41.1
11 16 508.7 170.9
11 17 512.8 155.9
11 18 303.9 415.3
11 20 422.3 3.6
11 21 278.2 429.3
11 22 360.1 214.2
11 23 215.1 344.8
11 24 480.6 266.7
11 25 474.2 246.7
11 26 525.6 253.7
11 27 516.6 232.2
11 32 562.9 226.4
11 33 381.4 439.9
11 34 359.2 440.6
11 35 278.6 177.4
11 36 260.2 183.9
11 37 410.5 168.2
11 38 418.4 140.9
11 39 399.2 292.6
11 40 431.9 370.1
11 46 526.4 123.6
11 47 213.9 63.0
11 48 576.9 205.7
11 49 602.4 254.1
11 50 208.6 128.9
11 51 195.5 146.7
11 52 539.3 184.8
11 56 616.9 171.0
11 59 205.9 317.4
11 60 203.3 299.2
11 61 263.8 290.3
11 62 442.4 296.9
11 63 168.4 390.5
11 64 167.8 373.8
12 1 346.9 270.4
12 2 545.6 344.3
12 9 585.7 357.0
12 10 426.2 228.5
12 11 428.1 207.3
12 12 421.2 249.3
12 13 298.1 307.5
12 14 549.8 22.2
12 15 584.1 26.5
12 16 492.3 175.2
12 17 496.0 153.6
12 18 306.7 419.6
12 21 281.7 430.8
12 22 359.2 215.1
12 23 248.6 352.6
12 24 465.8 268.1
12 25 463.9 246.8
12 26 507.4 254.6
12 27 504.4 230.3
12 28 24.2 222.1
12 32 568.0 228.1
12 33 381.4 439.9
12 34 359.2 440.6
12 35 282.0 173.5
12 36 263.8 190.0
12 37 405.9 166.1
12 38 404.4 139.7
12 39 386.5 274.8
12 40 416.5 365.6
12 41 44.0 1.4
12 45 611.8 148.4
12 46 513.4 121.6
12 47 209.5 63.5
12 48 587.4 209.0
12 49 608.0 274.4
12 50 200.1 119.2
12 51 184.8 135.0
12 52 550.1 184.6
12 56 611.4 174.8
12 59 189.4 314.3
12 60 190.2 296.9
12 61 244.1 297.2
12 62 431.9 294.9
12 63 168.4 390.5
12 64 167.8 373.8
13 1 332.2 268.5
13 2 548.2 349.2
13 9 591.0 371.1
13 10 415.8 230.5
13 11 418.1 209.3
13 12 412.2 250.9
13 13 288.2 303.9
13 14 549.5 8.1
13 15 580.1 15.3
13 16 481.4 177.1
13 17 481.2 157.0
13 18 309.9 424.4
13 21 287.2 427.7
13 22 352.3 210.8
13 23 267.4 356.5
13 24 455.8 270.4
13 25 448.9 246.4
13 26 490.8 254.6
13 27 495.1 227.3
13 28 38.1 222.6
13 29 605.7 233.0
13 32 569.8 227.2
13 33 381.4 439.9
13 34 359.2 440.6
13 35 280.5 180.2
13 36 263.8 190.0
13 37 395.0 165.9
13 38 393.7 141.1
13 39 365.4 257.7
13 40 391.8 357.6
13 41 55.9 8.5
13 42 99.0 2.5
13 45 587.6 146.0
13 46 499.0 118.7
13 47 205.1 57.7
13 48 592.4 213.3
13 50 194.2 111.7
13 51 178.8 125.8
13 52 567.1 184.2
13 56 612.8 176.7
13 59 176.0 313.5
13 60 173.6 294.2
13 61 232.8 301.5
13 62 416.7 293.4
13 63 168.4 390.5
13 64 167.8 373.8
14 1 319.5 268.6
14 2 554.1 358.2
14 9 596.8 386.6
14 10 406.1 232.0
14 11 408.5 211.6
14 12 403.5 252.5
14 13 273.7 298.3
14 15 574.5 2.5
14 16 465.2 179.5
14 17 462.9 161.2
14 18 313.2 429.2
14 21 292.1 425.2
14 22 347.1 208.2
14 23 287.0 359.7
14 24 440.3 273.9
14 25 436.9 247.8
14 26 481.0 253.0
14 27 482.2 222.9
14 28 53.7 223.0
14 29 591.3 241.8
14 30 598.8 259.7
14 32 569.6 225.3
14 33 381.4 439.9
14 34 359.2 440.6
14 35 283.0 173.5
14 36 264.5 186.2
14 37 378.8 165.7
14 38 376.0 146.4
14 39 348.2 244.1
14 40 370.8 351.4
14 41 72.4 18.6
14 42 111.7 17.5
14 45 578.2 151.6
14 46 488.0 112.3
14 47 198.3 47.3
14 48 603.0 219.1
14 50 189.5 103.0
14 51 173.3 116.1
14 52 579.2 183.9
14 56 612.3 174.8
14 59 169.4 315.6
14 60 163.8 294.3
14 61 217.8 307.8
14 62 400.5 291.4
14 63 168.4 390.5
14 64 167.8 373.8
15 1 307.7 272.7
15 2 555.6 372.6
15 10 397.1 232.7
15 11 397.4 214.7
15 12 394.5 254.4
15 13 258.4 292.7
15 16 447.4 181.9
15 17 448.8 163.7
15 18 312.4 426.0
15 21 287.8 430.7
15 22 340.9 212.0
15 23 322.9 365.5
15 24 425.0 277.6
15 25 426.8 251.8
15 26 466.8 249.5
15 27 470.4 219.5
15 28 65.1 222.1
15 29 579.5 246.5
15 30 575.9 267.5
15 32 570.9 227.2
15 33 381.4 439.9
15 34 359.2 440.6
15 35 283.2 179.2
15 36 263.6 186.2
15 37 367.2 168.8
15 38 358.4 150.4
15 39 328.2 230.1
15 40 351.2 347.1
15 41 87.8 26.8
15 42 123.2 24.4
15 45 571.5 157.6
15 46 471.3 102.1
15 47 191.0 36.9
15 48 612.7 222.4
15 50 186.2 93.0
15 51 168.7 104.6
15 52 583.9 190.2
15 53 539.0 12.0
15 56 614.8 175.7
15 59 164.4 317.7
15 60 154.2 294.7
15 61 205.7 312.2
15 62 387.9 287.7
15 63 168.4 390.5
15 64 167.8 373.8
16 1 285.9 280.2
16 2 561.0 379.0
16 10 386.2 233.8
16 11 387.2 216.3
16 12 385.8 255.3
16 13 247.5 289.9
16 16 436.1 182.5
16 17 438.0 164.6
16 18 313.8 426.5
16 21 286.4 430.1
16 22 335.0 209.9
16 23 340.1 367.3
16 24 415.2 280.7
16 25 411.5 258.1
16 26 447.4 244.7
16 27 461.0 218.4
16 28 74.4 219.9
16 29 567.4 247.3
16 30 560.0 271.3
16 32 574.0 232.9
16 33 381.4 439.9
16 34 359.2 440.6
16 35 283.1 177.3
16 36 266.4 188.1
16 37 347.0 175.7
16 38 342.8 149.6
16 39 314.1 219.1
16 40 323.0 341.6
16 41 100.9 31.2
16 42 138.6 30.6
16 45 578.7 153.6
16 46 460.6 103.0
16 47 190.5 25.7
16 48 618.2 230.0
16 50 184.3 92.1
16 51 167.4 98.0
16 52 595.0 188.2
16 53 547.6 24.4
16 56 616.9 167.2
16 59 157.3 317.5
16 60 144.4 295.4
16 61 192.5 317.5
16 62 362.6 280.0
16 63 168.4 390.5
16 64 167.8 373.8
17 1 271.8 286.4
17 2 562.3 398.4
17 10 374.3 234.8
17 11 377.9 216.0
17 12 376.4 255.6
17 13 235.8 288.4
17 16 417.5 182.6
17 17 420.6 165.3
17 18 313.8 423.6
17 21 286.5 432.4
17 22 327.7 211.4
17 23 361.2 366.5
17 24 400.2 289.9
17 25 402.4 271.1
17 26 433.6 241.6
17 27 448.5 217.4
17 28 86.0 216.6
17 29 544.7 248.8
17 30 548.7 270.9
17 32 578.2 238.7
17 33 381.4 439.9
17 34 359.2 440.6
17 35 280.4 177.4
17 36 264.7 190.0
17 37 334.2 180.2
17 38 315.2 148.0
17 39 301.6 207.5
17 40 304.7 341.6
17 41 121.7 38.1
17 42 151.7 35.0
17 43 57.1 340.9
17 45 595.5 147.3
17 46 454.0 104.8
17 47 192.8 42.4
17 48 617.9 238.7
17 50 178.3 83.3
17 51 166.0 88.0
17 52 604.8 197.9
17 53 556.5 38.6
17 56 618.1 166.2
17 59 147.5 315.2
17 60 137.0 297.1
17 61 178.6 320.7
17 62 349.6 276.3
17 63 168.4 390.5
17 64 167.8 373.8
18 1 262.7 294.1
18 2 566.5 405.5
18 10 364.7 235.0
18 11 366.6 215.3
18 12 363.7 256.1
18 13 215.8 286.0
18 16 396.3 183.1
18 17 397.6 166.4
18 18 316.0 427.6
18 21 285.1 434.2
18 22 320.7 218.6
18 23 398.0 365.1
18 24 389.3 295.5
18 25 386.2 278.6
18 26 423.6 239.6
18 27 432.9 216.2
18 28 100.1 214.7
18 29 526.4 249.3
18 30 528.4 270.0
18 32 580.9 245.1
18 33 381.4 439.9
18 34 359.2 440.6
18 35 278.3 172.6
18 36 264.8 191.8
18 37 312.4 188.5
18 38 301.3 147.4
18 39 290.6 195.8
18 40 269.6 342.1
18 41 135.2 40.0
18 42 165.6 37.5
18 43 69.5 343.9
18 45 616.8 145.9
18 46 448.1 106.8
18 47 192.4 29.1
18 48 616.1 250.3
18 50 180.6 77.6
18 51 166.0 88.0
18 52 620.9 199.4
18 53 565.6 49.5
18 56 612.1 175.8
18 59 138.0 314.3
18 60 133.0 298.4
18 61 169.9 316.2
18 62 330.7 271.3
18 63 168.4 390.5
18 64 167.8 373.8
19 1 250.6 303.7
19 2 574.4 414.2
19 10 355.1 234.4
19 11 354.3 214.6
19 12 350.4 256.6
19 13 198.9 283.6
19 16 384.1 185.0
19 17 381.1 167.8
19 18 311.8 428.9
19 21 285.1 432.5
19 22 310.2 221.5
19 23 416.8 364.6
19 24 371.3 300.5
19 25 373.7 282.8
19 26 408.1 236.5
19 27 420.0 214.8
19 28 109.3 211.8
19 29 515.1 247.5
19 30 503.3 268.9
19 32 581.3 255.3
19 33 381.4 439.9
19 34 359.2 440.6
19 35 273.8 172.7
19 36 264.4 185.3
19 37 297.8 193.6
19 38 280.3 147.7
19 39 282.1 185.7
19 40 254.1 342.6
19 41 151.8 39.4
19 42 180.7 41.1
19 43 79.3 344.8
19 46 440.1 111.7
19 47 193.5 30.3
19 48 613.8 265.0
19 50 176.4 67.4
19 51 162.1 81.4
19 52 622.4 203.8
19 53 572.0 54.1
19 56 616.1 173.8
19 59 132.2 315.9
19 60 132.1 299.1
19 61 158.0 309.7
19 62 312.9 266.6
19 63 168.4 390.5
19 64 167.8 373.8
20 1 240.1 303.6
20 10 343.7 233.6
20 11 344.3 214.5
20 12 340.4 256.4
20 13 188.7 281.1
20 16 369.6 189.1
20 17 370.0 170.0
20 18 312.5 428.8
20 21 285.2 435.9
20 22 297.2 224.4
20 23 437.9 364.9
20 24 359.2 301.5
20 25 358.9 286.3
20 26 389.7 232.8
20 27 410.4 213.0
20 28 120.5 211.6
20 29 492.3 243.2
20 30 486.7 267.9
20 32 581.7 271.6
20 33 381.4 439.9
20 34 359.2 440.6
20 35 270.0 169.9
20 36 263.7 188.1
20 37 277.4 200.9
20 38 264.1 147.4
20 39 282.6 185.8
20 40 221.5 344.2
20 41 164.9 41.2
20 42 190.5 49.0
20 43 92.1 344.0
20 46 434.7 115.3
20 47 198.6 10.1
20 48 611.8 278.8
20 50 165.8 56.0
20 51 162.3 82.5
20 53 577.1 57.7
20 54 624.4 11.4
20 56 609.7 174.9
20 59 130.5 316.9
20 60 129.0 299.8
20 61 149.7 304.1
20 62 301.4 263.3
20 63 168.4 390.5
20 64 167.8 373.8
21 1 220.0 301.8
21 10 332.6 233.1
21 11 334.0 214.7
21 12 329.4 255.7
21 13 173.1 276.4
21 16 349.4 194.9
21 17 352.3 173.7
21 18 311.1 429.5
21 21 285.8 434.2
21 22 284.2 224.7
21 23 478.1 365.4
21 24 343.1 307.1
21 25 344.2 285.9
21 26 377.0 230.7
21 27 396.7 209.9
21 28 138.2 211.0
21 29 471.9 239.7
21 30 476.4 267.0
21 32 582.5 283.2
21 33 381.4 439.9
21 34 359.2 440.6
21 35 261.7 170.1
21 36 262.7 186.3
21 37 258.6 205.8
21 38 248.7 148.8
21 39 282.2 176.4
21 40 205.7 345.6
21 41 178.4 44.7
21 42 202.3 60.9
21 43 109.1 342.9
21 46 430.3 118.2
21 47 204.5 7.1
21 48 610.9 289.1
21 50 161.1 51.4
21 51 160.7 78.0
21 53 583.8 62.6
21 54 623.1 23.6
21 56 611.2 172.0
21 59 128.4 317.5
21 60 122.3 300.7
21 61 145.0 299.1
21 62 282.7 257.8
21 63 168.4 390.5
21 64 167.8 373.8
22 1 205.0 299.5
22 10 323.3 233.4
22 11 320.5 214.8
22 12 313.3 254.4
22 13 153.1 270.5
22 16 335.7 197.6
22 17 332.5 177.9
22 18 311.1 431.2
22 21 284.5 434.8
22 22 269.4 222.9
22 23 496.6 365.9
22 24 326.2 306.1
22 25 329.4 288.5
22 26 367.3 229.5
22 27 377.7 205.4
22 28 153.5 211.1
22 29 460.7 239.1
22 30 459.6 265.2
22 32 584.2 293.2
22 33 381.4 439.9
22 34 359.2 440.6
22 35 267.2 170.0
22 36 264.8 190.9
22 37 243.2 204.3
22 38 231.0 151.2
22 39 282.4 182.1
22 40 177.0 349.2
22 41 190.3 48.9
22 42 213.9 70.4
22 43 119.6 342.3
22 47 207.6 5.6
22 48 610.7 297.6
22 50 149.3 40.7
22 51 152.4 69.0
22 53 587.9 64.8
22 54 622.5 34.4
22 55 525.7 6.3
22 56 614.8 171.9
22 59 121.8 317.8
22 60 115.0 301.8
22 61 141.6 294.8
22 62 270.8 255.3
22 63 168.4 390.5
22 64 167.8 373.8
23 1 195.3 296.3
23 10 312.5 233.8
23 11 307.6 215.1
23 12 299.0 253.9
23 13 139.4 267.9
23 16 322.7 198.1
23 17 320.4 180.5
23 18 310.4 431.8
23 21 285.8 434.2
23 22 256.7 225.8
23 23 518.4 367.1
23 24 315.8 306.3
23 25 313.9 287.4
23 26 354.7 228.0
23 27 361.9 202.5
23 28 164.0 213.0
23 29 442.2 238.4
23 30 436.0 262.6
23 32 587.0 309.8
23 33 381.4 439.9
23 34 359.2 440.6
23 35 264.3 167.1
23 36 261.0 188.2
23 37 223.6 201.7
23 38 219.3 150.4
23 39 279.6 180.2
23 40 163.3 352.1
23 41 199.1 52.3
23 42 224.7 75.2
23 43 137.6 340.7
23 47 207.8 5.5
23 48 610.6 310.1
23 50 139.8 25.1
23 51 140.0 52.2
23 53 592.4 68.9
23 54 621.9 40.9
23 55 534.1 14.2
23 56 613.5 173.9
23 59 116.7 317.8
23 60 108.8 303.1
23 61 134.8 293.2
23 62 254.2 252.6
23 63 168.4 390.5
23 64 167.8 373.8
24 1 181.4 291.2
24 10 298.6 233.9
24 11 297.8 215.7
24 12 289.5 254.7
24 13 129.3 267.9
24 16 303.4 198.9
24 17 309.6 182.7
24 18 309.7 431.2
24 21 285.8 434.2
24 22 247.2 226.9
24 23 560.2 369.4
24 24 301.3 308.9
24 25 299.9 285.4
24 26 341.4 226.5
24 27 351.4 201.7
24 28 178.8 217.1
24 29 424.6 237.9
24 30 417.3 260.9
24 31 620.4 151.0
24 32 589.5 324.0
24 33 381.4 439.9
24 34 359.2 440.6
24 35 267.8 164.1
24 36 260.8 184.4
24 37 208.8 195.5
24 38 204.8 149.4
24 39 285.2 174.2
24 40 138.0 358.3
24 41 206.5 54.8
24 42 238.2 81.3
24 43 157.0 339.6
24 47 205.1 6.8
24 48 610.6 320.1
24 50 130.5 15.0
24 51 128.6 44.5
24 53 597.1 73.7
24 54 621.9 49.6
24 55 541.1 23.8
24 56 616.6 175.7
24 59 114.6 317.6
24 60 102.5 304.1
24 61 127.7 292.9
24 62 236.2 250.0
24 63 168.4 390.5
24 64 167.8 373.8
25 1 166.4 286.1
25 10 285.7 234.6
25 11 287.1 216.5
25 12 279.3 256.1
25 13 114.7 268.0
25 16 291.7 199.7
25 17 296.3 185.4
25 18 309.6 428.3
25 21 285.1 434.2
25 22 235.9 228.0
25 23 586.4 370.9
25 24 287.7 308.5
25 25 282.0 289.7
25 26 331.2 225.4
25 27 339.7 201.5
25 28 190.5 217.4
25 29 413.7 238.1
25 30 406.2 260.6
25 31 583.2 145.8
25 32 591.4 332.2
25 33 381.4 439.9
25 34 359.2 440.6
25 35 265.0 163.2
25 36 267.5 187.7
25 37 187.8 187.2
25 38 191.9 151.1
25 39 290.7 171.7
25 40 125.6 360.8
25 41 214.8 59.7
25 42 248.2 81.7
25 43 168.9 341.2
25 44 33.7 242.0
25 47 199.6 9.6
25 50 120.9 6.9
25 51 116.7 35.7
25 53 598.7 73.4
25 54 621.4 58.1
25 55 550.4 37.3
25 56 615.3 177.3
25 59 109.5 318.0
25 60 95.1 304.3
25 61 122.6 292.7
25 62 223.5 249.6
25 63 168.4 390.5
25 64 167.8 373.8
