1 1 283.9 245.3
1 2 524.5 280.7
1 3 494.0 332.2
1 4 68.1 302.5
1 5 72.7 318.0
1 6 218.9 381.6
1 7 428.3 236.7
1 8 436.2 218.5
1 9 565.0 15.6
1 10 548.1 382.3
1 11 464.1 373.8
1 12 596.9 127.6
1 13 548.4 271.2
1 14 588.6 285.6
1 15 609.2 274.6
1 16 620.5 252.0
1 21 314.9 239.5
1 22 534.4 219.9
1 23 298.0 340.5
1 24 553.9 195.5
1 25 534.8 194.3
1 26 348.7 357.3
1 27 71.6 240.6
1 36 125.9 258.8
1 37 144.7 299.3
1 38 143.2 275.7
1 39 87.2 216.8
1 40 587.3 18.6
1 41 479.1 5.3
1 49 123.6 338.1
1 50 201.5 346.6
1 54 476.0 154.5
1 55 493.5 168.5
1 57 595.9 72.0
1 58 589.6 51.4
1 63 410.5 181.1
1 64 383.3 168.0
1 69 427.6 283.1
1 70 164.6 444.9
1 71 322.0 382.6
1 72 350.4 404.8
1 73 320.0 403.8
1 74 485.6 291.6
1 75 504.5 307.6
1 76 509.0 281.9
1 77 520.3 327.3
1 78 168.4 390.5
1 79 167.8 373.8
2 1 291.2 246.1
2 2 524.5 280.7
2 3 494.0 332.2
2 4 52.4 303.5
2 5 54.0 318.7
2 6 212.5 376.2
2 7 412.9 236.4
2 8 419.5 217.5
2 9 568.5 4.9
2 10 548.0 379.4
2 11 450.3 362.7
2 12 591.3 136.5
2 13 519.2 252.0
2 14 569.5 283.2
2 15 596.5 273.3
2 16 608.6 251.7
2 21 323.5 245.2
2 22 548.3 227.3
2 23 289.4 353.8
2 24 562.9 198.5
2 25 538.1 203.6
2 26 366.2 356.1
2 27 81.9 236.6
2 36 113.6 258.8
2 37 132.2 299.9
2 38 127.4 276.0
2 39 88.7 208.9
2 40 588.8 22.2
2 41 480.2 15.3
2 49 122.5 336.7
2 50 219.8 346.1
2 54 467.7 160.6
2 55 483.3 174.9
2 57 586.0 75.9
2 58 576.1 57.1
2 63 400.8 183.5
2 64 377.5 169.0
2 69 435.3 279.8
2 70 164.6 444.9
2 71 322.0 382.6
2 72 350.4 404.8
2 73 320.0 403.8
2 74 485.6 291.6
2 75 504.5 307.6
2 76 509.0 281.9
2 77 520.3 327.3
2 78 168.4 390.5
2 79 167.8 373.8
3 1 298.0 246.9
3 2 524.5 280.7
3 3 494.0 332.2
3 6 203.7 369.6
3 7 395.2 235.8
3 8 397.7 216.1
3 10 544.8 383.2
3 11 429.4 346.3
3 12 585.1 147.6
3 13 504.9 246.0
3 14 557.9 286.8
3 15 578.1 279.4
3 16 588.7 256.3
3 21 330.6 243.7
3 22 559.0 228.7
3 23 284.6 362.1
3 24 571.6 203.9
3 25 546.3 208.9
3 26 379.8 355.0
3 27 94.0 231.9
3 36 103.9 258.5
3 37 116.9 300.7
3 38 115.9 278.2
3 39 82.9 208.1
3 40 592.0 29.9
3 41 479.7 21.6
3 49 123.5 337.4
3 50 225.2 346.1
3 54 459.3 165.9
3 55 474.4 180.3
3 57 574.6 81.1
3 58 565.3 61.6
3 63 395.9 185.3
3 64 368.1 171.4
3 69 439.2 273.4
3 70 162.4 444.4
3 71 322.0 382.6
3 72 350.4 404.8
3 73 320.0 403.8
3 74 485.6 291.6
3 75 504.5 307.6
3 76 509.0 281.9
3 77 520.3 327.3
3 78 168.4 390.5
3 79 167.8 373.8
4 1 305.6 249.0
4 2 524.5 280.7
4 3 494.0 332.2
4 6 192.3 360.9
4 7 384.3 234.7
4 8 385.8 214.9
4 10 542.9 385.5
4 11 419.2 339.7
4 12 581.3 156.3
4 13 475.9 240.7
4 14 545.8 274.1
4 15 570.9 272.6
4 16 575.3 252.5
4 21 340.5 249.8
4 22 570.8 234.4
4 23 275.7 376.5
4 24 585.5 212.0
4 25 560.3 217.0
4 26 401.4 353.1
4 27 104.0 229.0
4 28 36.5 257.0
4 36 90.6 257.1
4 37 106.0 301.6
4 38 99.7 281.4
4 39 91.0 214.0
4 40 598.0 35.7
4 41 477.7 24.4
4 42 467.5 1.7
4 49 128.5 335.1
4 50 223.0 346.6
4 54 450.1 171.7
4 55 464.2 186.1
4 56 593.5 6.1
4 57 563.5 85.8
4 58 552.7 67.1
4 63 388.6 188.1
4 64 356.3 174.8
4 69 446.7 265.3
4 70 166.8 445.4
4 71 322.0 382.6
4 72 350.4 404.8
4 73 320.0 403.8
4 74 485.6 291.6
4 75 504.5 307.6
4 76 509.0 281.9
4 77 520.3 327.3
4 78 168.4 390.5
4 79 167.8 373.8
5 1 315.0 252.5
5 2 524.5 280.7
5 3 494.0 332.2
5 6 183.3 356.0
5 7 364.8 231.6
5 8 368.5 212.6
5 10 542.5 386.3
5 11 398.6 327.1
5 12 588.1 157.1
5 13 441.5 234.2
5 14 530.6 270.4
5 15 552.6 270.7
5 16 564.7 252.5
5 21 346.3 253.8
5 22 584.5 241.4
5 23 271.7 387.1
5 24 594.5 216.8
5 25 569.4 221.5
5 26 414.8 352.5
5 27 115.4 226.4
5 28 48.8 252.2
5 36 75.4 256.0
5 37 95.0 302.9
5 38 89.5 283.1
5 39 90.5 215.8
5 40 604.7 37.5
5 41 474.1 23.9
5 42 466.5 0.8
5 49 132.3 330.0
5 50 225.6 346.1
5 51 75.5 350.2
5 52 73.7 3.1
5 54 441.1 177.2
5 55 453.6 192.3
5 56 583.0 13.0
5 57 553.6 89.1
5 58 541.0 71.4
5 63 380.8 190.9
5 64 345.8 176.8
5 69 453.2 259.5
5 70 162.3 443.8
5 71 322.0 382.6
5 72 350.4 404.8
5 73 320.0 403.8
5 74 485.6 291.6
5 75 504.5 307.6
5 76 509.0 281.9
5 77 520.3 327.3
5 78 168.4 390.5
5 79 167.8 373.8
6 1 326.8 257.5
6 2 524.5 280.7
6 3 494.0 332.2
6 6 174.2 352.1
6 7 342.9 228.6
6 8 348.1 210.0
6 10 543.6 385.7
6 11 387.6 320.7
6 12 592.2 156.2
6 13 427.6 230.8
6 14 516.1 264.4
6 15 544.0 260.5
6 16 556.0 248.8
6 21 354.0 252.0
6 22 591.9 247.9
6 23 272.3 396.0
6 24 607.7 223.8
6 25 582.3 226.7
6 26 442.6 351.2
6 27 133.3 221.9
6 28 63.3 247.3
6 36 65.7 258.1
6 37 76.5 305.2
6 38 74.8 285.5
6 39 87.3 213.2
6 40 600.7 43.8
6 41 472.4 23.5
6 42 468.3 6.3
6 44 495.7 3.6
6 49 140.6 331.9
6 50 226.5 348.0
6 51 100.7 355.4
6 52 100.0 22.5
6 53 634.2 141.2
6 54 431.8 182.9
6 55 444.6 198.5
6 56 570.5 21.8
6 57 543.7 92.6
6 58 530.2 73.8
6 63 373.2 194.5
6 64 337.4 176.2
6 69 466.4 253.5
6 70 161.9 445.5
6 71 322.0 382.6
6 72 350.4 404.8
6 73 320.0 403.8
6 74 485.6 291.6
6 75 504.5 307.6
6 76 509.0 281.9
6 77 520.3 327.3
6 78 168.4 390.5
6 79 167.8 373.8
7 1 337.5 260.8
7 2 524.5 280.7
7 3 494.0 332.2
7 6 162.5 346.9
7 7 331.3 229.5
7 8 336.5 209.0
7 10 546.0 383.6
7 11 370.6 311.7
7 12 593.9 155.4
7 13 399.7 224.7
7 14 503.4 261.4
7 15 534.9 256.3
7 16 546.9 242.0
7 17 578.4 357.8
7 21 362.2 247.5
7 22 605.6 262.5
7 23 273.2 408.2
7 24 620.8 230.6
7 25 594.6 232.6
7 26 461.8 350.2
7 27 146.6 220.7
7 28 74.3 246.3
7 36 48.3 264.5
7 37 58.8 307.3
7 38 54.6 288.8
7 39 94.2 212.1
7 40 593.1 51.2
7 41 473.9 24.9
7 42 471.9 15.8
7 44 495.9 11.0
7 49 154.4 327.0
7 50 229.7 348.6
7 51 112.2 357.3
7 52 115.1 31.3
7 53 623.2 124.1
7 54 419.8 191.6
7 55 431.6 208.8
7 56 557.7 30.6
7 57 533.9 95.6
7 58 518.5 76.1
7 63 365.5 197.8
7 64 330.6 176.9
7 69 470.5 247.6
7 70 164.4 443.7
7 71 322.0 382.6
7 72 350.4 404.8
7 73 320.0 403.8
7 74 485.6 291.6
7 75 504.5 307.6
7 76 509.0 281.9
7 77 520.3 327.3
7 78 168.4 390.5
7 79 167.8 373.8
8 1 347.0 261.6
8 2 524.5 280.7
8 3 494.0 332.2
8 6 153.5 345.8
8 7 314.8 233.4
8 8 317.7 207.8
8 10 549.9 380.0
8 11 346.6 298.9
8 12 599.6 157.0
8 13 383.5 217.2
8 14 485.8 263.5
8 15 524.8 254.5
8 16 538.3 239.4
8 17 558.3 357.3
8 18 584.4 346.7
8 21 367.6 249.2
8 23 274.7 415.5
8 25 604.5 241.2
8 26 474.2 349.8
8 27 162.2 222.9
8 28 91.6 244.7
8 36 33.4 270.0
8 38 40.0 291.2
8 39 97.1 213.0
8 40 597.1 50.1
8 41 478.8 28.2
8 42 474.3 22.4
8 43 526.1 2.0
8 44 497.7 17.3
8 49 170.9 324.7
8 50 230.9 344.7
8 51 126.6 359.4
8 52 145.5 47.6
8 53 614.7 112.1
8 54 409.5 195.1
8 55 421.1 213.0
8 56 547.9 36.8
8 57 525.3 97.8
8 58 509.1 81.0
8 63 358.7 202.6
8 64 323.2 184.6
8 69 476.0 238.3
8 70 161.9 445.5
8 71 322.0 382.6
8 72 350.4 404.8
8 73 320.0 403.8
8 74 485.6 291.6
8 75 504.5 307.6
8 76 509.0 281.9
8 77 520.3 327.3
8 78 168.4 390.5
8 79 167.8 373.8
9 1 361.4 263.3
9 2 524.5 280.7
9 3 494.0 332.2
9 6 145.1 347.0
9 7 297.6 236.3
9 8 295.8 206.3
9 10 549.2 381.0
9 11 335.4 290.8
9 12 605.5 160.6
9 13 379.0 205.2
9 14 478.8 261.9
9 15 508.5 255.8
9 16 528.3 239.0
9 17 547.7 360.1
9 18 568.2 345.8
9 21 378.5 244.7
9 23 278.6 424.5
9 25 617.1 251.5
9 26 496.1 349.3
9 27 183.3 226.6
9 28 106.0 244.1
9 39 101.7 210.6
9 40 601.8 51.1
9 41 486.4 33.0
9 42 475.6 25.8
9 43 529.0 4.6
9 44 503.7 22.8
9 49 188.8 322.3
9 50 227.8 345.2
9 51 136.8 358.6
9 52 169.2 59.0
9 53 606.7 103.0
9 54 401.1 194.6
9 55 405.8 215.2
9 56 539.2 42.3
9 57 520.3 99.0
9 58 503.3 84.4
9 63 353.4 206.9
9 64 315.5 193.5
9 69 483.0 224.2
9 70 163.0 443.8
9 71 322.0 382.6
9 72 350.4 404.8
9 73 320.0 403.8
9 74 485.6 291.6
9 75 504.5 307.6
9 76 509.0 281.9
9 77 520.3 327.3
9 78 168.4 390.5
9 79 167.8 373.8
10 1 376.7 264.2
10 2 524.5 280.7
10 3 494.0 332.2
10 6 135.8 348.3
10 7 287.1 234.2
10 8 283.8 204.5
10 10 549.6 379.1
10 11 325.8 280.4
10 12 607.6 165.4
10 13 372.3 196.7
10 14 461.9 264.8
10 15 496.8 256.8
10 16 515.2 238.2
10 17 531.7 367.1
10 18 554.0 346.0
10 21 386.0 243.1
10 23 281.9 433.2
10 25 626.5 259.4
10 26 508.2 347.0
10 27 196.1 232.9
10 28 117.4 245.2
10 39 108.4 210.9
10 40 599.9 51.2
10 41 492.9 37.3
10 42 477.4 30.6
10 43 531.7 7.4
10 44 511.6 27.1
10 49 201.7 320.9
10 50 228.8 345.1
10 51 158.1 355.3
10 52 188.7 64.9
10 53 594.2 89.0
10 54 392.7 194.5
10 55 392.3 217.0
10 56 530.1 47.9
10 57 515.0 100.4
10 58 498.3 87.4
10 63 350.0 206.5
10 64 315.4 201.6
10 67 594.9 6.3
10 69 491.9 222.6
10 70 162.3 443.8
10 71 322.0 382.6
10 72 350.4 404.8
10 73 320.0 403.8
10 74 485.6 291.6
10 75 504.5 307.6
10 76 509.0 281.9
10 77 520.3 327.3
10 78 168.4 390.5
10 79 167.8 373.8
11 1 386.2 261.7
11 2 522.9 293.7
11 3 494.0 332.2
11 6 127.5 349.2
11 7 269.0 228.8
11 8 267.1 201.2
11 10 552.0 378.4
11 11 311.2 264.5
11 12 611.8 164.8
11 13 359.5 185.8
11 14 449.8 266.8
11 15 487.0 257.4
11 16 504.1 238.3
11 17 520.0 374.2
11 18 542.8 354.1
11 21 389.8 244.5
11 23 277.5 434.7
11 26 522.6 341.9
11 27 218.4 244.8
11 28 137.2 247.1
11 29 26.1 230.8
11 39 117.6 210.1
11 40 599.6 52.3
11 41 499.0 41.1
11 42 480.3 38.6
11 43 536.5 13.1
11 44 518.4 29.5
11 49 223.6 318.8
11 50 234.0 344.4
11 51 174.4 354.0
11 52 217.6 73.7
11 53 586.4 78.9
11 54 385.7 195.2
11 55 382.7 218.9
11 56 519.9 52.4
11 63 349.0 208.5
11 64 315.4 206.9
11 67 598.4 15.5
11 69 498.2 215.5
11 70 166.2 445.9
11 71 322.0 382.6
11 72 350.4 404.8
11 73 320.0 403.8
11 74 485.6 291.6
11 75 504.5 307.6
11 76 509.0 281.9
11 77 520.3 327.3
11 78 168.4 390.5
11 79 167.8 373.8
12 1 395.2 257.7
12 2 522.9 293.7
12 3 494.0 332.2
12 6 117.5 349.7
12 7 247.3 222.3
12 8 246.7 197.1
12 10 557.3 373.6
12 11 302.6 255.0
12 12 618.7 158.4
12 13 345.2 175.0
12 14 436.8 268.7
12 15 474.9 258.0
12 16 493.9 239.3
12 17 511.7 369.9
12 18 531.5 352.7
12 21 400.5 238.8
12 23 281.1 438.2
12 26 537.8 335.9
12 27 230.4 250.1
12 28 153.6 248.8
12 29 39.4 227.7
12 30 33.3 257.8
12 39 128.3 207.8
12 40 600.6 52.3
12 41 507.1 45.3
12 42 485.1 45.7
12 43 542.4 20.1
12 44 524.7 33.8
12 49 235.1 319.5
12 50 242.8 343.0
12 51 190.9 357.1
12 52 230.8 78.7
12 53 578.0 68.8
12 54 382.7 195.9
12 55 372.8 220.3
12 56 508.8 54.5
12 59 638.4 72.9
12 63 350.3 216.5
12 64 317.3 215.0
12 67 598.4 15.5
12 69 505.8 205.5
12 70 162.4 446.7
12 71 322.0 382.6
12 72 350.4 404.8
12 73 320.0 403.8
12 74 485.6 291.6
12 75 504.5 307.6
12 76 509.0 281.9
12 77 520.3 327.3
12 78 168.4 390.5
12 79 167.8 373.8
13 1 405.2 253.4
13 2 528.8 295.8
13 3 494.0 332.2
13 6 104.2 350.2
13 7 234.7 218.5
13 8 235.0 194.5
13 10 561.1 369.4
13 11 292.6 243.1
13 12 623.7 153.6
13 13 334.2 171.0
13 14 423.9 270.6
13 15 464.9 259.1
13 16 478.8 240.7
13 17 502.5 369.9
13 18 522.6 352.9
13 21 408.6 234.6
13 23 279.1 440.0
13 26 547.2 330.1
13 27 249.9 259.3
13 28 167.7 250.3
13 29 57.0 223.5
13 30 45.2 255.3
13 39 138.4 208.0
13 40 604.6 52.2
13 41 514.6 49.1
13 42 492.8 44.0
13 43 547.0 23.6
13 44 530.9 41.4
13 49 254.3 321.3
13 50 253.0 341.6
13 51 212.9 361.0
13 52 250.6 87.0
13 53 569.1 56.5
13 54 379.4 196.3
13 55 366.0 217.3
13 56 501.2 57.5
13 63 351.4 228.5
13 64 319.2 223.4
13 67 596.1 21.6
13 69 510.0 201.0
13 70 172.6 442.4
13 71 322.0 382.6
13 72 350.4 404.8
13 73 320.0 403.8
13 74 485.6 291.6
13 75 504.5 307.6
13 76 509.0 281.9
13 77 520.3 327.3
13 78 168.4 390.5
13 79 167.8 373.8
14 1 414.0 249.8
14 2 528.8 295.8
14 3 494.0 332.2
14 6 95.4 352.4
14 7 220.8 213.7
14 8 218.9 190.3
14 10 559.2 372.5
14 11 276.1 223.4
14 12 618.5 164.3
14 13 314.6 164.6
14 14 410.0 278.8
14 15 452.6 264.3
14 16 463.3 245.3
14 17 493.8 368.8
14 18 503.8 354.4
14 21 418.7 233.7
14 23 277.8 441.7
14 26 563.6 320.2
14 27 267.8 265.6
14 28 199.6 253.5
14 29 70.7 221.0
14 30 61.2 252.1
14 31 39.5 276.6
14 39 148.8 212.4
14 40 596.6 52.4
14 41 521.3 52.4
14 42 502.1 38.6
14 43 550.6 27.0
14 44 538.1 50.7
14 49 266.3 322.5
14 50 263.0 342.5
14 51 232.9 363.0
14 52 266.8 93.1
14 53 568.9 44.8
14 54 372.2 195.8
14 55 364.2 215.2
14 56 501.8 64.5
14 63 356.2 236.3
14 64 323.6 233.3
14 67 597.8 24.1
14 69 524.7 197.0
14 70 179.4 445.0
14 71 322.0 382.6
14 72 350.4 404.8
14 73 320.0 403.8
14 74 485.6 291.6
14 75 504.5 307.6
14 76 509.0 281.9
14 77 520.3 327.3
14 78 168.4 390.5
14 79 167.8 373.8
15 1 423.1 245.9
15 2 528.8 295.8
15 3 494.0 332.2
15 6 87.5 355.8
15 7 203.6 208.1
15 8 198.0 185.0
15 10 563.7 369.2
15 11 263.9 210.6
15 12 618.1 166.2
15 13 298.3 160.0
15 14 403.4 279.8
15 15 439.2 265.4
15 16 454.2 250.5
15 17 480.9 367.4
15 18 497.0 349.6
15 21 427.7 228.4
15 23 282.0 441.0
15 26 574.6 311.6
15 27 279.3 263.5
15 28 222.3 256.3
15 29 80.3 220.4
15 30 72.0 250.2
15 31 50.1 279.1
15 39 165.9 220.2
15 40 599.6 52.3
15 41 528.9 56.3
15 42 509.7 40.9
15 43 553.6 35.5
15 44 545.4 60.1
15 45 456.4 18.2
15 49 283.9 324.6
15 50 281.1 344.6
15 51 261.7 365.4
15 52 284.1 97.6
15 53 569.9 33.0
15 54 362.2 194.6
15 55 358.3 214.1
15 56 505.3 71.2
15 63 363.1 245.8
15 64 333.0 253.7
15 67 597.0 27.8
15 69 534.1 188.6
15 70 190.3 443.0
15 71 322.0 382.6
15 72 350.4 404.8
15 73 320.0 403.8
15 74 485.6 291.6
15 75 504.5 307.6
15 76 509.0 281.9
15 77 519.8 330.1
15 78 168.4 390.5
15 79 167.8 373.8
16 1 434.3 240.5
16 2 527.2 292.1
16 3 494.0 332.2
16 6 77.6 360.1
16 7 192.5 206.5
16 8 185.1 183.2
16 10 567.7 365.2
16 11 252.4 202.1
16 12 619.6 167.1
16 13 284.8 158.1
16 14 393.0 276.1
16 15 428.0 270.5
16 16 442.9 254.0
16 17 473.2 367.1
16 18 486.9 351.5
16 21 434.2 221.3
16 23 280.6 441.1
16 26 582.5 301.1
16 27 297.2 259.4
16 28 236.8 259.4
16 29 91.0 220.0
16 30 84.0 248.1
16 31 64.3 282.5
16 39 177.3 225.4
16 40 605.6 47.6
16 41 536.3 63.8
16 42 516.8 48.9
16 43 555.5 45.7
16 44 551.5 68.1
16 45 438.9 37.4
16 49 302.8 326.8
16 50 292.7 345.9
16 51 278.5 363.5
16 52 316.6 105.9
16 53 570.9 20.9
16 54 351.8 193.7
16 55 347.0 213.3
16 56 506.5 73.4
16 63 370.9 249.0
16 64 341.9 267.0
16 67 594.8 27.9
16 69 543.9 179.1
16 70 194.6 443.5
16 71 322.0 382.6
16 72 350.4 404.8
16 73 320.0 403.8
16 74 485.6 291.6
16 75 504.5 307.6
16 76 509.0 281.9
16 77 519.8 330.1
16 78 168.4 390.5
16 79 167.8 373.8
17 1 445.2 236.1
17 2 527.2 292.1
17 3 494.0 332.2
17 6 68.8 364.0
17 7 175.4 204.1
17 8 170.8 182.2
17 10 571.2 357.6
17 11 229.7 186.0
17 12 621.4 167.1
17 13 261.1 155.3
17 14 387.1 277.0
17 15 419.7 270.7
17 16 435.0 258.3
17 17 456.8 362.3
17 18 468.5 348.6
17 19 637.6 137.9
17 21 444.0 215.9
17 23 279.2 440.6
17 26 594.0 285.8
17 27 307.4 254.4
17 28 266.3 265.7
17 29 102.2 219.5
17 30 101.1 244.9
17 31 78.4 285.8
17 39 190.3 231.7
17 40 603.3 48.8
17 41 540.8 80.4
17 42 526.1 57.9
17 43 556.8 55.2
17 44 557.7 75.1
17 45 430.8 49.2
17 46 487.5 1.8
17 49 314.7 327.5
17 50 312.7 348.1
17 51 295.3 361.8
17 52 331.7 111.3
17 53 572.4 8.6
17 54 342.7 193.9
17 55 334.9 212.4
17 56 505.3 71.2
17 63 376.7 249.3
17 64 348.0 276.6
17 67 595.1 26.5
17 69 555.3 175.1
17 70 199.1 445.0
17 71 329.4 386.2
17 72 350.4 404.8
17 73 320.0 403.8
17 74 485.6 291.6
17 75 504.5 307.6
17 76 509.0 281.9
17 77 519.8 330.1
17 78 168.4 390.5
17 79 167.8 373.8
18 1 453.4 236.3
18 2 527.0 289.1
18 3 494.0 332.2
18 7 157.5 202.3
18 8 151.6 180.9
18 10 570.2 361.3
18 11 214.9 173.9
18 12 620.8 166.1
18 13 245.7 151.8
18 14 379.7 277.2
18 15 409.1 269.4
18 16 423.1 251.2
18 17 452.2 354.4
18 18 464.1 341.7
18 19 609.5 150.0
18 20 567.1 397.4
18 21 453.9 216.5
18 23 280.7 443.3
18 26 601.2 277.5
18 27 325.7 243.3
18 28 286.6 270.2
18 29 111.7 218.9
18 30 114.5 243.3
18 31 88.8 288.2
18 32 26.4 230.0
18 39 207.3 239.9
18 40 600.4 48.8
18 41 544.1 94.9
18 42 532.4 67.6
18 43 561.0 63.4
18 44 563.7 82.0
18 45 423.5 61.3
18 46 474.6 14.6
18 49 335.0 328.5
18 50 326.5 349.9
18 51 309.8 360.8
18 52 349.6 119.4
18 54 333.2 194.3
18 55 323.7 211.3
18 56 502.6 66.0
18 63 382.0 247.2
18 64 356.7 283.9
18 67 590.8 27.8
18 69 563.1 172.1
18 70 209.0 445.4
18 71 333.8 386.1
18 72 350.4 404.8
18 73 320.0 403.8
18 74 485.6 291.6
18 75 504.5 307.6
18 76 509.0 281.9
18 77 519.8 330.1
18 78 168.4 390.5
18 79 167.8 373.8
19 1 466.1 233.9
19 2 527.0 289.1
19 3 494.0 332.2
19 7 147.4 203.3
19 8 140.4 183.0
19 10 569.4 361.3
19 11 203.1 160.7
19 12 621.2 164.2
19 13 228.9 146.0
19 14 371.6 274.2
19 15 399.7 274.3
19 16 412.0 253.9
19 17 443.9 351.0
19 18 455.3 339.2
19 19 593.2 141.6
19 20 549.1 394.3
19 21 468.9 207.3
19 23 279.2 441.1
19 26 610.1 267.7
19 27 341.4 234.6
19 28 302.7 274.5
19 29 122.3 217.8
19 30 125.7 243.5
19 31 99.5 290.7
19 32 36.8 230.7
19 39 218.9 244.3
19 40 599.4 48.9
19 41 547.2 104.1
19 42 535.0 78.7
19 43 566.4 71.0
19 44 567.4 90.7
19 45 415.2 75.0
19 46 455.4 33.6
19 49 345.8 331.0
19 50 341.7 351.9
19 51 324.1 360.9
19 52 362.5 126.6
19 54 324.0 194.1
19 55 304.9 209.4
19 56 501.9 64.6
19 63 389.6 248.7
19 64 373.0 295.7
19 67 588.3 30.2
19 69 573.1 167.2
19 71 333.8 386.1
19 72 350.4 404.8
19 73 320.0 403.8
19 74 485.6 291.6
19 75 504.5 307.6
19 76 509.0 281.9
19 77 519.8 330.1
19 78 168.4 390.5
19 79 167.8 373.8
20 1 480.8 233.4
20 2 522.0 290.0
20 3 494.0 332.2
20 7 139.3 204.6
20 8 131.2 186.8
20 10 570.2 361.3
20 11 182.8 137.9
20 12 622.4 163.2
20 13 206.0 137.2
20 14 357.7 268.2
20 15 389.0 263.7
20 16 409.5 253.2
20 17 431.5 353.0
20 18 443.0 339.0
20 19 580.7 152.5
20 20 536.3 393.1
20 21 477.4 202.6
20 23 274.2 439.0
20 26 618.4 258.6
20 27 352.5 229.8
20 28 325.3 287.9
20 29 134.5 216.5
20 30 144.9 244.0
20 31 114.6 294.5
20 32 48.4 231.5
20 39 230.5 247.4
20 40 603.3 48.8
20 41 550.5 111.6
20 42 543.3 102.3
20 43 571.1 78.6
20 44 569.5 97.5
20 45 408.2 87.0
20 46 444.0 43.4
20 49 363.4 337.1
20 50 355.4 354.6
20 51 344.3 366.2
20 52 377.6 139.9
20 54 311.5 193.9
20 55 290.6 207.9
20 56 503.5 67.8
20 63 396.3 235.9
20 64 383.5 298.1
20 65 438.6 91.8
20 66 432.8 70.3
20 67 589.5 29.0
20 69 580.1 171.8
20 71 333.8 386.1
20 72 350.4 404.8
20 73 320.0 403.8
20 74 485.6 291.6
20 75 504.5 307.6
20 76 509.0 281.9
20 77 519.8 330.1
20 78 168.4 390.5
20 79 167.8 373.8
21 1 492.3 231.6
21 2 522.0 290.0
21 3 494.0 332.2
21 7 131.7 206.0
21 8 120.8 191.3
21 10 572.2 361.9
21 11 174.8 124.2
21 12 629.2 148.3
21 13 199.2 126.5
21 14 352.4 263.2
21 15 376.3 260.4
21 16 394.3 254.3
21 17 421.0 351.9
21 18 437.9 336.4
21 19 567.1 152.8
21 20 512.0 399.3
21 21 494.9 196.8
21 23 271.9 432.7
21 26 624.7 251.5
21 27 371.4 221.8
21 28 347.4 288.9
21 29 144.8 216.6
21 30 164.1 244.4
21 31 128.6 297.7
21 32 58.6 231.7
21 33 43.3 286.7
21 39 247.0 251.8
21 40 601.9 46.5
21 41 552.6 120.1
21 42 540.4 104.5
21 43 577.3 84.8
21 44 570.5 101.1
21 45 401.3 99.0
21 46 432.4 51.9
21 49 376.6 341.4
21 50 366.1 359.3
21 51 359.1 372.6
21 52 395.4 153.6
21 54 297.7 193.3
21 55 277.4 206.0
21 60 632.2 106.2
21 63 407.3 237.4
21 64 398.4 300.0
21 65 429.5 97.1
21 66 422.9 80.0
21 67 587.8 32.6
21 69 598.0 175.1
21 71 333.8 388.6
21 72 350.4 404.8
21 73 320.0 403.8
21 74 485.6 291.6
21 75 504.5 307.6
21 76 509.0 281.9
21 77 519.8 330.1
21 78 168.4 390.5
21 79 167.8 373.8
22 1 502.7 228.3
22 2 522.0 290.0
22 3 494.0 332.2
22 7 123.7 207.3
22 8 111.4 194.6
22 10 578.0 359.8
22 11 168.0 104.6
22 12 637.3 140.8
22 13 192.8 108.9
22 14 346.1 266.9
22 15 371.3 260.6
22 16 389.4 251.2
22 17 417.1 344.5
22 18 432.7 334.4
22 19 549.9 152.9
22 20 491.1 399.8
22 21 508.4 194.7
22 23 273.9 423.0
22 26 630.9 244.6
22 27 385.3 216.5
22 28 375.9 288.2
22 29 164.7 217.7
22 30 175.4 244.6
22 31 138.6 298.7
22 32 67.9 231.2
22 33 56.9 284.7
22 39 259.1 254.8
22 40 600.3 53.5
22 41 552.9 129.3
22 42 541.0 113.9
22 43 585.1 88.4
22 44 572.2 106.4
22 45 385.7 124.5
22 46 420.2 61.2
22 49 391.2 345.2
22 50 378.5 364.7
22 51 386.1 389.6
22 52 411.4 154.9
22 54 287.8 190.4
22 55 257.4 203.1
22 60 623.0 100.2
22 61 634.3 84.9
22 63 416.5 238.8
22 64 408.1 300.4
22 65 420.5 102.3
22 66 412.2 89.4
22 67 589.1 31.4
22 69 606.1 178.7
22 71 333.8 388.6
22 72 350.4 404.8
22 73 320.0 403.8
22 74 485.6 291.6
22 75 504.5 307.6
22 76 509.0 281.9
22 77 519.8 330.1
22 78 168.4 390.5
22 79 167.8 373.8
23 1 518.7 223.0
23 2 522.0 290.0
23 3 494.0 332.2
23 7 114.3 209.4
23 8 101.6 197.2
23 10 582.1 358.3
23 11 158.1 75.7
23 13 186.1 94.2
23 14 341.9 267.8
23 15 359.6 260.9
23 16 374.2 251.5
23 17 407.5 339.2
23 18 419.9 331.2
23 19 537.6 154.9
23 20 478.8 400.8
23 21 520.2 187.1
23 23 275.5 411.6
23 27 397.5 212.8
23 28 400.0 281.4
23 29 187.1 218.8
23 30 193.6 244.7
23 31 154.9 299.6
23 32 79.2 230.5
23 33 77.1 281.8
23 39 272.2 257.6
23 40 593.9 51.3
23 41 551.2 136.7
23 42 540.6 120.9
23 43 592.9 89.0
23 44 574.8 114.6
23 45 373.2 148.0
23 46 411.5 69.5
23 48 208.5 444.6
23 49 403.1 349.0
23 50 390.6 369.2
23 51 402.3 396.3
23 52 440.7 156.2
23 54 274.7 185.1
23 55 245.4 202.2
23 60 612.6 93.8
23 61 614.7 75.7
23 63 425.6 242.0
23 64 420.2 299.8
23 65 410.6 108.0
23 66 401.6 93.4
23 67 592.4 34.9
23 68 561.6 5.1
23 69 617.4 179.4
23 71 333.8 388.6
23 72 350.4 404.8
23 73 320.0 403.8
23 74 485.6 291.6
23 75 504.5 307.6
23 76 509.0 281.9
23 77 519.8 330.1
23 78 168.4 390.5
23 79 167.8 373.8
24 1 532.7 218.5
24 2 522.0 290.0
24 3 494.0 332.2
24 7 101.0 214.5
24 8 87.4 201.6
24 10 588.0 358.2
24 11 149.0 57.2
24 13 178.6 81.5
24 14 335.3 264.7
24 15 349.7 253.8
24 16 367.1 239.2
24 17 398.8 342.9
24 18 408.4 328.7
24 19 519.0 162.6
24 20 470.0 397.0
24 21 538.2 194.9
24 23 271.8 403.6
24 27 417.5 206.5
24 28 421.7 276.2
24 29 199.4 219.0
24 30 216.0 245.0
24 31 180.1 301.1
24 32 92.0 229.6
24 33 91.4 279.2
24 34 66.7 336.1
24 35 51.1 320.1
24 39 291.7 261.7
24 40 599.6 52.3
24 41 553.3 142.7
24 42 541.6 128.1
24 43 591.4 94.9
24 44 577.0 122.2
24 45 371.5 162.0
24 46 401.2 78.1
24 47 233.2 445.5
24 48 209.9 437.1
24 49 418.3 356.5
24 50 408.3 375.7
24 51 432.8 406.4
24 52 453.7 160.3
24 54 263.4 182.5
24 55 230.3 201.9
24 60 599.8 87.4
24 61 599.1 68.3
24 62 638.2 65.4
24 63 445.6 237.1
24 64 427.7 303.3
24 65 395.0 117.4
24 66 383.7 98.2
24 67 587.4 39.7
24 68 555.4 16.8
24 69 633.4 179.0
24 71 333.8 388.6
24 72 350.4 404.8
24 73 320.0 403.8
24 74 485.6 291.6
24 75 504.5 307.6
24 76 509.0 281.9
24 77 519.8 330.1
24 78 168.4 390.5
24 79 167.8 373.8
25 1 543.3 215.1
25 2 522.0 290.0
25 3 494.0 332.2
25 7 88.3 219.2
25 8 74.7 204.3
25 10 592.3 350.8
25 11 138.8 45.5
25 13 168.1 61.9
25 14 332.8 264.0
25 15 337.1 249.9
25 16 352.6 238.6
25 17 381.6 336.2
25 18 390.8 321.3
25 19 500.6 164.9
25 20 460.6 398.5
25 21 553.8 191.8
25 23 261.7 384.5
25 27 432.5 202.9
25 28 451.6 273.1
25 29 221.7 219.9
25 30 227.9 245.1
25 31 197.4 301.7
25 32 102.8 229.0
25 33 101.3 276.6
25 34 76.9 336.7
25 35 62.2 318.7
25 39 302.0 271.9
25 40 600.8 55.8
25 41 559.5 146.9
25 42 544.7 136.4
25 43 585.4 101.7
25 44 578.8 128.9
25 45 370.2 188.0
25 46 391.2 87.5
25 47 236.9 443.5
25 48 213.0 431.2
25 49 431.3 361.6
25 50 417.5 379.4
25 51 448.0 414.1
25 52 469.6 167.0
25 54 247.0 182.2
25 55 213.6 201.5
25 60 586.5 81.6
25 61 590.3 64.7
25 63 456.2 240.3
25 64 436.3 308.8
25 65 383.2 123.3
25 66 370.6 102.2
25 67 589.1 40.9
25 68 550.4 25.9
25 71 333.8 388.6
25 72 350.4 404.8
25 73 320.0 403.8
25 74 490.3 286.9
25 75 504.5 307.6
25 76 509.0 281.9
25 77 519.8 330.1
25 78 168.4 390.5
25 79 167.8 373.8
