1 1 379.4 172.3
1 2 598.6 284.3
1 3 102.2 14.8
1 4 547.1 107.5
1 5 294.5 132.1
1 6 274.8 211.7
1 7 309.5 229.4
1 8 262.2 238.3
1 9 241.4 265.7
1 10 75.5 225.3
1 11 68.3 332.7
1 17 535.9 197.9
1 18 597.8 303.2
1 19 353.7 297.1
1 20 359.8 159.2
1 21 574.8 253.2
1 22 532.3 220.5
1 23 568.4 236.2
1 24 589.4 222.2
1 25 531.5 339.7
1 30 145.9 203.0
1 31 140.7 185.2
1 32 161.8 186.6
1 33 276.8 112.3
1 34 1.7 13.6
1 35 430.9 28.6
1 36 427.2 58.4
1 37 546.7 39.9
1 38 598.4 85.0
1 39 592.2 66.3
1 41 611.4 121.8
1 42 337.6 291.4
1 43 366.2 130.0
1 44 384.3 146.9
1 45 169.6 393.0
1 46 162.1 375.9
2 1 378.5 172.4
2 2 596.0 285.1
2 3 90.8 7.3
2 4 546.1 107.5
2 5 298.9 121.5
2 6 296.8 207.3
2 7 330.5 220.6
2 8 285.9 238.3
2 9 253.6 264.1
2 10 84.9 226.3
2 11 86.6 330.4
2 17 527.4 196.4
2 19 356.2 294.0
2 20 359.8 159.2
2 21 603.7 255.0
2 22 520.2 222.8
2 23 559.1 235.2
2 24 579.1 219.9
2 25 511.0 340.7
2 30 137.4 204.0
2 31 141.1 188.0
2 32 155.3 190.6
2 33 274.6 113.5
2 35 436.3 32.8
2 36 426.4 68.4
2 37 541.8 32.7
2 38 583.6 105.6
2 39 582.0 80.9
2 41 604.9 120.1
2 42 337.6 291.4
2 43 366.2 130.0
2 44 384.3 146.9
2 45 169.6 393.0
2 46 162.1 375.9
3 1 377.5 174.3
3 2 601.2 280.4
3 3 78.7 0.7
3 4 544.3 103.3
3 6 313.9 206.4
3 7 342.7 218.2
3 8 306.9 237.6
3 9 273.0 263.4
3 10 93.7 230.2
3 11 97.6 330.5
3 17 518.7 195.7
3 19 354.6 294.8
3 20 359.8 159.2
3 22 506.6 225.4
3 23 547.4 233.4
3 24 564.8 216.7
3 25 495.9 341.2
3 30 128.9 205.6
3 31 139.6 189.9
3 32 151.7 193.5
3 33 276.0 120.4
3 35 436.4 42.9
3 36 425.3 81.5
3 37 538.6 23.7
3 38 573.1 115.5
3 39 568.9 98.9
3 41 598.5 119.9
3 42 335.9 294.5
3 43 366.2 130.0
3 44 384.3 146.9
3 45 169.6 393.0
3 46 162.1 375.9
4 1 375.7 174.3
4 2 601.4 275.7
4 4 544.2 94.9
4 6 326.0 205.8
4 7 363.2 214.2
4 8 319.3 235.5
4 9 301.1 262.2
4 10 102.4 235.0
4 11 117.8 330.9
4 17 509.5 197.3
4 19 356.2 296.3
4 20 359.8 159.2
4 22 496.6 225.8
4 23 537.0 233.3
4 24 554.8 215.8
4 25 485.5 341.1
4 26 624.3 213.9
4 28 628.3 236.4
4 30 120.2 207.3
4 31 133.5 191.0
4 32 149.0 195.6
4 33 278.3 130.0
4 35 433.7 60.4
4 36 423.8 93.9
4 37 537.3 10.9
4 38 555.9 128.6
4 39 560.2 107.6
4 41 594.7 114.2
4 42 335.1 296.1
4 43 366.2 130.0
4 44 384.3 146.9
4 45 169.6 393.0
4 46 162.1 375.9
5 1 378.6 170.4
5 2 600.7 275.6
5 4 544.4 87.2
5 6 347.9 205.2
5 7 386.2 209.4
5 8 344.9 230.9
5 9 317.6 260.4
5 10 111.0 239.3
5 11 135.9 332.0
5 12 37.4 277.8
5 13 41.1 297.1
5 17 497.3 200.5
5 19 355.3 297.1
5 20 359.8 159.2
5 22 488.6 224.4
5 23 527.3 234.6
5 24 542.9 215.5
5 25 466.3 340.7
5 26 614.6 206.1
5 28 623.0 230.1
5 30 111.5 209.1
5 31 126.4 192.1
5 32 141.9 197.7
5 33 279.4 138.8
5 34 0.5 12.8
5 35 431.8 76.0
5 36 421.3 110.0
5 38 543.1 139.5
5 39 551.4 116.3
5 41 592.9 106.4
5 42 332.7 298.4
5 43 366.2 130.0
5 44 384.3 146.9
5 45 169.6 393.0
5 46 162.1 375.9
6 1 374.9 171.5
6 2 601.6 275.7
6 4 545.1 83.6
6 6 366.6 204.0
6 7 397.9 205.6
6 8 366.1 226.4
6 9 329.4 258.0
6 10 119.7 241.3
6 11 148.4 334.7
6 12 47.3 276.6
6 13 49.7 296.6
6 17 484.8 203.2
6 19 355.3 297.1
6 20 359.8 159.2
6 22 480.9 223.0
6 23 515.3 236.0
6 24 529.4 215.2
6 25 449.8 340.4
6 26 604.5 196.9
6 27 631.9 170.9
6 28 618.1 222.6
6 30 102.8 210.6
6 31 112.9 192.0
6 32 132.7 199.7
6 33 283.4 146.5
6 34 9.9 11.2
6 35 431.2 91.2
6 36 417.5 135.2
6 38 531.7 152.0
6 39 540.1 124.2
6 41 590.4 99.3
6 42 332.7 297.6
6 43 366.2 130.0
6 44 384.3 146.9
6 45 169.6 393.0
6 46 162.1 375.9
7 1 375.8 172.4
7 2 604.2 275.7
7 4 545.8 82.8
7 6 378.0 201.7
7 7 416.0 199.4
7 8 377.3 222.6
7 9 349.1 254.5
7 10 128.9 242.0
7 11 175.2 341.4
7 12 58.5 275.3
7 13 59.0 296.3
7 14 601.5 292.5
7 17 476.1 203.1
7 19 354.6 294.8
7 20 359.8 159.2
7 22 473.0 225.8
7 23 505.6 238.8
7 24 519.9 214.7
7 25 439.3 340.2
7 26 601.4 188.0
7 27 626.3 165.6
7 28 609.8 211.4
7 30 93.1 212.3
7 31 102.0 195.8
7 32 122.7 201.5
7 33 290.0 153.6
7 34 17.5 9.4
7 35 430.2 108.7
7 36 411.6 146.5
7 38 518.4 165.3
7 39 518.7 138.3
7 41 585.2 91.9
7 42 333.5 296.9
7 43 366.2 130.0
7 44 384.3 146.9
7 45 169.6 393.0
7 46 162.1 375.9
8 1 380.5 168.5
8 2 608.4 275.8
8 4 545.5 78.7
8 6 397.1 198.3
8 7 436.9 191.7
8 8 396.0 216.7
8 9 364.3 249.8
8 10 139.7 243.3
8 11 189.7 344.5
8 12 68.3 273.6
8 13 68.5 295.9
8 14 584.4 292.3
8 17 471.3 200.9
8 19 357.8 295.5
8 20 359.8 159.2
8 22 467.2 228.1
8 23 497.0 242.5
8 24 511.2 212.6
8 25 420.5 339.8
8 26 600.5 175.5
8 27 622.3 158.9
8 28 607.3 201.5
8 30 78.0 215.9
8 31 92.0 197.5
8 32 114.1 204.6
8 33 296.4 160.4
8 34 26.2 8.4
8 35 428.4 121.3
8 36 405.0 154.8
8 38 507.1 172.5
8 39 506.4 147.5
8 41 578.9 85.0
8 42 331.8 298.4
8 43 366.2 130.0
8 44 384.3 146.9
8 45 169.6 393.0
8 46 162.1 375.9
9 1 375.8 172.4
9 2 614.2 275.9
9 4 544.1 70.5
9 6 404.8 198.8
9 7 447.3 184.6
9 8 408.1 214.9
9 9 373.2 242.6
9 10 150.8 244.5
9 11 209.4 347.8
9 12 76.3 271.6
9 13 77.1 295.0
9 14 561.4 292.2
9 17 467.3 200.4
9 19 356.2 294.8
9 20 359.8 159.2
9 22 462.3 230.5
9 23 488.2 246.1
9 24 502.7 212.5
9 25 408.3 339.1
9 26 599.4 161.3
9 27 620.8 149.1
9 28 608.5 189.2
9 30 64.9 216.9
9 31 80.5 197.9
9 32 103.8 210.4
9 33 302.8 167.1
9 34 36.9 8.3
9 35 425.9 135.9
9 36 402.1 172.8
9 38 493.9 180.0
9 39 500.3 151.1
9 41 574.5 76.5
9 42 330.2 298.5
9 43 366.2 130.0
9 44 384.3 146.9
9 45 169.6 393.0
9 46 162.1 375.9
10 1 373.9 173.4
10 4 542.2 61.6
10 6 423.3 186.9
10 7 459.1 172.1
10 8 419.4 203.6
10 9 386.1 230.9
10 10 160.0 243.5
10 11 236.2 352.3
10 12 84.2 269.4
10 13 85.1 293.8
10 14 548.6 292.3
10 17 460.7 205.0
10 19 357.0 296.3
10 20 363.8 147.3
10 22 455.6 235.2
10 23 480.8 248.6
10 24 495.7 216.1
10 25 397.3 337.7
10 26 598.4 150.9
10 27 618.3 133.7
10 28 610.2 172.9
10 30 54.7 214.2
10 31 64.5 198.8
10 32 87.4 220.0
10 33 309.4 173.9
10 34 49.4 7.4
10 35 418.5 159.0
10 36 390.1 176.3
10 38 484.7 182.0
10 39 495.8 156.4
10 41 571.9 67.6
10 42 330.2 296.9
10 43 380.6 124.5
10 44 384.3 146.9
10 45 169.6 393.0
10 46 162.1 375.9
11 1 378.6 171.4
11 4 540.8 55.8
11 6 440.4 174.6
11 7 472.8 159.5
11 8 432.7 192.9
11 9 392.9 221.0
11 10 169.7 240.5
11 11 248.9 354.0
11 12 92.4 267.2
11 13 93.4 292.6
11 14 533.9 293.1
11 17 457.2 207.8
11 19 357.9 293.2
11 20 369.3 149.2
11 22 451.4 238.2
11 23 478.2 249.5
11 24 490.4 226.9
11 25 381.9 335.6
11 26 596.6 137.3
11 27 617.2 119.7
11 28 611.4 160.6
11 29 623.3 206.7
11 30 41.9 210.8
11 31 52.8 197.1
11 32 76.7 224.0
11 33 316.3 180.4
11 34 61.9 7.5
11 35 412.8 166.2
11 36 381.3 187.7
11 38 475.5 184.0
11 39 491.9 168.3
11 41 569.3 60.4
11 42 332.7 298.4
11 43 420.6 126.7
11 44 394.2 151.6
11 45 169.6 393.0
11 46 162.1 375.9
12 1 374.6 179.1
12 4 539.6 51.2
12 6 453.5 165.5
12 7 484.2 157.2
12 8 443.4 184.7
12 9 402.3 206.6
12 10 184.6 235.4
12 11 273.1 356.7
12 12 100.6 265.0
12 13 101.9 291.5
12 14 512.1 294.1
12 17 457.9 207.3
12 19 359.4 296.2
12 20 379.7 145.0
12 22 448.0 240.6
12 23 476.2 250.2
12 24 487.2 231.3
12 25 370.7 334.6
12 26 595.1 122.8
12 27 618.1 108.9
12 28 612.3 149.2
12 29 620.1 205.0
12 30 28.3 207.1
12 31 44.7 194.6
12 32 59.6 228.4
12 33 322.5 187.3
12 34 72.5 10.0
12 35 403.3 175.9
12 36 373.9 195.5
12 38 471.9 190.9
12 39 486.0 178.5
12 41 568.0 50.7
12 42 333.5 296.1
12 43 421.6 127.1
12 44 394.2 151.6
12 45 164.8 391.2
12 46 162.1 375.9
13 1 379.7 165.6
13 4 538.3 43.5
13 6 464.0 158.4
13 7 505.5 155.3
13 8 453.4 176.7
13 9 410.5 198.9
13 10 200.8 230.1
13 11 301.0 359.7
13 12 108.6 262.9
13 13 110.1 290.2
13 14 499.5 294.2
13 17 457.3 207.7
13 19 356.3 290.2
13 20 388.3 139.7
13 22 443.0 253.2
13 23 473.5 256.6
13 24 487.5 229.6
13 25 358.2 334.4
13 26 595.7 111.6
13 27 619.1 96.9
13 28 613.3 135.1
13 29 617.5 203.8
13 30 17.2 204.1
13 31 38.0 192.4
13 32 35.5 234.6
13 33 328.4 196.0
13 34 78.3 11.0
13 35 389.6 188.9
13 36 366.7 203.2
13 38 459.8 185.3
13 39 479.6 182.5
13 41 567.4 41.8
13 42 330.2 298.5
13 43 427.4 128.7
13 44 394.2 151.6
13 45 164.8 391.2
13 46 162.1 375.9
14 1 378.9 163.7
14 4 536.9 32.6
14 6 479.4 147.3
14 7 522.1 154.7
14 8 467.9 163.9
14 9 422.4 188.7
14 10 211.8 227.3
14 11 312.7 360.4
14 12 116.6 260.7
14 13 118.1 288.6
14 14 485.1 293.6
14 15 46.8 322.6
14 17 452.5 211.5
14 19 355.4 294.8
14 20 406.7 130.2
14 22 443.0 253.2
14 23 473.5 256.6
14 24 487.5 229.6
14 25 335.8 333.9
14 26 597.1 98.1
14 27 620.1 85.6
14 28 614.7 123.7
14 29 611.2 201.5
14 31 29.7 189.8
14 32 20.8 238.4
14 33 335.1 206.0
14 34 80.3 10.6
14 35 379.6 186.4
14 36 359.1 199.5
14 38 454.9 192.2
14 39 477.2 184.7
14 41 567.0 34.4
14 42 331.9 296.1
14 43 437.1 135.7
14 44 401.1 159.3
14 45 164.8 391.2
14 46 162.1 375.9
15 1 375.2 163.8
15 4 535.8 20.7
15 6 493.1 139.0
15 7 536.6 156.2
15 8 479.8 157.7
15 9 431.9 181.0
15 10 222.6 225.8
15 11 333.0 361.4
15 12 125.1 258.0
15 13 126.9 286.7
15 14 461.9 292.6
15 15 58.4 321.7
15 17 451.8 220.0
15 19 354.6 295.6
15 20 412.6 139.2
15 22 443.0 253.2
15 23 473.5 256.6
15 24 487.5 229.6
15 25 320.9 333.8
15 26 598.7 82.8
15 27 621.5 72.0
15 28 617.2 110.0
15 29 613.0 206.7
15 33 341.7 215.2
15 34 86.9 13.8
15 35 364.9 179.9
15 36 350.0 193.6
15 38 441.6 201.6
15 39 478.7 185.2
15 41 566.2 23.7
15 42 333.5 294.6
15 43 441.4 139.6
15 44 399.7 166.1
15 45 164.8 391.2
15 46 162.1 375.9
16 1 373.3 166.7
16 4 534.5 8.6
16 6 504.0 135.5
16 7 561.1 158.9
16 8 492.5 157.1
16 9 445.3 169.6
16 10 237.8 224.5
16 11 358.7 362.5
16 12 134.2 254.8
16 13 136.9 284.4
16 14 446.3 291.9
16 15 73.8 320.6
16 17 451.8 220.0
16 19 356.2 295.5
16 20 414.5 144.8
16 22 443.0 253.2
16 23 473.5 256.6
16 24 487.5 229.6
16 25 310.0 334.1
16 26 599.4 70.5
16 27 623.3 55.0
16 28 620.1 93.5
16 29 611.3 206.7
16 33 350.1 226.7
16 34 95.2 18.9
16 35 354.1 176.2
16 36 339.0 189.7
16 38 423.7 201.4
16 39 480.2 185.2
16 41 565.8 12.7
16 42 330.2 297.7
16 43 451.4 141.4
16 44 394.8 161.8
16 45 164.8 391.2
16 46 162.1 375.9
17 1 372.5 158.7
17 6 516.6 138.0
17 7 575.4 160.5
17 8 513.1 165.6
17 9 460.4 158.7
17 10 250.7 221.9
17 11 372.5 363.2
17 12 143.2 252.5
17 13 146.9 282.2
17 14 433.9 291.5
17 15 84.8 319.6
17 17 451.8 220.0
17 19 357.8 297.0
17 20 421.4 148.7
17 22 443.0 253.2
17 23 473.5 256.6
17 24 487.5 229.6
17 25 292.6 334.6
17 26 599.8 55.9
17 27 623.8 41.4
17 28 620.7 81.3
17 29 603.3 198.6
17 33 355.0 235.2
17 34 98.1 21.6
17 35 335.9 169.9
17 36 328.2 187.5
17 38 403.9 204.4
17 39 477.5 185.9
17 41 565.1 1.9
17 42 330.2 297.7
17 43 451.7 147.4
17 44 397.5 158.4
17 45 164.8 391.2
17 46 162.1 375.9
18 1 376.1 149.9
18 6 535.7 126.2
18 7 588.3 162.0
18 8 531.0 155.3
18 9 477.1 164.5
18 10 259.1 217.0
18 11 388.8 364.0
18 12 151.9 251.7
18 13 155.8 280.6
18 14 410.3 291.1
18 15 95.1 318.1
18 17 445.7 228.8
18 19 354.5 297.1
18 20 423.5 153.9
18 22 443.0 253.2
18 23 473.5 256.6
18 24 487.5 229.6
18 25 279.5 334.8
18 26 600.5 37.5
18 27 623.7 28.3
18 28 620.4 69.1
18 29 596.1 196.3
18 33 360.0 246.7
18 34 101.0 23.6
18 35 320.3 166.0
18 36 308.8 186.2
18 38 388.4 206.5
18 39 470.6 187.3
18 42 330.2 295.4
18 43 456.8 151.3
18 44 396.6 157.5
18 45 164.8 391.2
18 46 162.1 375.9
19 1 383.1 151.9
19 6 546.9 122.2
19 7 607.9 164.3
19 8 542.2 153.3
19 9 491.3 160.3
19 10 270.8 209.1
19 11 420.5 365.7
19 12 163.4 251.5
19 13 164.9 279.1
19 14 394.6 289.5
19 15 111.3 315.6
19 17 445.7 228.8
19 19 352.9 297.1
19 20 435.2 156.6
19 22 443.0 253.2
19 23 473.5 256.6
19 24 487.5 229.6
19 25 267.9 334.8
19 26 600.0 24.1
19 27 623.5 13.1
19 28 620.2 56.5
19 29 580.4 190.8
19 33 366.5 253.8
19 34 109.6 26.4
19 35 303.8 166.1
19 36 287.7 185.0
19 38 366.0 209.0
19 39 455.3 190.6
19 42 331.0 296.9
19 43 460.6 149.7
19 44 391.3 164.7
19 45 164.8 391.2
19 46 162.1 375.9
20 1 384.4 143.9
20 6 563.8 115.5
20 7 628.1 166.7
20 8 557.6 149.6
20 9 500.0 149.2
20 10 282.8 200.5
20 11 442.0 366.5
20 12 178.6 251.3
20 13 177.5 277.0
20 14 383.2 285.5
20 15 127.0 313.5
20 17 445.7 228.8
20 19 351.3 297.9
20 20 443.0 166.4
20 22 443.0 253.2
20 23 473.5 256.6
20 24 487.5 229.6
20 25 246.3 334.6
20 26 599.3 13.5
20 28 620.2 44.7
20 29 567.8 187.8
20 33 376.6 260.0
20 34 117.3 29.4
20 35 279.5 166.1
20 36 274.0 184.5
20 38 337.4 211.9
20 39 438.9 193.5
20 42 332.7 299.2
20 43 465.2 157.9
20 44 387.0 166.4
20 45 164.8 391.2
20 46 162.1 375.9
21 1 388.3 139.7
21 6 580.9 109.3
21 8 576.2 145.2
21 9 513.8 140.9
21 10 290.3 193.2
21 11 454.6 366.3
21 12 192.0 250.6
21 13 192.0 274.5
21 14 363.9 278.4
21 15 137.2 313.0
21 16 622.0 239.6
21 17 445.7 228.8
21 19 354.5 297.9
21 20 453.4 182.1
21 22 443.0 253.2
21 23 480.2 256.4
21 24 487.5 229.6
21 25 229.5 334.6
21 26 598.8 3.7
21 28 621.0 30.3
21 29 554.8 186.7
21 33 389.8 268.0
21 34 121.4 32.2
21 35 266.3 165.2
21 36 250.1 183.8
21 38 324.8 211.9
21 39 425.1 193.3
21 42 333.5 299.9
21 43 475.5 155.8
21 44 379.9 163.0
21 45 164.8 391.2
21 46 162.1 375.9
22 1 383.2 150.9
22 6 593.0 106.2
22 8 589.1 143.5
22 9 532.7 135.7
22 10 301.9 183.7
22 11 482.5 365.5
22 12 201.6 249.4
22 13 203.2 272.9
22 14 350.2 274.8
22 15 153.0 312.9
22 16 617.6 214.6
22 17 445.7 228.8
22 19 352.1 297.2
22 20 471.9 181.2
22 22 443.0 253.2
22 23 480.2 256.4
22 24 487.5 229.6
22 25 219.5 335.0
22 28 622.0 13.8
22 29 539.2 185.4
22 33 398.8 273.2
22 34 127.9 33.0
22 35 243.6 163.0
22 36 237.1 184.2
22 38 306.7 211.2
22 39 406.1 193.2
22 42 330.2 297.7
22 43 484.4 157.5
22 44 375.9 169.5
22 45 164.8 391.2
22 46 162.1 375.9
23 1 381.5 145.9
23 6 611.9 101.1
23 8 601.4 143.4
23 9 540.5 128.4
23 10 314.0 172.8
23 11 504.0 364.9
23 12 214.7 247.0
23 13 213.7 271.8
23 14 335.1 273.7
23 15 176.5 312.6
23 16 611.4 183.6
23 17 445.7 228.8
23 19 352.9 297.9
23 20 484.5 186.1
23 22 443.0 253.2
23 23 480.2 256.4
23 24 487.5 229.6
23 25 204.0 335.6
23 29 527.2 184.2
23 33 410.1 279.4
23 34 137.3 31.7
23 35 229.4 163.3
23 36 217.8 185.6
23 38 295.8 213.2
23 39 393.7 194.1
23 42 329.4 299.2
23 43 496.3 157.3
23 44 364.3 164.0
23 45 164.8 391.2
23 46 162.1 375.9
24 1 371.2 150.1
24 6 624.3 101.6
24 8 621.4 143.3
24 9 554.0 115.8
24 10 315.4 163.2
24 11 516.0 364.7
24 12 232.7 243.8
24 13 232.0 269.6
24 14 311.5 272.1
24 15 191.2 313.0
24 16 605.1 170.7
24 17 445.7 228.8
24 19 352.9 296.4
24 20 507.3 207.3
24 22 443.0 253.2
24 23 480.2 256.4
24 24 487.5 229.6
24 25 190.9 336.2
24 29 505.8 189.2
24 33 425.9 288.0
24 34 145.4 29.6
24 35 204.5 167.4
24 36 202.9 186.6
24 38 284.5 217.7
24 39 369.7 196.4
24 42 330.2 298.5
24 43 516.3 156.8
24 44 354.6 159.4
24 45 164.8 391.2
24 46 162.1 375.9
25 1 358.3 147.4
25 9 568.2 105.5
25 10 312.9 160.2
25 11 541.5 364.2
25 12 247.1 241.5
25 13 250.3 267.7
25 14 299.0 274.4
25 15 205.6 314.5
25 16 590.1 144.2
25 17 445.7 228.8
25 19 353.0 294.9
25 20 529.1 211.2
25 22 443.0 253.2
25 23 480.2 256.4
25 24 487.5 229.6
25 25 181.2 337.1
25 29 485.0 186.0
25 33 433.4 297.4
25 34 155.0 30.2
25 35 181.8 170.8
25 36 184.6 187.2
25 38 275.4 217.1
25 39 349.6 197.5
25 40 638.8 86.6
25 42 328.6 295.5
25 43 532.1 160.4
25 44 347.5 159.5
25 45 167.3 392.4
25 46 162.1 375.9
