1 1 195.3 266.5
1 2 289.6 323.8
1 3 556.8 90.6
1 4 47.5 196.7
1 5 280.1 284.3
1 6 282.9 241.8
1 7 280.8 259.5
1 8 302.0 296.9
1 9 501.8 39.2
1 10 517.5 33.6
1 11 475.8 257.8
1 12 485.5 274.0
1 13 530.6 296.0
1 14 565.2 227.8
1 15 599.5 266.0
1 30 381.4 439.9
1 31 359.2 440.6
1 32 425.3 226.7
1 33 452.9 225.2
1 34 430.8 203.7
1 35 337.5 180.0
1 36 192.6 203.0
1 37 197.5 220.0
1 38 129.6 319.6
1 39 134.8 341.0
1 45 334.7 151.0
1 46 459.3 49.5
1 47 314.7 76.5
1 49 520.4 173.8
1 50 568.6 127.7
1 51 582.6 18.9
1 52 600.0 6.3
1 60 168.4 390.5
1 61 167.8 373.8
2 1 190.4 254.3
2 2 306.3 319.9
2 3 570.9 82.3
2 4 29.0 197.6
2 5 271.0 283.7
2 6 270.4 241.4
2 7 271.0 260.0
2 8 290.2 297.3
2 9 499.0 26.2
2 10 514.9 26.1
2 11 463.9 255.9
2 12 470.8 271.7
2 13 512.5 291.4
2 14 540.4 234.5
2 15 572.9 267.5
2 16 599.3 309.2
2 30 381.4 439.9
2 31 359.2 440.6
2 32 425.6 223.2
2 33 452.9 225.2
2 34 430.8 203.7
2 35 347.4 177.2
2 36 214.3 199.6
2 37 216.3 216.1
2 38 138.5 318.8
2 39 146.5 338.2
2 45 325.6 158.0
2 46 466.0 57.0
2 47 320.4 86.4
2 49 512.1 171.6
2 50 567.8 151.0
2 51 573.9 14.9
2 52 597.3 5.7
2 60 168.4 390.5
2 61 167.8 373.8
3 1 183.7 232.3
3 2 319.9 317.9
3 3 588.3 72.2
3 4 13.8 198.3
3 5 260.2 283.1
3 6 253.2 241.0
3 7 257.3 261.1
3 8 278.6 297.6
3 9 496.0 12.5
3 10 512.8 20.0
3 11 437.4 249.3
3 12 440.1 266.4
3 13 496.6 287.6
3 14 504.5 244.1
3 15 554.2 268.3
3 16 575.4 311.7
3 17 586.1 344.5
3 30 381.4 439.9
3 31 359.2 440.6
3 32 425.7 222.4
3 33 449.5 217.4
3 34 432.5 204.5
3 35 357.3 173.9
3 36 226.3 195.5
3 37 233.9 212.2
3 38 154.0 317.6
3 39 155.9 337.2
3 45 319.0 165.8
3 46 472.5 63.7
3 47 326.8 97.2
3 49 504.0 171.5
3 50 562.4 166.2
3 51 564.1 12.9
3 52 594.5 1.7
3 60 168.4 390.5
3 61 167.8 373.8
4 1 177.7 209.3
4 2 345.0 314.1
4 3 600.6 65.5
4 5 249.8 282.3
4 6 237.7 240.4
4 7 242.3 262.1
4 8 268.7 297.8
4 10 510.0 12.0
4 11 403.7 241.1
4 12 422.0 263.4
4 13 486.2 285.7
4 14 488.8 246.5
4 15 541.3 268.2
4 16 545.4 314.8
4 17 554.1 344.1
4 18 608.9 257.3
4 30 381.4 439.9
4 31 359.2 440.6
4 32 428.1 224.0
4 33 446.8 226.2
4 34 431.6 205.4
4 35 365.0 168.5
4 36 237.3 188.4
4 37 245.3 208.8
4 38 175.5 316.1
4 39 168.5 337.3
4 45 307.8 186.2
4 46 474.0 73.7
4 47 331.0 108.1
4 49 500.9 171.6
4 50 550.0 194.9
4 51 555.0 11.1
4 60 168.4 390.5
4 61 167.8 373.8
5 1 177.4 196.1
5 2 361.2 311.9
5 3 611.9 60.2
5 5 240.9 281.0
5 6 227.0 239.8
5 7 231.6 261.5
5 8 259.7 297.8
5 11 387.5 237.7
5 12 402.9 260.5
5 13 467.0 282.2
5 14 454.2 251.1
5 15 515.8 268.0
5 16 531.6 316.6
5 17 539.1 344.1
5 18 595.3 255.7
5 19 599.0 283.2
5 30 381.4 439.9
5 31 359.2 440.6
5 32 427.1 225.8
5 33 448.5 226.2
5 34 436.7 206.2
5 35 369.5 162.8
5 36 248.8 182.3
5 37 263.2 203.5
5 38 189.2 315.4
5 39 192.0 337.6
5 45 307.9 189.0
5 46 477.0 80.6
5 47 336.2 125.5
5 49 495.1 171.7
5 50 534.5 205.3
5 51 550.7 4.3
5 60 168.4 390.5
5 61 167.8 373.8
6 1 177.9 171.2
6 2 375.4 310.8
6 3 624.6 54.5
6 5 229.6 278.8
6 6 216.3 238.8
6 7 221.7 259.5
6 8 246.7 298.0
6 11 363.1 233.5
6 12 369.4 255.3
6 13 450.5 279.7
6 14 433.0 252.6
6 15 495.3 267.6
6 16 515.6 318.8
6 17 519.9 344.6
6 18 573.7 252.9
6 19 579.3 282.6
6 30 381.4 439.9
6 31 359.2 440.6
6 32 430.5 225.7
6 33 448.8 223.6
6 34 438.7 204.4
6 35 375.5 159.2
6 36 260.2 180.1
6 37 275.1 199.6
6 38 201.2 315.4
6 39 212.4 337.8
6 40 68.2 339.7
6 45 304.7 208.3
6 46 473.7 86.3
6 47 341.6 138.7
6 49 488.1 171.6
6 50 501.8 222.2
6 60 168.4 390.5
6 61 167.8 373.8
7 1 177.4 151.5
7 2 400.8 308.9
7 3 635.0 47.4
7 5 213.8 275.5
7 6 202.3 237.5
7 7 208.9 256.9
7 8 229.8 298.4
7 11 333.2 229.0
7 12 353.4 253.5
7 13 439.4 279.2
7 14 411.8 249.3
7 15 484.1 267.0
7 16 490.8 322.3
7 17 495.3 345.2
7 18 557.8 252.0
7 19 560.7 282.2
7 20 595.6 302.5
7 21 614.3 250.3
7 30 381.4 439.9
7 31 359.2 440.6
7 32 429.6 226.6
7 33 449.5 225.3
7 34 441.4 203.4
7 35 383.8 157.6
7 36 276.4 177.1
7 37 284.9 196.1
7 38 222.1 315.5
7 39 223.0 337.7
7 40 79.9 336.6
7 41 60.5 357.1
7 45 304.2 204.8
7 46 465.0 90.5
7 47 352.5 158.4
7 49 485.5 170.7
7 50 484.2 230.8
7 60 168.4 390.5
7 61 167.8 373.8
8 1 175.3 137.0
8 2 415.0 307.5
8 5 198.8 272.9
8 6 186.9 236.1
8 7 197.9 255.2
8 8 216.3 298.1
8 11 316.9 230.0
8 12 327.8 252.0
8 13 419.7 278.6
8 14 376.8 244.0
8 15 463.6 265.9
8 16 473.9 325.1
8 17 483.8 345.5
8 18 546.8 253.2
8 19 549.6 282.6
8 20 573.2 299.9
8 21 598.6 245.0
8 22 582.2 326.4
8 23 600.5 264.1
8 30 381.4 439.9
8 31 359.2 440.6
8 32 429.8 224.0
8 33 449.6 224.4
8 34 444.5 206.9
8 35 390.1 159.6
8 36 287.1 174.0
8 37 296.5 192.0
8 38 237.8 315.1
8 39 239.0 337.6
8 40 94.8 332.4
8 41 71.3 355.4
8 45 299.9 210.1
8 46 457.6 93.6
8 47 352.3 165.2
8 49 485.5 169.6
8 50 456.5 243.5
8 53 639.4 108.7
8 60 168.4 390.5
8 61 167.8 373.8
9 1 172.0 109.8
9 2 434.5 305.0
9 5 188.2 272.3
9 6 174.8 235.3
9 7 188.6 254.3
9 8 206.9 297.0
9 11 284.7 232.6
9 12 295.1 250.0
9 13 404.5 277.7
9 14 361.4 244.0
9 15 442.0 264.4
9 16 463.5 327.7
9 17 470.8 345.8
9 18 528.0 255.9
9 19 529.3 283.7
9 20 552.3 297.3
9 21 579.2 238.4
9 22 550.0 322.8
9 23 582.2 254.7
9 24 610.1 227.2
9 30 381.4 439.9
9 31 359.2 440.6
9 32 425.4 225.0
9 33 449.2 227.9
9 34 447.1 207.8
9 35 395.5 161.4
9 36 302.8 168.4
9 37 306.1 188.8
9 38 248.7 314.0
9 39 263.7 337.5
9 40 107.2 329.7
9 41 87.4 352.8
9 45 297.1 212.4
9 46 453.6 103.9
9 47 363.2 169.8
9 49 481.9 170.2
9 50 439.4 243.5
9 53 626.7 98.4
9 54 629.2 136.9
9 60 168.4 390.5
9 61 167.8 373.8
10 1 167.3 88.3
10 2 459.4 301.7
10 5 178.3 272.4
10 6 166.0 235.1
10 7 176.9 252.8
10 8 194.8 294.6
10 11 269.6 229.9
10 12 282.5 249.2
10 13 392.1 275.6
10 14 330.6 248.1
10 15 430.8 262.5
10 16 446.2 332.8
10 17 457.2 346.1
10 18 510.9 257.9
10 19 512.3 284.2
10 20 541.2 295.4
10 21 568.6 234.6
10 22 533.2 322.3
10 23 570.5 251.7
10 24 583.9 214.8
10 30 381.4 439.9
10 31 359.2 440.6
10 32 428.4 220.5
10 33 450.4 217.4
10 34 448.3 204.2
10 35 404.8 159.2
10 36 316.6 164.3
10 37 318.7 184.5
10 38 268.9 311.6
10 39 284.1 336.1
10 40 116.2 328.9
10 41 98.8 350.8
10 42 62.4 367.5
10 43 35.8 290.2
10 45 297.4 219.5
10 46 450.0 125.2
10 47 373.0 172.8
10 49 474.4 172.8
10 50 418.8 242.2
10 53 619.7 92.6
10 54 619.0 129.8
10 60 168.4 390.5
10 61 167.8 373.8
11 1 160.0 75.1
11 2 472.5 300.0
11 5 165.4 272.3
11 6 160.3 235.1
11 7 165.3 251.9
11 8 179.6 291.3
11 11 237.9 217.6
11 12 266.3 250.1
11 13 368.0 271.4
11 14 311.5 248.6
11 15 413.6 258.9
11 16 432.8 335.3
11 17 447.2 346.6
11 18 500.3 258.4
11 19 500.7 283.6
11 20 522.6 292.2
11 21 553.8 228.4
11 22 502.7 321.6
11 23 553.6 251.0
11 24 569.2 209.2
11 25 595.3 294.3
11 26 597.8 321.9
11 30 381.4 439.9
11 31 359.2 440.6
11 32 424.9 221.5
11 33 446.8 226.2
11 34 449.0 205.9
11 35 413.8 161.0
11 36 328.4 161.9
11 37 336.7 178.3
11 38 287.2 309.6
11 39 297.4 336.5
11 40 127.2 328.7
11 41 109.0 348.2
11 42 78.4 364.3
11 43 47.0 285.8
11 45 298.4 222.7
11 46 443.4 137.5
11 47 386.2 181.7
11 49 477.8 173.1
11 50 381.6 230.0
11 53 612.6 86.3
11 54 608.7 124.4
11 57 627.2 234.4
11 60 168.4 390.5
11 61 167.8 373.8
12 1 147.3 52.0
12 2 493.5 297.3
12 5 153.0 272.7
12 6 157.3 235.0
12 7 156.4 252.8
12 8 167.7 290.5
12 11 205.2 205.8
12 12 254.4 247.4
12 13 350.5 268.6
12 14 293.3 245.6
12 15 394.4 254.2
12 16 424.6 334.0
12 17 429.9 347.0
12 18 482.3 259.3
12 19 477.8 281.9
12 20 512.4 289.2
12 21 533.7 220.3
12 22 486.8 319.6
12 23 530.2 250.1
12 24 551.5 204.4
12 25 571.9 295.5
12 26 575.1 324.1
12 30 381.4 439.9
12 31 359.2 440.6
12 32 424.8 222.4
12 33 448.5 226.2
12 34 451.9 203.2
12 35 420.2 160.9
12 36 345.3 158.6
12 37 350.2 174.3
12 38 297.8 308.7
12 39 310.9 335.0
12 40 140.9 328.4
12 41 125.1 343.7
12 42 98.4 360.5
12 43 64.9 278.8
12 44 43.5 271.8
12 45 299.2 222.0
12 46 438.4 136.3
12 47 399.4 187.0
12 49 477.7 174.0
12 50 353.1 220.5
12 53 605.4 77.9
12 54 598.2 117.4
12 57 622.2 247.7
12 60 168.4 390.5
12 61 167.8 373.8
13 1 135.1 33.3
13 2 507.1 299.4
13 5 143.9 274.3
13 6 153.3 235.0
13 7 149.3 252.7
13 8 159.7 292.1
13 11 189.6 202.8
13 12 249.2 239.8
13 13 336.6 267.5
13 14 277.9 240.4
13 15 384.6 249.0
13 16 415.2 331.3
13 17 417.5 348.6
13 18 461.0 260.2
13 19 458.2 280.8
13 20 501.6 284.4
13 21 522.2 218.1
13 22 458.1 315.5
13 23 517.7 249.7
13 24 525.2 197.7
13 25 559.6 294.3
13 26 547.8 326.6
13 30 381.4 439.9
13 31 359.2 440.6
13 32 426.4 224.1
13 33 445.8 227.9
13 34 449.4 202.3
13 35 424.8 159.8
13 36 357.1 156.2
13 37 359.7 172.1
13 38 316.2 306.9
13 39 333.1 332.7
13 40 151.7 327.6
13 41 137.0 341.9
13 42 109.1 359.0
13 43 76.9 273.7
13 44 60.9 263.5
13 45 298.5 226.3
13 46 441.3 133.6
13 47 417.5 182.8
13 49 480.1 175.8
13 50 316.9 207.1
13 53 592.5 62.6
13 54 593.7 108.9
13 56 630.6 109.1
13 57 615.4 266.0
13 60 168.4 390.5
13 61 167.8 373.8
14 1 120.5 18.7
14 2 529.6 303.2
14 5 137.9 275.8
14 6 146.4 234.9
14 7 143.6 251.8
14 8 152.8 293.4
14 11 156.9 197.6
14 12 241.4 231.2
14 13 314.7 265.6
14 14 267.0 228.4
14 15 366.6 237.5
14 16 410.5 330.8
14 17 410.1 349.7
14 18 449.0 259.4
14 19 447.3 281.4
14 20 492.0 281.3
14 21 505.6 215.6
14 22 444.2 311.3
14 23 501.0 249.8
14 24 512.0 197.8
14 25 542.3 290.3
14 26 534.4 326.8
14 30 381.4 439.9
14 31 359.2 440.6
14 32 423.7 225.0
14 33 447.8 225.3
14 34 449.5 209.5
14 35 432.8 162.5
14 36 356.1 159.3
14 37 370.0 169.2
14 38 336.5 305.1
14 39 346.6 331.0
14 40 162.1 325.8
14 41 161.1 344.1
14 42 124.6 357.1
14 43 85.4 269.7
14 44 71.1 257.4
14 45 297.2 232.6
14 46 438.7 139.4
14 47 433.0 180.6
14 49 483.5 177.6
14 50 290.9 198.4
14 53 584.4 52.1
14 54 588.9 99.5
14 55 633.2 79.9
14 56 621.9 103.6
14 57 607.5 287.6
14 60 168.4 390.5
14 61 167.8 373.8
15 2 542.7 302.2
15 5 135.0 276.2
15 6 141.7 236.4
15 7 138.9 255.0
15 8 146.6 294.1
15 11 139.7 196.6
15 12 236.4 224.4
15 13 302.9 262.4
15 14 258.5 217.8
15 15 351.1 228.4
15 16 413.8 334.7
15 17 404.6 349.9
15 18 436.6 257.4
15 19 429.5 283.2
15 20 476.9 277.9
15 21 491.1 216.1
15 22 414.3 300.2
15 23 480.9 249.6
15 24 497.4 199.1
15 25 530.4 288.3
15 26 506.6 327.5
15 30 381.4 439.9
15 31 359.2 440.6
15 32 428.4 220.5
15 33 447.1 223.6
15 34 448.1 206.0
15 35 436.7 169.2
15 36 364.3 153.6
15 37 379.3 174.3
15 38 347.4 304.9
15 39 361.3 328.4
15 40 182.0 322.0
15 41 179.8 345.0
15 42 141.3 355.5
15 43 96.8 265.0
15 44 79.6 250.2
15 45 296.8 234.4
15 46 434.6 147.1
15 47 448.2 178.7
15 49 478.0 174.5
15 50 255.1 190.1
15 53 577.7 43.0
15 54 580.8 94.0
15 55 627.4 75.7
15 56 612.6 96.4
15 57 600.7 304.5
15 60 168.4 390.5
15 61 167.8 373.8
16 2 565.8 299.8
16 5 134.2 275.9
16 6 143.9 241.2
16 7 135.8 260.6
16 8 140.9 294.6
16 11 123.2 198.4
16 12 241.1 222.2
16 13 280.2 257.1
16 14 257.8 215.8
16 15 339.0 223.7
16 16 411.4 339.1
16 17 407.1 353.7
16 18 417.8 254.5
16 19 416.2 282.8
16 20 458.2 274.2
16 21 478.9 223.0
16 22 400.9 294.7
16 23 470.0 248.2
16 24 485.7 203.5
16 25 506.0 285.3
16 26 490.4 325.9
16 27 622.2 191.6
16 30 381.4 439.9
16 31 359.2 440.6
16 32 428.0 224.9
16 33 449.4 226.1
16 34 448.4 203.3
16 35 451.9 163.1
16 36 370.0 158.0
16 37 381.9 178.0
16 38 361.6 305.1
16 39 381.0 324.9
16 40 199.3 319.1
16 41 197.3 345.4
16 42 153.7 356.4
16 43 104.4 259.6
16 44 90.9 240.9
16 45 295.7 240.8
16 46 431.4 153.3
16 47 463.8 182.8
16 49 481.2 173.5
16 50 230.3 186.0
16 53 571.2 33.8
16 54 568.3 87.7
16 55 621.8 71.2
16 56 603.7 89.1
16 57 595.2 315.9
16 58 604.1 338.6
16 60 168.4 390.5
16 61 167.8 373.8
17 2 577.3 293.5
17 5 131.2 276.9
17 6 140.8 246.9
17 7 135.5 263.1
17 8 135.0 296.2
17 11 98.8 201.0
17 12 238.7 224.9
17 13 268.2 249.9
17 14 256.5 214.2
17 15 318.4 216.0
17 16 417.7 340.3
17 17 409.9 357.1
17 18 403.9 251.7
17 19 405.6 279.0
17 20 447.2 274.0
17 21 462.6 232.2
17 22 374.8 283.8
17 23 450.8 244.2
17 24 477.4 216.8
17 25 484.9 282.7
17 26 476.3 318.7
17 27 602.3 197.2
17 30 381.4 439.9
17 31 359.2 440.6
17 32 427.3 223.2
17 33 457.1 219.5
17 34 451.2 202.3
17 35 465.3 164.7
17 36 374.3 163.8
17 37 389.1 178.8
17 38 379.2 305.3
17 39 392.3 323.3
17 40 210.9 318.4
17 41 211.5 343.6
17 42 180.9 358.7
17 43 113.2 248.2
17 44 99.1 235.0
17 45 295.4 250.5
17 46 427.0 160.9
17 47 474.1 186.8
17 49 480.8 173.2
17 50 197.1 186.2
17 53 564.4 24.4
17 54 559.8 80.2
17 55 610.6 62.0
17 56 596.2 81.3
17 57 589.6 324.6
17 58 590.8 352.7
17 60 168.4 390.5
17 61 167.8 373.8
18 2 599.3 275.3
18 5 125.4 279.4
18 6 139.5 250.4
18 7 137.1 263.2
18 8 128.9 299.0
18 11 82.5 203.0
18 12 238.1 227.5
18 13 268.6 241.0
18 14 252.0 214.0
18 15 307.4 209.9
18 16 416.3 341.0
18 17 410.4 358.8
18 18 394.1 248.6
18 19 389.8 273.3
18 20 427.9 274.6
18 21 451.1 235.6
18 22 359.2 276.4
18 23 431.3 241.1
18 24 466.9 229.8
18 25 472.6 281.4
18 26 456.3 308.6
18 27 582.5 203.1
18 30 381.4 439.9
18 31 359.2 440.6
18 32 426.5 222.3
18 33 451.8 217.4
18 34 449.2 204.1
18 35 475.7 161.6
18 36 387.3 159.6
18 37 390.9 178.7
18 38 389.6 306.3
18 39 409.6 320.9
18 40 235.3 317.2
18 41 239.8 339.9
18 42 195.3 362.1
18 43 124.0 236.6
18 44 111.7 226.1
18 45 292.3 258.4
18 46 422.0 170.7
18 47 488.3 194.4
18 49 476.5 173.5
18 50 173.7 187.5
18 53 558.7 14.0
18 54 552.5 68.8
18 55 601.7 53.5
18 56 585.3 69.9
18 57 580.1 338.7
18 58 581.1 364.8
18 60 168.4 390.5
18 61 167.8 373.8
19 2 611.6 264.3
19 5 118.5 282.8
19 6 140.7 251.4
19 7 135.3 264.8
19 8 122.6 302.7
19 11 72.4 204.5
19 12 237.4 219.6
19 13 269.1 231.3
19 14 253.6 212.1
19 15 291.6 198.3
19 16 412.8 340.3
19 17 408.6 358.7
19 18 378.2 243.5
19 19 379.8 269.9
19 20 411.6 274.5
19 21 432.6 230.8
19 22 343.3 267.6
19 23 420.4 242.1
19 24 454.7 232.2
19 25 450.3 279.3
19 26 445.6 303.3
19 27 570.3 208.1
19 30 381.4 439.9
19 31 359.2 440.6
19 32 426.5 222.3
19 33 447.1 223.6
19 34 447.8 208.6
19 35 484.4 157.5
19 36 390.0 160.5
19 37 393.4 181.5
19 38 402.1 308.1
19 39 420.4 321.1
19 40 254.1 316.1
19 41 258.8 337.6
19 42 221.2 374.4
19 43 135.8 231.2
19 44 124.0 218.2
19 45 285.8 265.8
19 46 416.4 180.4
19 47 499.0 193.9
19 48 8.8 1.4
19 49 471.3 181.7
19 50 139.6 193.9
19 54 544.0 55.2
19 55 591.4 44.9
19 56 577.4 62.3
19 57 574.5 348.2
19 58 575.7 379.7
19 60 168.4 390.5
19 61 167.8 373.8
20 2 627.3 249.0
20 5 111.9 286.5
20 6 136.5 252.8
20 7 129.6 268.3
20 8 117.2 306.6
20 11 59.3 206.2
20 12 233.8 217.9
20 13 269.7 222.0
20 14 254.4 211.2
20 15 273.1 185.0
20 16 410.8 339.6
20 17 405.1 357.2
20 18 365.4 239.1
20 19 364.7 264.7
20 20 401.8 273.0
20 21 410.6 227.9
20 22 320.5 254.6
20 23 403.7 246.1
20 24 439.4 234.5
20 25 436.4 276.6
20 26 424.4 292.4
20 27 548.0 217.7
20 30 381.4 439.9
20 31 359.2 440.6
20 32 427.7 218.8
20 33 448.4 219.2
20 34 448.1 206.0
20 35 495.1 152.4
20 36 402.8 151.2
20 37 401.3 170.8
20 38 415.2 310.1
20 39 439.8 322.1
20 40 266.6 314.8
20 41 270.9 336.3
20 42 243.9 385.0
20 43 154.5 222.7
20 44 133.0 213.6
20 45 278.5 273.4
20 46 407.0 185.9
20 47 512.3 189.8
20 48 18.8 5.8
20 49 465.4 179.0
20 50 114.2 200.3
20 54 538.0 45.6
20 55 583.8 34.9
20 56 569.4 56.4
20 57 564.1 366.5
20 58 572.9 392.6
20 60 168.4 390.5
20 61 167.8 373.8
21 5 105.5 290.6
21 6 129.0 254.6
21 7 125.7 271.2
21 8 112.6 310.3
21 11 48.3 208.2
21 12 233.8 217.9
21 13 270.0 204.6
21 14 253.6 212.1
21 15 262.8 178.3
21 16 411.5 339.6
21 17 403.9 356.4
21 18 355.7 235.2
21 19 346.8 258.6
21 20 387.5 271.0
21 21 399.2 226.6
21 22 310.9 246.2
21 23 385.9 249.3
21 24 428.4 232.5
21 25 426.9 273.2
21 26 411.3 288.8
21 27 532.7 224.2
21 28 596.4 299.4
21 29 603.4 277.7
21 30 381.4 439.9
21 31 359.2 440.6
21 32 427.6 220.6
21 33 447.2 216.8
21 34 447.0 208.7
21 35 503.0 144.7
21 36 408.1 150.3
21 37 412.1 171.6
21 38 426.1 310.4
21 39 456.1 323.0
21 40 290.2 312.2
21 41 293.6 333.9
21 42 259.9 391.5
21 43 165.0 217.0
21 44 145.1 207.5
21 45 269.7 276.8
21 46 395.5 192.0
21 47 523.4 184.2
21 48 30.6 11.7
21 49 453.9 176.3
21 50 93.8 213.0
21 54 530.6 34.4
21 55 581.3 24.1
21 56 562.1 49.6
21 57 559.2 379.5
21 58 574.8 408.2
21 60 168.4 390.5
21 61 167.8 373.8
22 5 99.2 294.5
22 6 122.7 256.1
22 7 124.7 273.1
22 8 108.3 313.9
22 11 30.6 213.2
22 12 234.5 216.2
22 13 270.6 194.2
22 14 254.4 210.3
22 15 250.8 171.3
22 16 415.0 340.1
22 17 405.6 356.8
22 18 341.1 229.9
22 19 336.7 255.3
22 20 375.3 268.6
22 21 383.3 225.3
22 22 294.6 229.6
22 23 376.2 246.8
22 24 412.0 229.3
22 25 414.7 268.8
22 26 392.5 288.8
22 27 516.3 231.7
22 28 581.4 300.6
22 29 591.2 275.2
22 30 381.4 439.9
22 31 359.2 440.6
22 32 433.7 219.6
22 33 450.5 218.8
22 34 444.7 205.1
22 35 513.1 140.7
22 36 425.0 146.3
22 37 428.7 166.9
22 38 447.5 307.3
22 39 466.5 323.6
22 40 306.1 310.4
22 41 309.0 332.7
22 42 285.0 401.7
22 43 182.3 206.2
22 44 155.3 202.4
22 45 256.7 280.4
22 46 378.6 198.0
22 47 539.0 171.3
22 48 43.0 18.2
22 49 445.4 177.0
22 50 74.9 221.6
22 54 527.4 23.5
22 55 578.5 13.1
22 56 557.9 40.6
22 57 561.3 388.1
22 60 168.4 390.5
22 61 167.8 373.8
23 5 92.2 297.2
23 6 116.7 257.5
23 7 121.2 274.6
23 8 102.8 316.8
23 12 235.5 217.9
23 13 262.4 188.0
23 14 254.7 215.7
23 15 239.6 169.6
23 16 421.3 341.1
23 17 410.1 358.2
23 18 329.2 224.4
23 19 323.3 252.0
23 20 365.0 265.3
23 21 371.9 222.3
23 22 282.4 215.0
23 23 365.0 240.3
23 24 403.0 224.1
23 25 406.3 264.5
23 26 375.2 288.9
23 27 493.2 242.0
23 28 565.3 301.2
23 29 575.9 272.2
23 30 381.4 439.9
23 31 359.2 440.6
23 32 430.6 216.1
23 33 456.1 221.8
23 34 449.9 205.9
23 35 522.1 135.0
23 36 435.8 144.5
23 37 439.9 165.1
23 38 464.8 304.9
23 39 485.1 324.8
23 40 320.2 308.3
23 41 320.6 332.5
23 42 297.8 406.6
23 43 197.8 197.4
23 44 165.9 197.1
23 45 249.5 285.9
23 46 357.7 203.5
23 47 559.2 154.0
23 48 54.4 21.8
23 49 437.9 178.0
23 50 53.6 219.2
23 54 526.4 14.8
23 55 576.2 4.2
23 56 554.6 31.9
23 57 561.9 396.7
23 60 168.4 390.5
23 61 167.8 373.8
24 5 84.7 298.9
24 6 109.4 259.3
24 7 113.9 276.2
24 8 96.1 319.0
24 12 235.8 221.4
24 13 245.6 179.3
24 14 253.8 214.8
24 15 220.0 156.3
24 16 435.0 343.4
24 17 422.0 362.2
24 18 321.4 219.2
24 19 308.4 247.7
24 20 347.0 259.4
24 21 363.2 217.4
24 22 277.2 202.5
24 23 350.9 232.2
24 24 389.7 214.1
24 25 397.0 258.6
24 26 359.7 290.1
24 27 480.8 245.0
24 28 556.3 299.2
24 29 566.1 270.7
24 30 381.4 439.9
24 31 359.2 440.6
24 32 434.0 216.0
24 33 461.9 224.9
24 34 452.6 198.4
24 35 532.4 128.3
24 36 450.2 142.3
24 37 453.6 163.0
24 38 476.1 304.6
24 39 505.3 326.0
24 40 342.0 305.1
24 41 340.8 332.3
24 42 323.7 416.1
24 43 211.0 192.2
24 44 180.3 190.1
24 45 241.9 294.4
24 46 344.8 201.3
24 47 568.5 143.2
24 48 63.9 23.2
24 49 429.7 177.8
24 50 29.9 216.5
24 54 525.6 7.4
24 55 576.3 0.4
24 56 550.5 23.1
24 57 559.6 405.7
24 60 168.4 390.5
24 61 167.8 373.8
25 5 76.8 299.8
25 6 102.1 261.0
25 7 106.5 277.4
25 8 87.8 321.1
25 12 233.1 220.6
25 13 228.0 169.5
25 14 254.6 213.9
25 15 212.3 144.5
25 16 449.6 346.0
25 17 443.8 369.5
25 18 312.0 213.6
25 19 300.1 242.4
25 20 334.5 254.9
25 21 351.1 210.8
25 22 269.4 183.0
25 23 340.7 228.4
25 24 377.9 205.9
25 25 385.5 251.4
25 26 332.9 292.1
25 27 457.7 249.3
25 28 543.3 294.4
25 29 553.3 269.2
25 30 381.4 439.9
25 31 359.2 440.6
25 32 444.8 208.3
25 33 463.0 226.5
25 34 460.4 193.8
25 35 542.1 121.5
25 36 461.7 140.2
25 37 471.4 160.3
25 38 494.3 304.3
25 39 516.6 326.8
25 40 353.3 305.1
25 41 356.8 331.7
25 42 336.8 418.6
25 43 228.7 185.3
25 44 193.0 185.8
25 45 234.4 301.5
25 46 331.2 198.1
25 47 581.8 127.3
25 48 71.7 24.1
25 49 423.2 176.8
25 56 545.8 14.6
25 57 556.1 416.7
25 59 595.2 374.4
25 60 168.4 390.5
25 61 167.8 373.8
