1 1 155.5 283.5
1 2 276.0 236.4
1 3 274.1 217.2
1 4 267.7 257.6
1 5 100.1 268.2
1 6 276.6 201.0
1 7 285.4 188.1
1 8 309.6 428.9
1 9 285.2 434.7
1 10 226.2 239.9
1 11 271.4 304.4
1 12 270.4 288.4
1 13 320.3 224.3
1 14 325.0 201.3
1 15 203.2 213.2
1 16 395.1 238.8
1 17 391.2 260.5
1 18 566.5 147.4
1 29 594.9 345.9
1 30 381.4 439.9
1 31 359.2 440.6
1 32 270.1 171.9
1 33 270.9 189.3
1 34 174.9 187.6
1 35 167.8 155.0
1 36 289.3 172.4
1 37 103.6 364.6
1 38 222.8 65.4
1 39 255.0 81.3
1 40 194.4 345.6
1 41 43.8 239.6
1 46 193.8 12.5
1 50 107.6 25.6
1 51 599.3 73.2
1 52 621.0 64.0
1 53 557.7 46.4
1 54 569.4 6.4
1 55 609.2 176.8
1 59 102.8 319.1
1 60 86.6 303.9
1 61 116.7 292.5
1 62 202.3 248.9
1 66 168.4 390.5
1 67 167.8 373.8
2 1 145.0 282.5
2 2 266.8 238.9
2 3 263.0 218.5
2 4 257.8 258.9
2 5 90.0 268.0
2 6 260.1 202.5
2 7 275.1 191.7
2 8 310.3 427.8
2 9 285.8 433.6
2 10 217.6 240.1
2 11 261.1 309.2
2 12 254.5 284.9
2 13 305.9 222.7
2 14 312.8 201.0
2 15 220.0 206.9
2 16 370.8 239.6
2 17 369.0 260.4
2 18 528.5 154.9
2 19 599.3 279.9
2 20 612.4 247.6
2 29 598.7 360.8
2 30 381.4 439.9
2 31 359.2 440.6
2 32 270.0 170.9
2 33 271.0 189.4
2 34 153.8 188.5
2 35 155.1 157.6
2 36 289.3 173.4
2 37 74.7 369.7
2 38 232.0 84.5
2 39 260.0 81.0
2 40 215.1 349.1
2 41 53.1 237.4
2 46 190.9 13.9
2 50 96.9 13.1
2 51 601.5 79.4
2 52 624.4 71.3
2 53 563.7 51.9
2 54 577.2 24.5
2 55 612.3 174.8
2 59 99.2 321.0
2 60 77.7 303.2
2 61 108.7 292.2
2 62 190.7 249.4
2 66 168.4 390.5
2 67 167.8 373.8
3 1 129.4 281.2
3 2 256.0 242.3
3 3 253.4 220.4
3 4 249.2 260.3
3 5 79.5 267.7
3 6 249.5 203.8
3 7 262.1 196.3
3 8 310.4 429.5
3 9 286.6 435.8
3 10 206.4 233.5
3 11 246.6 308.8
3 12 239.9 287.6
3 13 294.6 221.9
3 14 302.9 200.9
3 15 225.1 197.7
3 16 355.3 240.2
3 17 353.9 260.9
3 18 501.4 159.9
3 19 587.5 278.6
3 20 601.0 248.1
3 21 602.6 264.6
3 30 381.4 439.9
3 31 359.2 440.6
3 32 273.1 176.6
3 33 273.8 192.5
3 34 140.6 190.1
3 35 139.1 161.4
3 36 287.7 170.7
3 38 234.1 86.7
3 39 267.4 80.5
3 40 228.4 351.5
3 41 60.8 235.4
3 42 27.1 206.2
3 43 29.1 227.8
3 46 190.8 14.0
3 47 499.4 5.7
3 50 86.9 4.5
3 51 604.3 86.2
3 52 625.8 73.7
3 53 568.7 57.5
3 54 583.3 35.2
3 55 611.9 176.7
3 59 94.9 321.3
3 60 69.3 303.4
3 61 97.1 291.9
3 62 173.6 250.6
3 66 168.4 390.5
3 67 167.8 373.8
4 1 115.2 279.5
4 2 245.0 245.3
4 3 239.5 223.5
4 4 240.3 262.6
4 5 66.1 267.3
4 6 233.8 206.5
4 7 251.0 196.0
4 8 312.4 427.7
4 9 283.8 434.8
4 10 190.9 241.6
4 11 229.2 305.4
4 12 227.4 282.7
4 13 283.6 221.9
4 14 289.5 200.8
4 15 230.4 182.0
4 16 342.8 240.8
4 17 340.6 262.4
4 18 482.2 163.0
4 19 572.6 276.9
4 20 583.8 249.1
4 21 588.8 262.9
4 22 601.7 302.6
4 30 381.4 439.9
4 31 359.2 440.6
4 32 269.7 181.4
4 33 271.4 198.1
4 34 128.4 193.0
4 35 126.9 164.5
4 36 289.4 176.2
4 40 255.9 356.5
4 41 67.2 233.7
4 42 36.8 205.4
4 43 40.4 225.6
4 46 193.6 12.6
4 47 496.0 8.9
4 51 606.0 93.5
4 52 624.6 70.9
4 53 572.4 66.8
4 54 591.0 47.2
4 55 615.9 174.7
4 59 87.6 318.9
4 60 61.2 304.0
4 61 83.2 291.5
4 62 161.3 251.6
4 63 502.7 88.0
4 64 522.8 95.5
4 65 540.1 84.0
4 66 168.4 390.5
4 67 167.8 373.8
5 1 105.5 277.1
5 2 235.5 247.1
5 3 224.7 226.7
5 4 231.0 265.4
5 5 52.3 266.9
5 6 216.8 208.9
5 7 231.1 194.0
5 8 309.6 427.8
5 9 286.6 435.8
5 10 181.3 240.9
5 11 218.3 308.7
5 12 212.9 283.4
5 13 267.4 222.4
5 14 275.0 200.7
5 15 237.1 171.2
5 16 319.4 241.6
5 17 314.8 265.4
5 18 446.2 168.7
5 19 560.3 275.7
5 20 569.5 249.2
5 21 572.0 260.8
5 22 585.5 301.4
5 30 381.4 439.9
5 31 359.2 440.6
5 32 275.0 178.4
5 33 270.0 188.0
5 34 113.7 196.4
5 35 116.3 167.1
5 36 293.9 172.3
5 40 270.2 357.8
5 41 74.7 232.2
5 42 46.6 205.2
5 43 51.3 224.4
5 46 199.2 9.8
5 47 489.9 13.3
5 51 605.3 106.7
5 52 624.9 71.7
5 53 575.9 77.3
5 54 595.7 58.6
5 55 613.9 172.0
5 59 81.9 316.6
5 60 53.1 304.6
5 61 72.8 290.9
5 62 149.9 252.7
5 63 508.2 75.6
5 64 520.2 91.3
5 65 543.2 78.6
5 66 168.4 390.5
5 67 167.8 373.8
6 1 93.5 273.4
6 2 225.7 248.2
6 3 214.5 228.3
6 4 222.2 267.2
6 5 41.2 266.8
6 6 206.0 208.1
6 7 217.9 192.6
6 8 313.1 427.7
6 9 285.1 433.0
6 10 166.8 237.0
6 11 207.0 306.2
6 12 198.7 288.6
6 13 253.7 221.8
6 14 264.4 200.0
6 15 248.9 163.1
6 16 299.2 242.7
6 17 297.7 267.9
6 18 429.0 170.3
6 19 551.0 275.1
6 20 560.0 247.8
6 21 559.5 259.7
6 22 560.5 299.5
6 23 618.3 244.1
6 30 381.4 439.9
6 31 359.2 440.6
6 32 276.0 172.4
6 33 269.5 188.6
6 34 103.4 197.4
6 35 103.2 170.4
6 36 295.7 172.3
6 40 290.4 356.9
6 41 82.2 231.0
6 42 55.2 206.3
6 43 60.0 225.1
6 47 480.6 18.9
6 51 607.0 118.2
6 52 628.0 78.3
6 53 579.8 87.1
6 54 601.9 74.9
6 55 617.1 170.0
6 59 77.5 314.8
6 60 45.0 305.3
6 61 65.1 290.2
6 62 135.8 254.1
6 63 514.8 60.9
6 64 521.1 92.6
6 65 545.1 74.5
6 66 168.4 390.5
6 67 167.8 373.8
7 1 82.1 270.3
7 2 212.0 249.9
7 3 203.1 229.8
7 4 213.4 267.6
7 5 33.0 267.0
7 6 192.9 205.5
7 7 204.4 189.4
7 8 311.0 427.7
7 9 285.8 434.2
7 10 152.2 238.2
7 11 189.3 306.9
7 12 188.6 285.7
7 13 243.3 219.5
7 14 251.8 199.1
7 15 268.8 149.5
7 16 287.9 244.4
7 17 285.2 270.9
7 18 405.2 170.6
7 19 535.8 273.9
7 20 545.3 245.0
7 21 549.8 259.2
7 22 539.4 298.0
7 23 605.9 239.5
7 24 618.4 209.8
7 30 381.4 439.9
7 31 359.2 440.6
7 32 279.6 174.5
7 33 276.4 192.0
7 34 90.9 197.8
7 35 92.4 173.3
7 36 299.9 168.9
7 40 319.8 355.6
7 41 88.8 230.0
7 42 57.6 206.6
7 43 64.8 225.3
7 47 471.9 22.9
7 51 611.9 121.8
7 52 630.9 85.4
7 53 584.5 96.4
7 54 605.6 84.7
7 55 619.6 167.1
7 59 70.8 312.7
7 61 59.3 289.7
7 62 125.7 255.0
7 63 519.1 48.1
7 64 519.3 89.8
7 65 547.5 65.1
7 66 168.4 390.5
7 67 167.8 373.8
8 1 72.3 268.6
8 2 196.2 251.9
8 3 188.7 231.9
8 4 201.2 268.0
8 5 25.7 267.2
8 6 176.6 202.3
8 7 185.5 183.4
8 8 310.3 427.8
8 9 283.0 434.2
8 10 141.8 238.4
8 11 177.8 309.7
8 12 170.9 287.4
8 13 226.4 215.3
8 14 233.3 197.9
8 15 281.7 142.7
8 16 268.1 247.9
8 17 263.3 276.3
8 18 375.7 170.5
8 19 518.3 272.7
8 20 526.9 241.5
8 21 534.5 258.6
8 22 527.7 297.3
8 23 584.2 231.8
8 24 600.5 195.6
8 30 381.4 439.9
8 31 359.2 440.6
8 32 287.8 178.9
8 33 286.8 200.5
8 34 78.7 198.5
8 35 84.4 175.7
8 36 304.4 166.7
8 40 333.6 354.7
8 41 97.1 228.3
8 42 63.4 207.5
8 43 68.5 225.5
8 47 464.1 30.1
8 51 613.5 122.7
8 52 634.2 92.2
8 53 590.6 108.2
8 54 607.2 92.1
8 55 620.0 172.8
8 59 62.4 310.2
8 61 53.6 289.2
8 62 113.3 256.4
8 63 522.8 33.0
8 64 516.6 79.7
8 65 549.4 59.4
8 66 168.4 390.5
8 67 167.8 373.8
9 1 59.4 266.3
9 2 184.1 252.7
9 3 176.9 233.2
9 4 186.4 268.4
9 6 165.0 201.4
9 7 170.5 179.5
9 8 310.3 427.8
9 9 285.2 434.7
9 10 127.6 239.9
9 11 162.1 307.9
9 12 158.8 288.1
9 13 210.1 211.5
9 14 217.0 196.3
9 15 297.3 137.5
9 16 246.3 251.7
9 17 247.7 279.4
9 18 363.2 168.3
9 19 507.8 272.4
9 20 514.8 239.3
9 21 516.3 257.8
9 22 515.1 296.6
9 23 570.7 224.6
9 24 587.7 183.5
9 30 381.4 439.9
9 31 359.2 440.6
9 32 301.2 186.1
9 33 298.4 210.9
9 34 68.6 199.7
9 35 78.1 177.9
9 36 305.3 164.8
9 40 354.8 352.7
9 41 109.0 225.4
9 42 67.8 208.7
9 43 76.1 227.4
9 47 459.0 38.1
9 51 618.5 126.9
9 52 639.5 100.7
9 53 595.0 117.7
9 54 613.3 97.7
9 55 615.8 178.5
9 59 53.6 307.7
9 61 46.2 288.5
9 62 99.5 257.5
9 63 528.0 12.2
9 64 521.1 61.8
9 65 550.3 49.8
9 66 168.4 390.5
9 67 167.8 373.8
10 1 45.8 263.9
10 2 174.8 252.7
10 3 167.4 233.6
10 4 175.1 268.6
10 6 154.6 201.9
10 7 160.0 178.1
10 8 306.8 427.3
10 9 286.8 438.0
10 10 114.0 246.8
10 11 153.4 308.2
10 12 149.8 287.9
10 13 199.4 209.9
10 14 206.4 194.2
10 15 323.0 129.0
10 16 234.7 253.5
10 17 235.5 280.5
10 18 347.4 164.3
10 19 493.8 272.2
10 20 503.9 238.6
10 21 504.1 257.5
10 22 494.4 295.3
10 23 564.4 216.8
10 24 582.9 174.5
10 30 381.4 439.9
10 31 359.2 440.6
10 32 312.5 192.2
10 33 309.2 214.0
10 34 54.2 201.3
10 35 70.6 179.9
10 36 310.3 166.7
10 40 381.4 350.4
10 41 121.0 222.8
10 42 74.1 211.7
10 43 84.0 230.4
10 47 457.6 43.1
10 51 625.2 132.6
10 53 597.8 127.1
10 54 622.5 103.3
10 55 614.4 173.8
10 62 89.2 256.7
10 64 524.1 47.9
10 65 551.2 36.0
10 66 168.4 390.5
10 67 167.8 373.8
11 1 35.4 262.0
11 2 164.1 252.3
11 3 155.4 234.0
11 4 165.9 268.5
11 6 141.6 202.5
11 7 146.6 175.8
11 8 306.7 418.9
11 9 286.7 433.6
11 10 99.8 253.5
11 11 143.7 308.6
11 12 139.4 287.7
11 13 183.9 208.2
11 14 194.9 191.2
11 15 342.1 122.0
11 16 217.7 256.4
11 17 213.0 282.2
11 18 336.2 161.7
11 19 474.3 271.8
11 20 486.0 240.1
11 21 493.5 257.4
11 22 472.0 294.1
11 23 553.5 203.9
11 24 576.0 160.1
11 30 381.4 439.9
11 31 359.2 440.6
11 32 322.3 197.4
11 33 332.0 218.7
11 34 36.7 203.4
11 35 63.5 182.0
11 36 321.2 173.4
11 40 394.0 350.0
11 41 129.3 221.5
11 42 82.7 217.3
11 43 90.5 233.5
11 47 452.0 47.4
11 51 632.2 138.7
11 53 602.3 134.7
11 54 628.7 110.1
11 55 613.2 174.8
11 62 74.3 255.2
11 64 527.2 32.4
11 65 552.6 19.3
11 66 168.4 390.5
11 67 167.8 373.8
12 2 152.0 251.9
12 3 143.5 234.5
12 4 154.9 268.3
12 6 130.3 203.1
12 7 131.4 173.4
12 8 305.5 414.4
12 9 286.9 428.4
12 10 90.4 256.7
12 11 133.8 309.0
12 12 128.3 287.6
12 13 170.3 206.3
12 14 180.6 187.3
12 15 353.6 116.4
12 16 195.2 260.0
12 17 196.6 283.8
12 18 319.1 159.1
12 19 460.2 272.0
12 20 466.8 242.1
12 21 477.4 257.1
12 22 457.5 293.8
12 23 545.0 191.4
12 24 568.3 144.3
12 30 381.4 439.9
12 31 359.2 440.6
12 32 335.5 204.0
12 33 349.4 221.4
12 34 22.9 205.0
12 35 59.6 184.2
12 36 334.6 181.1
12 40 421.1 349.6
12 41 135.0 220.2
12 42 90.9 218.2
12 43 97.9 233.5
12 47 443.1 50.5
12 51 639.0 144.5
12 53 610.3 139.7
12 54 633.4 116.4
12 55 608.1 177.7
12 62 61.5 253.3
12 64 530.9 13.6
12 65 552.9 4.1
12 66 168.4 390.5
12 67 167.8 373.8
13 2 141.7 251.9
13 3 134.2 235.3
13 4 143.3 268.2
13 6 120.6 203.3
13 7 120.3 173.9
13 8 307.1 405.7
13 9 287.6 421.6
13 10 76.4 260.7
13 11 124.8 309.0
13 12 118.8 287.5
13 13 160.7 204.1
13 14 168.3 184.5
13 15 373.3 105.6
13 16 182.4 261.0
13 17 185.7 285.3
13 18 301.0 157.5
13 19 449.5 272.9
13 20 454.4 242.3
13 21 459.1 256.9
13 22 446.7 294.4
13 23 542.5 181.3
13 24 560.5 140.1
13 30 381.4 439.9
13 31 359.2 440.6
13 32 346.2 206.5
13 33 362.1 221.8
13 35 53.2 184.5
13 36 346.4 182.9
13 40 440.9 349.3
13 41 143.1 220.2
13 42 96.8 216.7
13 43 105.0 231.5
13 47 436.5 51.3
13 53 619.7 145.2
13 54 638.0 122.9
13 55 615.0 174.8
13 62 50.7 250.7
13 66 168.4 390.5
13 67 167.8 373.8
14 2 132.7 252.4
14 3 125.0 236.4
14 4 133.5 268.6
14 6 108.7 202.8
14 7 110.5 176.5
14 8 307.7 397.4
14 9 288.8 413.2
14 10 57.2 266.3
14 11 116.5 308.6
14 12 110.2 287.5
14 13 150.1 201.1
14 14 158.6 183.0
14 15 397.7 92.6
14 16 171.9 260.3
14 17 167.8 287.7
14 18 286.8 158.6
14 19 431.1 274.7
14 20 444.3 240.9
14 21 446.2 257.1
14 22 427.3 295.7
14 23 540.1 164.6
14 24 557.4 125.5
14 30 381.4 439.9
14 31 359.2 440.6
14 32 357.6 205.6
14 33 380.9 222.5
14 35 46.0 183.0
14 36 364.1 185.1
14 40 454.0 349.1
14 41 153.7 220.9
14 42 100.4 215.6
14 43 109.7 229.6
14 47 429.4 56.8
14 53 625.6 151.9
14 55 613.0 175.7
14 62 36.7 247.4
14 66 168.4 390.5
14 67 167.8 373.8
15 2 122.4 253.1
15 3 115.3 237.6
15 4 124.8 269.5
15 6 95.9 202.4
15 7 97.9 179.8
15 8 304.4 389.8
15 9 287.8 406.4
15 10 42.8 270.4
15 11 107.9 308.0
15 12 100.8 287.7
15 13 140.5 200.1
15 14 148.2 180.7
15 15 413.4 86.6
15 16 158.7 259.0
15 17 154.3 290.1
15 18 256.3 161.8
15 19 411.1 276.7
15 20 429.8 238.6
15 21 436.1 257.9
15 22 405.2 297.2
15 23 536.9 143.2
15 24 550.1 114.7
15 30 381.4 439.9
15 31 359.2 440.6
15 32 371.8 204.4
15 33 391.8 222.1
15 35 44.8 181.0
15 36 374.8 186.2
15 40 478.0 348.7
15 41 165.1 218.8
15 42 107.2 214.6
15 43 116.3 228.6
15 47 423.1 64.1
15 53 633.1 162.8
15 55 612.8 176.7
15 66 168.4 390.5
15 67 167.8 373.8
16 2 110.8 254.0
16 3 106.0 238.3
16 4 114.8 270.6
16 6 86.1 204.4
16 7 84.8 183.2
16 8 304.2 384.4
16 9 284.9 397.2
16 11 99.3 307.4
16 12 91.0 287.9
16 13 132.0 200.1
16 14 137.2 178.2
16 15 426.5 84.4
16 16 147.3 259.3
16 17 145.8 292.6
16 18 240.0 164.2
16 19 399.4 277.5
16 20 415.6 236.7
16 21 420.6 259.2
16 22 392.4 297.7
16 23 533.4 129.5
16 24 543.6 103.7
16 30 381.4 439.9
16 31 359.2 440.6
16 32 381.2 206.8
16 33 398.0 220.6
16 35 40.6 182.3
16 36 387.3 187.2
16 40 493.5 348.0
16 41 186.0 214.5
16 42 113.8 213.8
16 43 123.7 228.6
16 47 418.5 69.4
16 55 611.2 175.8
16 66 168.4 390.5
16 67 167.8 373.8
17 2 100.3 254.6
17 3 97.1 238.6
17 4 103.9 271.8
17 6 77.5 208.8
17 7 74.9 186.4
17 8 294.2 367.6
17 9 280.7 383.9
17 11 90.9 307.4
17 12 82.0 287.7
17 13 124.2 199.3
17 14 127.5 178.4
17 15 446.3 80.7
17 16 139.0 261.7
17 17 135.5 296.1
17 18 204.2 170.1
17 19 387.0 278.1
17 20 405.5 236.6
17 21 401.3 260.8
17 22 384.2 297.7
17 23 529.4 120.2
17 24 539.5 93.9
17 30 381.4 439.9
17 31 359.2 440.6
17 32 388.6 210.9
17 33 402.9 219.5
17 35 44.8 187.3
17 36 398.4 188.7
17 40 508.3 346.6
17 41 200.4 211.6
17 42 116.5 213.7
17 43 127.0 229.2
17 47 412.2 76.5
17 55 603.8 174.1
17 57 637.2 75.4
17 66 168.4 390.5
17 67 167.8 373.8
18 2 91.3 254.9
18 3 87.2 238.6
18 4 94.0 272.7
18 6 65.8 215.6
18 7 65.5 189.7
18 8 287.9 361.5
18 9 277.4 373.7
18 11 81.4 307.7
18 12 72.2 287.0
18 13 116.7 200.4
18 14 117.3 181.2
18 15 458.1 86.7
18 16 129.7 264.9
18 17 125.1 299.2
18 18 182.1 173.8
18 19 368.4 279.0
18 20 392.9 237.3
18 21 387.1 261.8
18 22 375.4 297.8
18 23 524.4 109.1
18 24 537.1 86.0
18 30 381.4 439.9
18 31 359.2 440.6
18 32 396.1 214.5
18 33 406.5 224.5
18 35 43.0 191.1
18 36 411.6 191.5
18 40 533.1 344.0
18 41 214.5 208.8
18 42 121.0 213.1
18 43 131.7 228.8
18 47 403.7 85.8
18 55 594.4 178.0
18 56 600.1 4.6
18 57 627.4 72.9
18 66 168.4 390.5
18 67 167.8 373.8
19 2 82.0 255.1
19 3 76.9 238.6
19 4 85.2 273.2
19 6 51.9 223.8
19 7 53.4 194.1
19 8 275.3 350.8
19 9 274.8 367.0
19 11 66.9 308.3
19 12 58.5 286.1
19 13 107.8 204.8
19 14 102.1 185.7
19 15 473.8 85.2
19 16 119.7 268.5
19 17 116.5 300.9
19 18 162.7 176.8
19 19 353.9 279.9
19 20 377.7 231.2
19 21 377.5 253.1
19 22 366.8 297.9
19 23 519.6 97.9
19 24 535.6 80.6
19 30 381.4 439.9
19 31 359.2 440.6
19 32 404.5 215.0
19 33 417.4 226.8
19 35 28.4 191.4
19 36 427.9 195.0
19 40 544.8 341.6
19 41 234.3 205.0
19 42 128.8 211.5
19 43 139.0 227.0
19 47 393.9 96.5
19 55 585.2 180.9
19 56 592.6 16.0
19 57 616.2 70.5
19 58 638.0 43.5
19 66 168.4 390.5
19 67 167.8 373.8
20 2 71.9 255.3
20 3 67.6 239.1
20 4 75.2 273.6
20 6 40.2 228.9
20 7 39.1 199.2
20 8 259.8 337.5
20 9 270.7 359.8
20 11 52.4 309.0
20 12 44.8 285.2
20 13 93.0 213.5
20 14 85.1 190.6
20 15 480.6 81.0
20 16 111.1 271.4
20 17 106.3 302.3
20 18 136.1 181.3
20 19 344.3 280.9
20 20 358.6 236.0
20 21 365.6 257.5
20 22 358.5 297.7
20 23 516.0 88.0
20 24 533.7 74.8
20 25 616.3 225.5
20 30 381.4 439.9
20 31 359.2 440.6
20 32 411.9 215.5
20 33 425.0 231.6
20 35 13.4 195.9
20 36 435.7 197.2
20 40 562.9 336.8
20 41 245.4 202.4
20 42 145.5 213.7
20 43 137.6 229.8
20 44 64.1 334.4
20 45 67.1 359.9
20 47 385.7 104.8
20 55 576.8 182.8
20 56 582.5 31.4
20 57 609.3 64.3
20 58 633.3 36.3
20 66 168.4 390.5
20 67 167.8 373.8
21 2 60.9 255.6
21 3 58.2 240.2
21 4 63.2 274.1
21 6 29.8 230.9
21 7 27.1 203.6
21 8 250.9 330.0
21 9 266.7 352.2
21 13 81.1 217.8
21 14 72.9 193.1
21 15 489.2 85.1
21 16 101.9 274.2
21 17 93.6 304.2
21 18 124.4 185.0
21 19 331.5 282.6
21 20 345.7 239.6
21 21 349.2 263.3
21 22 349.8 297.4
21 23 513.2 80.1
21 24 530.5 66.4
21 25 594.4 232.2
21 26 608.6 243.5
21 30 381.4 439.9
21 31 359.2 440.6
21 32 418.6 216.1
21 33 433.3 232.5
21 36 441.0 199.1
21 40 588.4 329.9
21 41 260.2 198.7
21 42 141.6 208.1
21 43 135.3 231.6
21 44 76.5 331.2
21 45 79.1 356.4
21 47 375.4 115.0
21 48 423.4 2.3
21 49 324.2 36.3
21 55 569.8 184.6
21 56 568.9 53.8
21 57 604.3 57.7
21 58 628.5 29.5
21 66 168.4 390.5
21 67 167.8 373.8
22 2 50.5 255.8
22 3 46.3 241.5
22 4 51.8 274.5
22 8 240.5 322.0
22 9 266.8 345.5
22 13 66.2 219.1
22 14 62.1 194.2
22 15 502.1 96.2
22 16 88.8 277.1
22 17 83.2 305.7
22 18 106.2 192.2
22 19 318.7 284.1
22 20 335.4 240.1
22 21 336.6 263.4
22 22 339.9 297.0
22 23 510.9 74.7
22 24 527.4 58.9
22 25 563.3 241.7
22 26 580.8 252.0
22 27 603.5 292.5
22 30 381.4 439.9
22 31 359.2 440.6
22 32 426.4 214.7
22 33 439.8 233.5
22 36 443.8 200.8
22 40 604.4 325.6
22 41 278.7 194.2
22 42 148.4 206.8
22 43 138.3 228.9
22 44 89.8 327.8
22 45 93.3 352.3
22 47 363.8 126.4
22 48 432.8 10.6
22 49 316.5 41.8
22 55 561.4 183.5
22 56 565.7 68.6
22 57 599.8 52.0
22 58 621.6 23.9
22 66 168.4 390.5
22 67 167.8 373.8
23 2 40.8 256.0
23 3 34.3 242.8
23 4 42.4 274.9
23 8 224.5 309.9
23 9 269.5 338.9
23 13 41.0 221.2
23 14 46.0 195.7
23 15 514.1 100.5
23 16 77.1 279.6
23 17 72.8 307.3
23 18 91.0 196.5
23 19 309.6 284.3
23 20 321.4 240.8
23 21 327.0 262.8
23 22 329.7 296.5
23 23 508.8 69.5
23 24 525.4 54.6
23 25 548.6 245.2
23 26 554.8 259.7
23 27 587.1 294.3
23 30 381.4 439.9
23 31 359.2 440.6
23 32 430.1 221.4
23 33 443.1 236.0
23 36 433.3 196.4
23 41 290.9 191.2
23 42 156.8 206.1
23 43 150.3 226.9
23 44 99.3 325.7
23 45 104.4 349.3
23 47 355.8 133.7
23 48 442.0 19.3
23 49 312.2 48.9
23 55 549.7 181.3
23 56 562.9 85.6
23 57 595.4 44.3
23 58 615.8 20.3
23 66 168.4 390.5
23 67 167.8 373.8
24 8 215.2 300.5
24 9 271.0 331.6
24 13 23.6 222.6
24 14 29.9 197.3
24 15 527.9 98.4
24 16 67.0 282.0
24 17 55.3 310.1
24 18 78.6 196.6
24 19 299.8 284.5
24 20 305.5 241.6
24 21 312.6 261.6
24 22 320.6 296.4
24 23 506.7 61.6
24 24 523.6 50.5
24 25 529.8 248.7
24 26 541.6 262.9
24 27 559.4 297.4
24 28 617.7 202.4
24 30 381.4 439.9
24 31 359.2 440.6
24 32 430.2 219.6
24 33 445.2 232.2
24 36 435.3 202.7
24 41 305.2 188.1
24 42 168.4 205.8
24 43 160.7 222.9
24 44 108.0 324.0
24 45 112.5 347.3
24 47 350.0 139.1
24 48 448.2 28.8
24 49 312.9 59.6
24 55 537.3 178.8
24 56 565.6 98.0
24 57 591.8 34.9
24 58 610.7 16.7
24 66 168.4 390.5
24 67 167.8 373.8
25 8 207.9 288.1
25 9 275.8 327.3
25 15 545.3 95.6
25 16 46.4 286.9
25 18 59.6 196.4
25 19 289.1 284.7
25 20 292.6 242.0
25 21 294.2 260.1
25 22 312.1 296.6
25 23 504.4 51.0
25 24 520.8 42.9
25 25 498.4 254.9
25 26 512.0 269.4
25 27 540.8 298.2
25 28 584.9 219.1
25 30 381.4 439.9
25 31 359.2 440.6
25 32 427.0 226.7
25 33 452.0 233.8
25 36 433.3 205.4
25 41 326.1 183.5
25 42 179.8 205.0
25 43 184.1 221.8
25 44 119.1 321.5
25 45 122.4 344.6
25 47 343.4 144.7
25 48 453.6 39.5
25 49 312.6 68.0
25 55 528.4 176.6
25 56 568.9 113.1
25 57 588.9 25.5
25 58 604.7 10.2
25 66 168.4 390.5
25 67 167.8 373.8
