1 1 590.1 140.1
1 2 146.9 262.7
1 3 529.1 278.3
1 4 231.0 248.9
1 5 259.1 240.8
1 6 316.7 196.0
1 7 359.1 198.1
1 8 300.4 207.8
1 9 316.6 224.8
1 10 620.7 122.7
1 11 600.9 107.5
1 12 174.8 278.5
1 13 488.4 318.9
1 14 464.4 321.8
1 15 435.9 330.9
1 16 349.4 225.0
1 17 481.9 368.8
1 18 230.0 164.0
1 19 412.9 160.0
1 20 494.0 353.5
1 21 515.3 379.9
1 22 485.4 340.4
1 23 528.4 388.7
1 24 591.9 242.2
1 31 534.7 8.5
1 32 555.1 41.2
1 33 177.1 198.5
1 34 203.9 202.1
1 35 92.1 235.8
1 36 86.5 214.7
1 43 283.3 315.2
1 44 400.9 370.7
1 45 310.8 326.1
1 47 363.5 382.2
1 49 330.9 386.2
1 50 350.4 404.8
1 51 320.0 403.8
1 52 466.6 401.1
1 53 454.2 375.9
1 54 490.6 295.3
1 55 507.0 306.8
1 56 514.2 284.0
1 57 531.8 316.3
1 58 168.4 390.5
1 59 167.8 373.8
2 1 593.1 130.5
2 2 146.9 262.7
2 3 529.1 278.3
2 4 220.4 247.8
2 5 248.6 237.3
2 6 325.9 198.7
2 7 375.5 198.4
2 8 311.1 212.4
2 9 330.8 228.3
2 10 627.3 122.7
2 11 613.3 103.0
2 12 153.4 280.3
2 13 495.3 324.4
2 14 450.6 317.5
2 15 426.2 327.9
2 16 353.1 213.5
2 17 493.6 366.7
2 18 209.8 166.4
2 19 394.3 157.7
2 20 487.7 348.0
2 21 502.8 388.9
2 22 473.3 336.4
2 23 519.5 395.6
2 24 586.9 228.5
2 25 621.6 252.8
2 31 531.5 19.2
2 32 561.4 52.0
2 33 180.5 201.9
2 34 211.7 201.8
2 35 103.9 234.3
2 36 98.0 214.9
2 43 286.7 319.2
2 44 416.4 386.4
2 45 316.2 328.3
2 47 363.5 382.2
2 49 322.7 385.1
2 50 350.4 404.8
2 51 320.0 403.8
2 52 466.0 399.9
2 53 456.5 375.2
2 54 490.6 295.3
2 55 507.0 306.8
2 56 514.2 284.0
2 57 531.8 316.3
2 58 168.4 390.5
2 59 167.8 373.8
3 1 593.7 121.9
3 2 145.2 262.7
3 3 529.1 278.3
3 4 203.2 246.3
3 5 232.3 230.6
3 6 335.3 201.1
3 7 396.6 198.8
3 8 319.6 216.4
3 9 340.6 231.6
3 10 633.4 131.0
3 11 622.8 107.4
3 12 141.4 279.6
3 13 501.2 326.4
3 14 429.8 311.1
3 15 411.6 321.6
3 16 360.8 203.7
3 17 498.9 372.8
3 18 194.4 168.7
3 19 367.0 154.5
3 20 474.3 345.3
3 21 492.7 396.6
3 22 463.7 333.7
3 23 512.1 402.5
3 24 578.5 206.9
3 25 612.9 236.5
3 31 529.0 31.3
3 32 561.6 63.8
3 33 188.3 203.0
3 34 219.9 204.7
3 35 112.3 231.1
3 36 107.0 212.6
3 43 290.4 323.7
3 44 423.1 396.2
3 45 332.8 335.5
3 47 363.5 382.2
3 49 322.7 385.1
3 50 350.4 404.8
3 51 320.0 403.8
3 52 466.6 401.1
3 53 467.1 373.0
3 54 490.6 295.3
3 55 508.5 306.7
3 56 509.0 281.9
3 57 529.7 319.2
3 58 168.4 390.5
3 59 167.8 373.8
4 1 597.2 114.2
4 2 146.4 258.4
4 3 529.1 278.3
4 4 188.9 245.2
4 5 218.0 226.4
4 6 348.3 204.8
4 7 412.1 197.8
4 8 329.1 221.7
4 9 350.0 235.5
4 10 638.7 138.2
4 11 635.1 113.0
4 12 121.2 278.6
4 13 501.2 326.4
4 14 416.6 307.1
4 15 394.8 314.8
4 16 369.5 195.0
4 17 521.4 375.5
4 18 174.5 172.0
4 19 353.0 154.8
4 20 464.2 344.4
4 21 484.1 406.0
4 22 450.2 329.7
4 23 501.8 412.1
4 24 569.1 182.4
4 25 601.9 209.6
4 31 526.5 43.3
4 32 559.5 78.5
4 33 193.7 201.9
4 34 227.0 209.7
4 35 122.2 226.3
4 36 115.5 207.7
4 43 285.1 323.2
4 44 431.7 408.6
4 45 345.7 340.3
4 47 363.5 382.2
4 49 322.7 385.1
4 50 350.4 404.8
4 51 320.0 403.8
4 52 467.5 399.8
4 53 471.0 376.8
4 54 490.6 295.3
4 55 508.5 306.7
4 56 509.0 281.9
4 57 529.7 319.2
4 58 168.4 390.5
4 59 167.8 373.8
5 1 605.4 107.0
5 2 154.7 258.5
5 3 529.1 278.3
5 4 177.4 244.2
5 5 207.9 226.4
5 6 362.3 208.6
5 7 422.5 194.9
5 8 339.8 227.9
5 9 361.6 240.7
5 12 102.5 277.2
5 13 501.2 326.4
5 14 404.6 303.3
5 15 384.6 312.3
5 16 380.9 188.2
5 17 542.7 383.7
5 18 161.8 173.2
5 19 325.9 156.7
5 20 444.7 343.7
5 21 475.8 410.5
5 22 440.7 328.3
5 23 493.7 415.0
5 24 563.8 169.0
5 25 593.7 193.9
5 31 524.9 54.9
5 32 560.6 80.1
5 33 195.4 198.9
5 34 232.6 215.5
5 35 133.7 220.8
5 36 127.5 200.1
5 43 287.3 319.6
5 44 436.8 415.6
5 45 357.2 342.8
5 47 363.5 382.2
5 49 322.7 385.1
5 50 350.4 404.8
5 51 320.0 403.8
5 52 469.6 399.8
5 53 472.5 381.2
5 54 490.6 295.3
5 55 508.5 306.7
5 56 509.0 281.9
5 57 520.9 324.5
5 58 168.4 390.5
5 59 167.8 373.8
6 1 613.4 100.2
6 2 164.1 259.3
6 3 529.1 278.3
6 4 160.2 242.7
6 5 194.9 226.4
6 6 372.5 210.5
6 7 437.8 188.5
6 8 349.3 230.9
6 9 372.4 244.8
6 12 91.5 275.5
6 13 501.2 326.4
6 14 381.4 295.6
6 15 365.1 308.1
6 16 394.9 180.1
6 17 567.4 399.3
6 18 143.9 174.8
6 19 305.5 157.5
6 20 430.3 342.8
6 21 469.5 411.7
6 22 424.4 327.3
6 23 482.6 418.5
6 24 553.4 142.8
6 25 579.4 178.0
6 31 523.9 66.7
6 32 563.9 71.6
6 33 194.1 204.4
6 34 238.6 215.6
6 35 142.3 216.7
6 36 138.5 194.5
6 43 288.2 321.7
6 44 444.0 425.2
6 45 370.2 346.2
6 47 363.5 382.2
6 49 322.7 385.1
6 50 350.4 404.8
6 51 320.0 403.8
6 52 476.8 395.3
6 53 483.6 372.0
6 54 490.6 295.3
6 55 508.5 306.7
6 56 509.0 281.9
6 57 520.9 324.5
6 58 168.4 390.5
6 59 167.8 373.8
7 1 621.6 93.0
7 2 173.7 259.9
7 3 529.1 278.3
7 4 149.2 242.5
7 5 184.6 227.1
7 6 382.2 227.7
7 7 454.1 182.9
7 8 360.2 232.1
7 9 381.4 247.0
7 12 77.5 272.7
7 13 493.0 328.7
7 14 357.7 288.3
7 15 345.4 304.2
7 16 406.0 176.5
7 18 133.2 177.6
7 19 288.5 156.9
7 20 416.2 341.2
7 21 459.5 415.0
7 22 410.2 326.0
7 23 474.6 418.4
7 24 550.3 128.9
7 25 562.2 158.0
7 31 522.8 78.6
7 32 565.2 68.9
7 33 201.8 205.1
7 34 244.2 215.9
7 35 150.8 212.3
7 36 148.3 191.8
7 43 288.2 321.7
7 44 447.5 429.6
7 45 379.0 351.2
7 47 363.5 382.2
7 49 322.7 385.1
7 50 350.4 404.8
7 51 320.0 403.8
7 52 483.5 389.6
7 53 491.8 367.2
7 54 490.6 295.3
7 55 508.5 306.7
7 56 509.0 281.9
7 57 520.9 324.5
7 58 168.4 390.5
7 59 167.8 373.8
8 1 629.8 85.0
8 2 181.8 257.8
8 3 524.5 280.7
8 4 136.8 242.1
8 5 171.9 229.3
8 6 401.5 213.3
8 7 463.5 184.8
8 8 376.9 234.1
8 9 393.5 249.7
8 12 63.5 270.0
8 13 493.0 328.7
8 14 344.9 285.8
8 15 334.7 303.1
8 16 423.7 171.3
8 18 116.3 181.6
8 19 259.6 155.7
8 20 395.2 338.8
8 21 448.4 413.5
8 22 397.0 323.5
8 23 467.0 414.7
8 24 546.9 106.0
8 25 555.1 144.7
8 31 521.6 90.1
8 32 564.3 72.2
8 33 204.8 211.3
8 34 245.1 209.4
8 35 160.2 207.4
8 36 162.4 188.4
8 43 287.4 321.0
8 44 447.6 431.1
8 45 394.9 360.8
8 47 363.5 382.2
8 49 322.7 385.1
8 50 350.4 404.8
8 51 320.0 403.8
8 52 490.5 382.7
8 53 502.2 359.8
8 54 490.6 295.3
8 55 508.5 306.7
8 56 509.0 281.9
8 57 520.9 324.5
8 58 168.4 390.5
8 59 167.8 373.8
9 1 636.6 76.5
9 2 189.6 255.2
9 3 524.5 280.7
9 4 123.8 242.3
9 5 154.8 232.4
9 6 411.7 215.7
9 7 472.1 186.4
9 8 391.3 235.6
9 9 409.9 253.6
9 12 47.0 268.0
9 13 493.0 328.7
9 14 329.6 284.6
9 15 317.5 301.7
9 16 435.1 167.1
9 18 101.8 185.7
9 19 245.0 152.4
9 20 384.0 336.6
9 21 434.1 401.2
9 22 376.8 319.7
9 23 456.5 416.2
9 24 544.0 86.2
9 25 542.6 119.8
9 31 519.0 104.3
9 32 563.4 74.8
9 33 204.2 214.6
9 34 246.4 208.2
9 35 169.0 204.1
9 36 175.1 184.8
9 37 92.6 5.0
9 38 46.6 292.9
9 43 290.0 327.8
9 44 447.2 431.5
9 45 400.6 367.2
9 46 320.0 49.8
9 47 363.5 382.2
9 49 322.7 385.1
9 50 350.4 404.8
9 51 320.0 403.8
9 52 496.9 379.9
9 53 511.1 355.3
9 54 490.6 295.3
9 55 508.5 306.7
9 56 509.0 281.9
9 57 520.9 324.5
9 58 168.4 390.5
9 59 167.8 373.8
10 2 197.6 252.8
10 3 524.5 280.7
10 4 115.3 244.3
10 5 143.3 232.1
10 6 425.8 220.7
10 7 478.6 188.0
10 8 401.9 236.2
10 9 423.5 255.8
10 13 494.0 332.2
10 14 304.1 282.6
10 15 297.6 300.2
10 16 446.8 162.2
10 18 91.5 189.8
10 19 220.6 144.4
10 20 361.1 331.2
10 21 417.1 405.0
10 22 366.2 316.2
10 23 449.1 408.1
10 24 541.8 71.9
10 25 537.0 106.5
10 31 517.6 115.5
10 32 564.5 71.5
10 33 202.2 215.9
10 34 252.7 204.7
10 35 181.3 200.5
10 36 185.1 180.7
10 37 104.5 15.1
10 38 57.8 290.3
10 39 50.4 314.8
10 43 295.2 330.0
10 44 451.2 433.2
10 45 402.1 371.3
10 46 314.4 53.7
10 47 363.5 382.2
10 49 322.7 385.1
10 50 350.4 404.8
10 51 320.0 403.8
10 52 510.7 374.8
10 53 523.8 348.9
10 54 490.6 295.3
10 55 508.5 306.7
10 56 509.0 281.9
10 57 520.9 324.5
10 58 168.4 390.5
10 59 167.8 373.8
11 2 204.9 249.3
11 3 524.5 280.7
11 4 108.3 246.2
11 5 134.5 230.2
11 6 443.7 226.8
11 7 476.6 195.0
11 8 421.1 237.3
11 9 433.1 255.8
11 13 494.0 332.2
11 14 286.3 281.8
11 15 286.3 300.4
11 16 458.0 157.5
11 18 74.0 197.4
11 19 206.4 135.8
11 20 342.8 327.0
11 21 403.0 410.1
11 22 346.3 308.6
11 23 438.5 408.0
11 24 537.8 45.8
11 25 527.3 82.3
11 31 515.1 125.9
11 32 567.4 62.2
11 33 204.9 216.9
11 34 257.3 201.7
11 35 200.1 195.2
11 36 202.0 173.0
11 37 123.4 29.1
11 38 74.7 286.8
11 39 66.6 313.3
11 43 303.1 333.4
11 44 456.0 435.5
11 45 406.4 375.2
11 46 308.7 62.0
11 47 363.5 382.2
11 49 322.7 385.1
11 50 350.4 404.8
11 51 320.0 403.8
11 52 529.1 367.6
11 53 531.9 343.4
11 54 490.6 295.3
11 55 508.5 306.7
11 56 509.0 281.9
11 57 520.9 324.5
11 58 168.4 390.5
11 59 167.8 373.8
12 2 209.6 245.4
12 3 524.5 280.7
12 4 101.8 248.0
12 5 125.9 228.0
12 6 455.1 228.6
12 7 472.0 200.3
12 8 438.2 238.2
12 9 445.3 254.9
12 13 494.0 332.2
12 14 275.1 282.3
12 15 272.5 301.4
12 16 467.9 152.9
12 18 60.5 202.6
12 19 196.6 125.5
12 20 329.5 324.2
12 21 393.4 421.3
12 22 328.3 302.3
12 23 425.3 408.2
12 24 532.9 14.0
12 25 522.0 65.3
12 26 632.0 130.9
12 31 517.5 134.8
12 32 569.8 54.4
12 33 212.3 217.9
12 34 258.4 199.9
12 35 213.3 191.3
12 36 217.0 167.0
12 37 139.0 43.5
12 38 88.0 282.9
12 39 82.7 311.5
12 43 314.2 338.9
12 44 459.0 437.7
12 45 413.1 378.7
12 46 302.6 74.0
12 47 363.5 382.2
12 49 322.7 385.1
12 50 350.4 404.8
12 51 320.0 403.8
12 52 538.6 361.8
12 53 543.2 335.7
12 54 490.6 295.3
12 55 508.5 306.7
12 56 509.0 281.9
12 57 520.9 324.5
12 58 168.4 390.5
12 59 167.8 373.8
13 2 215.5 245.2
13 3 524.5 280.7
13 4 94.7 250.6
13 5 117.2 225.9
13 6 466.1 228.6
13 7 467.8 202.2
13 8 447.4 238.7
13 9 461.2 253.6
13 13 496.3 332.1
13 14 255.2 282.9
13 15 252.0 302.8
13 16 484.3 151.7
13 18 48.3 206.4
13 19 189.7 114.8
13 20 308.1 319.7
13 21 388.6 429.9
13 22 317.1 300.1
13 23 416.6 410.6
13 25 518.8 46.5
13 26 609.9 137.0
13 31 524.4 148.9
13 32 571.0 50.2
13 33 215.9 218.5
13 34 261.9 198.3
13 35 225.7 187.6
13 36 228.5 164.0
13 37 147.4 59.6
13 38 96.2 278.3
13 39 92.2 309.3
13 43 324.0 342.4
13 44 460.2 439.8
13 45 417.7 383.3
13 46 295.7 84.1
13 47 363.5 382.2
13 49 322.7 385.1
13 50 350.4 404.8
13 51 320.0 403.8
13 52 552.9 352.7
13 53 553.4 327.2
13 54 490.6 295.3
13 55 508.5 306.7
13 56 509.0 281.9
13 57 520.9 324.5
13 58 168.4 390.5
13 59 167.8 373.8
14 2 216.1 242.8
14 3 524.5 280.7
14 4 87.7 254.0
14 5 108.4 224.7
14 6 481.1 228.8
14 7 468.6 205.4
14 8 457.1 240.3
14 9 474.7 253.0
14 13 496.3 332.1
14 14 232.6 283.9
14 15 237.6 304.7
14 16 489.3 146.2
14 18 31.9 211.3
14 19 184.1 98.4
14 20 296.3 318.0
14 21 387.8 438.2
14 22 296.8 296.2
14 23 402.8 415.0
14 25 513.7 17.5
14 26 596.3 140.0
14 27 635.8 148.8
14 31 532.1 161.9
14 32 573.6 42.2
14 33 213.0 219.0
14 34 270.0 196.8
14 35 246.5 181.3
14 36 248.6 158.9
14 37 158.2 80.8
14 38 108.9 269.1
14 39 107.2 305.7
14 43 336.2 344.0
14 44 459.6 441.7
14 45 419.2 388.4
14 46 285.9 91.9
14 47 363.5 382.2
14 49 322.7 385.1
14 50 350.4 404.8
14 51 320.0 403.8
14 52 559.7 345.2
14 53 557.5 319.3
14 54 490.6 295.3
14 55 508.5 306.7
14 56 509.0 281.9
14 57 520.9 324.5
14 58 168.4 390.5
14 59 167.8 373.8
15 2 214.6 245.2
15 3 524.5 280.7
15 4 81.5 257.9
15 5 99.0 224.1
15 6 495.3 228.8
15 7 473.8 210.2
15 8 466.5 240.4
15 9 484.1 253.3
15 13 496.3 332.1
15 14 219.8 285.8
15 15 228.0 307.5
15 16 503.1 145.3
15 18 8.2 212.3
15 19 177.3 83.3
15 20 273.9 315.3
15 21 382.3 440.9
15 22 283.0 294.3
15 23 391.4 418.3
15 26 570.0 145.3
15 27 608.6 161.2
15 31 540.0 169.3
15 32 576.8 32.4
15 33 211.4 218.9
15 34 286.5 193.5
15 35 262.0 177.2
15 36 267.1 154.4
15 37 164.6 94.7
15 38 124.6 258.6
15 39 121.9 301.6
15 43 360.1 346.3
15 44 457.3 443.6
15 45 420.2 392.3
15 46 271.8 103.2
15 47 363.5 382.2
15 49 322.7 385.1
15 50 350.4 404.8
15 51 320.0 403.8
15 52 567.0 337.9
15 53 559.7 313.5
15 54 490.6 295.3
15 55 508.5 306.7
15 56 509.0 281.9
15 57 520.9 324.5
15 58 168.4 390.5
15 59 167.8 373.8
16 2 213.0 246.1
16 3 524.5 280.7
16 4 74.4 260.1
16 5 87.4 223.4
16 6 505.6 228.2
16 7 466.3 221.4
16 8 475.1 237.6
16 9 493.7 254.4
16 13 496.3 332.1
16 14 209.7 288.9
16 15 212.5 312.5
16 16 514.1 142.3
16 19 168.2 69.0
16 20 257.4 313.7
16 21 377.5 442.0
16 22 267.4 293.5
16 23 381.6 419.6
16 26 552.3 149.2
16 27 590.6 168.0
16 30 608.9 316.6
16 31 551.4 179.6
16 32 578.1 28.3
16 33 216.2 218.4
16 34 309.3 189.1
16 35 274.1 174.9
16 36 278.4 152.1
16 37 174.2 118.7
16 38 135.4 255.5
16 39 130.9 296.7
16 40 553.7 1.8
16 43 373.1 350.4
16 44 454.1 445.0
16 45 422.3 397.3
16 46 261.1 111.2
16 47 363.5 382.2
16 49 322.7 385.1
16 50 350.4 404.8
16 51 320.0 403.8
16 52 573.0 332.2
16 53 563.6 306.8
16 54 490.6 295.3
16 55 508.5 306.7
16 56 509.0 281.9
16 57 520.9 324.5
16 58 168.4 390.5
16 59 167.8 373.8
17 2 217.4 246.9
17 3 524.5 280.7
17 4 65.0 260.5
17 5 73.4 222.4
17 6 514.4 231.5
17 7 477.2 217.2
17 8 484.4 233.7
17 9 504.8 256.4
17 13 496.3 332.1
17 14 194.6 293.4
17 15 196.4 317.5
17 16 529.2 134.5
17 19 156.4 51.6
17 20 244.8 312.9
17 21 375.0 442.9
17 22 243.1 292.2
17 23 367.8 421.5
17 26 536.2 153.5
17 27 561.6 174.9
17 30 601.3 329.5
17 31 559.3 186.4
17 32 577.5 29.8
17 33 226.2 216.9
17 34 324.0 187.6
17 35 294.8 170.7
17 36 295.9 148.5
17 37 183.5 132.8
17 38 150.9 255.9
17 39 149.0 284.6
17 40 553.8 5.0
17 43 383.9 360.5
17 44 452.0 445.1
17 45 429.8 408.7
17 46 250.3 118.1
17 47 363.5 382.2
17 49 322.7 385.1
17 50 350.4 404.8
17 51 320.0 403.8
17 52 582.5 315.8
17 53 566.7 297.1
17 54 490.6 295.3
17 55 508.5 306.7
17 56 509.0 281.9
17 57 520.9 324.5
17 58 168.4 390.5
17 59 167.8 373.8
18 2 217.2 245.2
18 3 524.5 280.7
18 4 51.3 261.2
18 5 58.6 221.5
18 6 525.4 224.4
18 7 484.2 216.3
18 8 494.1 229.9
18 9 515.4 257.0
18 13 496.3 332.1
18 14 180.7 297.6
18 15 186.4 319.3
18 16 541.8 131.6
18 19 145.3 43.0
18 20 227.5 312.0
18 21 374.7 443.5
18 22 230.9 292.8
18 23 362.1 425.4
18 26 512.5 159.8
18 27 544.2 177.4
18 28 629.6 118.5
18 30 592.5 343.3
18 31 572.2 198.9
18 32 577.8 28.7
18 33 238.8 214.1
18 34 342.1 188.8
18 35 312.2 168.1
18 36 313.5 145.1
18 37 199.2 143.8
18 38 174.9 256.5
18 39 165.0 276.3
18 40 551.0 10.0
18 43 395.3 372.9
18 44 451.1 443.9
18 45 431.6 411.6
18 46 238.5 126.2
18 47 363.5 382.2
18 49 322.7 385.1
18 50 350.4 404.8
18 51 320.0 403.8
18 52 585.4 307.7
18 53 563.9 285.1
18 54 490.6 295.3
18 55 508.5 306.7
18 56 509.0 281.9
18 57 520.9 324.5
18 58 168.4 390.5
18 59 167.8 373.8
19 2 218.3 247.7
19 3 524.5 280.7
19 4 40.0 260.2
19 5 46.2 220.9
19 6 536.2 228.4
19 7 493.4 214.2
19 8 503.0 228.1
19 9 524.4 255.1
19 13 496.3 332.1
19 14 171.6 300.5
19 15 173.6 320.6
19 16 555.8 135.0
19 19 126.2 30.2
19 20 217.5 313.1
19 21 376.6 444.0
19 22 215.7 294.9
19 23 361.0 427.7
19 26 499.4 162.6
19 27 515.5 178.8
19 28 618.3 106.4
19 29 635.1 83.5
19 30 583.9 351.8
19 31 583.0 205.8
19 32 580.4 21.6
19 33 242.2 214.8
19 34 367.8 190.8
19 35 323.6 168.3
19 36 325.0 143.4
19 37 220.9 158.8
19 38 190.2 256.7
19 39 178.3 275.2
19 40 544.6 18.3
19 43 397.5 384.7
19 44 456.2 437.9
19 45 429.0 415.8
19 46 232.4 134.1
19 47 363.5 382.2
19 49 322.7 385.1
19 50 350.4 404.8
19 51 320.0 403.8
19 52 592.0 297.3
19 53 563.1 278.2
19 54 490.6 295.3
19 55 508.5 306.7
19 56 509.0 281.9
19 57 520.9 324.5
19 58 168.4 390.5
19 59 167.8 373.8
20 2 215.3 243.5
20 3 524.5 280.7
20 4 26.7 256.8
20 5 36.2 220.6
20 6 542.5 230.8
20 7 503.0 212.1
20 8 511.6 226.6
20 9 530.0 252.8
20 13 496.3 332.1
20 14 162.8 303.8
20 15 155.9 322.4
20 16 571.6 138.0
20 19 103.7 14.8
20 20 204.6 316.2
20 21 377.7 444.2
20 22 199.6 297.0
20 23 363.2 428.2
20 26 478.8 166.1
20 27 493.0 180.2
20 28 610.0 99.9
20 29 627.1 73.3
20 30 567.9 366.9
20 31 597.5 209.1
20 32 583.7 10.7
20 33 241.2 222.2
20 34 383.0 193.6
20 35 341.5 169.8
20 36 343.7 140.4
20 37 233.7 164.8
20 38 206.9 259.6
20 39 203.2 273.6
20 40 542.3 21.5
20 43 400.4 402.8
20 44 453.1 437.6
20 45 434.1 414.5
20 46 227.1 142.5
20 47 363.5 382.2
20 48 271.9 437.7
20 49 322.7 385.1
20 50 350.4 404.8
20 51 320.0 403.8
20 52 598.6 281.2
20 53 572.4 269.4
20 54 490.6 295.3
20 55 508.5 306.7
20 56 509.0 281.9
20 57 520.9 324.5
20 58 168.4 390.5
20 59 167.8 373.8
21 2 214.2 248.6
21 3 524.5 280.7
21 5 22.4 220.5
21 6 549.3 230.7
21 7 512.0 209.8
21 8 519.9 225.0
21 9 539.0 252.6
21 13 496.3 332.1
21 14 152.6 307.7
21 15 143.9 323.8
21 16 582.8 136.5
21 19 89.9 3.5
21 20 191.7 318.4
21 21 376.5 444.2
21 22 190.1 297.5
21 23 362.4 428.4
21 26 454.4 170.3
21 27 476.7 181.8
21 28 597.4 90.4
21 29 618.0 64.9
21 30 556.8 371.5
21 31 618.0 213.8
21 32 583.7 3.2
21 33 236.8 223.2
21 34 406.3 202.4
21 35 358.6 170.4
21 36 363.4 137.6
21 37 259.8 175.4
21 38 230.7 255.9
21 39 217.7 273.2
21 40 544.1 19.7
21 41 569.5 4.8
21 43 401.3 411.2
21 44 453.0 436.3
21 45 437.8 413.8
21 46 220.3 148.9
21 47 363.5 382.2
21 48 270.4 433.8
21 49 322.7 385.1
21 50 350.4 404.8
21 51 320.0 403.8
21 52 601.0 275.0
21 53 582.1 259.6
21 54 490.6 295.3
21 55 508.5 306.7
21 56 509.0 281.9
21 57 520.9 324.5
21 58 168.4 390.5
21 59 167.8 373.8
22 2 213.9 246.1
22 3 524.5 280.7
22 5 9.3 220.4
22 6 555.6 227.3
22 7 520.9 207.2
22 8 528.1 225.5
22 9 541.0 250.9
22 13 496.3 332.1
22 14 143.7 309.8
22 15 135.5 325.0
22 16 598.3 133.8
22 20 182.7 317.9
22 21 373.1 444.0
22 22 177.9 298.7
22 23 356.9 428.8
22 26 440.9 173.1
22 27 452.7 184.2
22 28 584.8 81.8
22 29 605.5 53.5
22 30 533.9 378.0
22 33 234.3 224.1
22 34 426.0 209.1
22 35 370.5 168.5
22 36 375.0 137.0
22 37 280.5 184.0
22 38 251.3 255.4
22 39 233.7 273.7
22 40 543.5 20.5
22 41 565.0 16.3
22 43 402.3 419.6
22 44 452.7 438.0
22 45 439.6 416.1
22 46 209.8 157.4
22 47 363.6 380.3
22 48 267.7 430.1
22 49 322.7 385.1
22 50 350.4 404.8
22 51 320.0 403.8
22 52 606.8 262.2
22 53 585.7 248.2
22 54 490.6 295.3
22 55 508.5 306.7
22 56 509.0 281.9
22 57 520.9 324.5
22 58 168.4 390.5
22 59 167.8 373.8
23 2 213.9 246.1
23 3 524.5 280.7
23 6 559.8 227.9
23 7 529.9 203.7
23 8 533.8 226.9
23 9 542.7 249.6
23 13 496.3 332.1
23 14 134.5 310.8
23 15 125.7 326.4
23 16 609.9 133.1
23 20 171.9 317.3
23 21 367.4 443.7
23 22 167.1 298.4
23 23 356.8 429.9
23 26 413.5 179.8
23 27 437.6 187.2
23 28 575.4 77.1
23 29 599.4 43.5
23 30 520.6 380.6
23 33 234.3 224.1
23 34 448.3 212.2
23 35 393.7 163.5
23 36 391.1 136.4
23 37 302.7 196.5
23 38 262.7 254.7
23 39 257.8 274.5
23 40 538.1 26.7
23 41 563.0 26.7
23 43 405.1 421.7
23 44 452.0 438.0
23 45 440.6 413.7
23 46 197.9 165.7
23 47 361.7 374.3
23 48 262.7 426.0
23 49 322.7 385.1
23 50 350.4 404.8
23 51 320.0 403.8
23 52 614.2 250.0
23 53 597.6 233.8
23 54 490.6 295.3
23 55 508.5 306.7
23 56 509.0 281.9
23 57 520.9 324.5
23 58 168.4 390.5
23 59 167.8 373.8
24 2 213.4 242.5
24 3 524.5 280.7
24 6 563.3 232.4
24 7 538.9 201.3
24 8 538.5 227.8
24 9 544.4 249.1
24 13 496.3 332.1
24 14 122.5 312.4
24 15 115.7 327.8
24 16 622.1 133.8
24 20 161.8 316.0
24 21 354.2 443.0
24 22 158.8 295.8
24 23 356.8 428.8
24 26 397.9 180.9
24 27 401.9 195.2
24 28 562.8 71.3
24 29 597.0 34.4
24 30 502.9 382.3
24 33 234.7 228.5
24 34 468.4 213.1
24 35 409.2 161.1
24 36 409.2 136.0
24 37 321.4 204.0
24 38 282.8 253.6
24 39 271.4 275.1
24 40 531.8 32.6
24 41 566.5 35.8
24 43 403.1 421.2
24 44 455.7 436.8
24 45 441.5 411.9
24 46 186.6 168.5
24 47 358.9 373.2
24 48 255.7 419.2
24 49 322.7 385.1
24 50 350.4 404.8
24 51 320.0 403.8
24 52 625.8 244.0
24 53 602.3 228.6
24 54 490.6 295.3
24 55 508.5 306.7
24 56 509.0 281.9
24 57 520.9 324.5
24 58 168.4 390.5
24 59 167.8 373.8
25 2 213.0 246.1
25 3 524.5 280.7
25 6 567.0 241.8
25 7 547.6 201.2
25 8 547.4 226.3
25 9 547.6 251.5
25 13 496.3 332.1
25 14 111.0 313.6
25 15 107.3 329.2
25 16 637.7 134.7
25 20 152.8 313.4
25 21 339.8 441.8
25 22 150.3 292.7
25 23 351.2 428.4
25 26 372.8 178.2
25 27 380.0 198.5
25 28 552.6 66.5
25 29 594.4 26.1
25 30 486.9 382.8
25 33 234.5 236.3
25 34 480.5 213.6
25 35 421.7 160.0
25 36 420.5 136.2
25 37 339.1 211.7
25 38 308.3 252.2
25 39 290.0 276.7
25 40 529.5 30.7
25 41 570.6 41.7
25 42 554.4 1.0
25 43 403.8 421.1
25 44 457.0 436.7
25 45 442.1 407.1
25 46 167.3 172.6
25 47 358.0 373.5
25 48 248.1 414.4
25 49 322.7 385.1
25 50 350.4 404.8
25 51 320.0 403.8
25 52 624.9 238.2
25 53 607.5 214.7
25 54 490.6 295.3
25 55 508.5 306.7
25 56 509.0 281.9
25 57 520.9 324.5
25 58 168.4 390.5
25 59 167.8 373.8
