1 1 311.0 127.5
1 2 452.5 73.0
1 3 604.0 258.5
1 4 607.5 286.1
1 5 197.1 132.2
1 6 182.3 157.8
1 7 490.6 312.2
1 8 296.1 225.7
1 9 508.7 99.4
1 10 258.2 266.3
1 11 389.3 206.6
1 12 99.9 312.6
1 13 89.4 345.1
1 14 594.0 330.4
1 15 37.4 287.0
1 22 445.7 228.8
1 23 354.7 288.7
1 24 443.0 253.2
1 25 480.2 256.4
1 26 487.5 229.6
1 27 165.9 339.5
1 28 513.1 25.0
1 29 449.3 161.3
1 30 459.0 179.9
1 31 331.2 188.6
1 32 334.2 309.6
1 33 308.5 170.8
1 34 167.3 392.4
1 36 162.1 375.9
2 1 320.9 126.9
2 2 460.9 69.5
2 3 616.9 255.2
2 5 190.2 116.0
2 6 178.2 141.0
2 7 503.4 304.6
2 8 284.1 226.3
2 9 499.1 94.8
2 10 275.2 261.4
2 11 371.7 206.8
2 12 114.3 309.3
2 13 98.6 342.9
2 14 570.9 332.3
2 15 56.3 284.7
2 22 445.7 228.8
2 23 354.7 288.7
2 24 443.0 253.2
2 25 480.2 256.4
2 26 487.5 229.6
2 27 155.0 342.5
2 28 515.7 11.1
2 29 440.3 161.6
2 30 449.4 181.3
2 31 315.7 190.0
2 32 333.4 305.9
2 33 324.8 157.5
2 34 167.3 392.4
2 36 162.1 375.9
3 1 324.7 134.0
3 2 470.9 67.2
3 5 181.9 97.4
3 6 172.7 116.5
3 7 514.5 295.9
3 8 272.1 225.3
3 9 491.0 90.0
3 10 303.8 253.1
3 11 354.2 200.5
3 12 126.0 307.9
3 13 108.5 339.7
3 14 540.8 334.5
3 15 83.1 281.4
3 22 445.7 228.8
3 23 354.7 288.7
3 24 443.0 253.2
3 25 480.2 256.4
3 26 487.5 229.6
3 27 142.8 346.6
3 29 431.5 161.5
3 30 438.7 182.7
3 31 295.5 191.8
3 32 331.0 308.9
3 33 337.0 151.2
3 34 167.3 392.4
3 36 162.1 375.9
4 1 330.4 138.9
4 2 480.8 65.0
4 5 174.9 85.8
4 6 166.0 98.9
4 7 534.9 280.1
4 8 257.6 224.2
4 9 483.5 86.3
4 10 320.9 247.3
4 11 319.7 188.2
4 12 136.4 308.6
4 13 123.8 334.0
4 14 528.1 334.1
4 15 95.6 279.2
4 16 46.4 265.8
4 17 606.0 336.3
4 22 445.7 228.8
4 23 354.7 288.7
4 24 443.0 253.2
4 25 480.2 256.4
4 26 487.5 229.6
4 27 129.6 350.8
4 29 422.6 162.5
4 30 428.3 184.4
4 31 283.7 192.4
4 32 331.8 304.4
4 33 356.9 144.3
4 34 167.3 392.4
4 36 162.1 375.9
5 1 347.5 124.2
5 2 488.9 57.7
5 5 165.4 70.2
5 6 157.7 88.9
5 7 553.0 265.6
5 8 247.4 225.0
5 9 476.5 83.4
5 10 334.3 241.2
5 11 295.7 179.4
5 12 154.4 310.1
5 13 138.1 330.0
5 14 501.2 332.3
5 15 118.3 274.0
5 16 65.8 246.9
5 17 607.0 305.0
5 22 445.7 228.8
5 23 354.7 288.7
5 24 443.0 253.2
5 25 480.2 256.4
5 26 487.5 229.6
5 27 120.8 352.6
5 29 413.5 165.0
5 30 419.1 186.4
5 31 263.9 193.2
5 32 332.6 304.4
5 33 369.6 136.9
5 34 167.3 392.4
5 36 162.1 375.9
6 1 364.6 114.8
6 2 495.7 50.2
6 5 152.3 48.0
6 6 145.5 74.8
6 7 562.3 257.0
6 8 236.4 227.2
6 9 470.5 77.3
6 10 360.5 229.2
6 11 279.1 173.0
6 12 170.7 311.5
6 13 147.9 330.0
6 14 472.4 330.5
6 15 139.8 270.1
6 16 80.8 232.4
6 17 607.7 278.1
6 22 445.7 228.8
6 23 357.1 290.9
6 24 443.0 253.2
6 25 480.2 256.4
6 26 487.5 229.6
6 27 108.9 354.7
6 29 403.7 168.7
6 30 409.7 189.1
6 31 241.9 194.0
6 32 333.4 303.2
6 33 393.0 121.0
6 34 167.3 392.4
6 36 162.1 375.9
7 1 388.2 101.8
7 2 501.7 43.9
7 5 140.3 32.4
7 6 130.4 57.5
7 7 576.7 243.5
7 8 224.1 229.5
7 9 462.9 67.9
7 10 381.0 219.4
7 11 241.0 158.3
7 12 181.3 312.6
7 13 164.6 331.9
7 14 459.6 330.2
7 15 153.8 271.3
7 16 88.9 224.4
7 17 606.8 256.7
7 22 445.7 228.8
7 23 360.2 293.7
7 24 443.0 253.2
7 25 480.2 256.4
7 26 487.5 229.6
7 27 91.9 357.7
7 29 393.4 172.5
7 30 400.1 191.8
7 31 229.8 194.5
7 32 335.9 303.9
7 33 407.3 113.2
7 34 167.3 392.4
7 36 162.1 375.9
8 1 401.2 94.4
8 2 508.2 35.8
8 5 129.1 23.9
8 6 118.0 46.0
8 7 591.9 228.4
8 8 214.7 229.6
8 9 451.7 56.3
8 10 391.7 213.5
8 11 223.3 148.7
8 12 200.8 314.7
8 13 181.1 333.9
8 14 438.4 330.7
8 15 185.1 274.7
8 16 103.6 208.7
8 17 609.3 238.3
8 22 445.7 228.8
8 23 365.8 297.1
8 24 443.0 253.2
8 25 480.2 256.4
8 26 487.5 229.6
8 27 75.1 360.6
8 29 383.9 174.2
8 30 391.0 192.7
8 31 209.3 195.5
8 32 337.9 304.5
8 33 433.6 100.2
8 34 167.3 392.4
8 36 162.1 375.9
9 1 415.7 86.5
9 2 515.5 25.8
9 5 111.8 11.4
9 6 105.5 38.3
9 7 599.0 217.8
9 8 205.3 229.5
9 9 449.5 44.7
9 10 410.5 203.3
9 11 206.7 134.9
9 12 225.1 317.3
9 13 193.0 336.0
9 14 408.7 331.3
9 15 210.8 277.5
9 16 119.3 193.6
9 17 618.0 207.7
9 22 445.7 228.8
9 23 375.3 300.9
9 24 443.0 253.2
9 25 480.2 256.4
9 26 487.5 229.6
9 27 63.3 362.7
9 29 373.5 174.6
9 30 381.0 192.8
9 31 190.1 196.2
9 32 344.3 306.7
9 33 446.2 91.6
9 34 167.3 392.4
9 36 162.1 375.9
10 1 434.8 76.1
10 2 523.8 15.8
10 5 98.4 2.7
10 6 83.7 25.5
10 7 608.6 202.6
10 8 195.7 229.3
10 9 453.6 32.0
10 10 433.9 190.3
10 11 187.7 118.2
10 12 238.6 319.3
10 13 217.4 340.3
10 14 394.1 331.1
10 15 226.0 279.0
10 16 130.4 188.2
10 17 620.5 180.6
10 22 445.7 228.8
10 23 386.2 305.2
10 24 443.0 253.2
10 25 480.2 256.4
10 26 487.5 229.6
10 29 360.9 175.1
10 30 369.3 192.6
10 31 178.1 196.3
10 32 349.9 308.7
10 33 462.8 79.2
10 34 167.3 392.4
10 36 162.1 375.9
11 1 446.1 67.1
11 2 531.4 5.0
11 6 66.3 14.5
11 7 615.8 192.7
11 8 186.6 228.6
11 9 458.5 16.7
11 10 447.5 181.0
11 11 178.9 106.1
11 12 252.1 322.4
11 13 237.6 344.0
11 14 373.3 330.3
11 15 261.7 282.5
11 16 158.2 179.2
11 17 619.1 162.8
11 22 445.7 228.8
11 23 394.0 308.9
11 24 443.0 253.2
11 25 480.2 256.4
11 26 487.5 229.6
11 29 349.6 175.7
11 30 358.3 193.0
11 31 157.7 195.8
11 32 355.9 310.8
11 33 472.9 68.9
11 34 167.3 392.4
11 36 162.1 375.9
12 1 455.6 56.3
12 6 54.8 5.5
12 7 628.6 179.9
12 8 177.8 229.3
12 9 463.3 2.0
12 10 458.0 171.1
12 11 163.5 82.2
12 12 272.5 327.0
12 13 248.5 346.5
12 14 343.1 328.8
12 15 279.6 283.6
12 16 191.3 169.2
12 17 612.4 133.6
12 22 445.7 228.8
12 23 403.8 314.3
12 24 443.0 253.2
12 25 480.2 256.4
12 26 487.5 229.6
12 29 340.2 176.4
12 30 349.0 194.1
12 31 141.1 196.7
12 32 367.0 313.9
12 33 486.7 52.4
12 34 167.3 392.4
12 36 162.1 375.9
13 1 468.3 41.2
13 7 637.7 168.6
13 8 169.4 231.8
13 10 477.3 153.2
13 11 148.5 60.8
13 12 284.0 329.4
13 13 269.2 351.6
13 14 330.7 324.8
13 15 303.5 283.0
13 16 206.2 166.9
13 17 609.7 117.0
13 22 445.7 228.8
13 23 414.3 319.6
13 24 443.0 253.2
13 25 480.2 256.4
13 26 487.5 229.6
13 29 330.6 177.1
13 30 338.4 195.5
13 31 131.8 199.6
13 32 382.4 318.6
13 33 498.4 39.0
13 34 167.3 392.4
13 36 162.1 375.9
14 1 483.3 23.4
14 8 165.4 228.8
14 10 496.1 135.2
14 11 137.3 49.7
14 12 299.8 332.2
14 13 290.8 356.8
14 14 310.0 314.0
14 15 337.1 282.4
14 16 237.6 163.9
14 17 607.3 91.2
14 22 445.7 228.8
14 23 423.2 322.4
14 24 443.0 253.2
14 25 480.2 256.4
14 26 487.5 229.6
14 29 320.7 177.8
14 30 327.3 196.9
14 31 120.2 203.7
14 32 391.6 326.0
14 33 509.1 28.7
14 34 167.3 392.4
14 36 162.1 375.9
15 1 496.4 10.2
15 8 173.7 230.8
15 10 506.0 124.3
15 11 115.9 29.3
15 12 311.7 334.4
15 13 301.9 358.9
15 14 297.6 308.7
15 15 351.8 283.0
15 16 266.8 161.4
15 17 604.4 60.3
15 22 445.7 228.8
15 23 441.3 327.4
15 24 443.0 253.2
15 25 480.2 256.4
15 26 487.5 229.6
15 29 311.3 178.5
15 30 317.8 198.2
15 31 108.9 207.5
15 32 407.3 339.5
15 33 523.1 15.6
15 34 167.3 392.4
15 36 162.1 375.9
16 1 507.2 2.3
16 8 171.5 227.3
16 10 517.0 112.1
16 11 93.6 8.8
16 12 330.1 338.6
16 13 323.0 362.3
16 14 272.1 299.2
16 15 385.6 289.5
16 16 290.8 161.7
16 17 602.8 45.0
16 22 445.7 228.8
16 23 454.8 331.1
16 24 443.0 253.2
16 25 480.2 256.4
16 26 487.5 229.6
16 29 301.7 179.1
16 30 307.5 199.6
16 31 100.0 210.3
16 32 417.4 345.1
16 33 531.4 3.1
16 34 167.3 392.4
16 36 162.1 375.9
17 8 165.7 213.9
17 10 532.9 95.2
17 12 353.7 343.8
17 13 354.7 367.4
17 14 251.8 292.2
17 15 408.8 289.2
17 16 312.9 160.6
17 17 600.1 18.4
17 22 445.7 228.8
17 23 464.3 334.1
17 24 443.0 253.2
17 25 480.2 256.4
17 26 487.5 229.6
17 29 290.2 179.8
17 30 295.3 201.1
17 31 89.3 213.8
17 32 437.7 354.6
17 34 167.3 392.4
17 36 162.1 375.9
18 8 165.3 206.0
18 10 542.6 80.7
18 12 365.4 344.5
18 13 372.1 369.1
18 14 237.5 288.7
18 15 431.4 293.7
18 16 344.2 159.9
18 18 51.9 311.6
18 22 445.7 228.8
18 23 478.1 338.8
18 24 443.0 253.2
18 25 480.2 256.4
18 26 487.5 229.6
18 29 278.5 180.5
18 30 284.4 202.7
18 31 77.2 217.8
18 32 448.1 359.9
18 34 167.3 392.4
18 36 162.1 375.9
19 8 165.0 201.3
19 10 546.6 67.8
19 12 387.2 344.5
19 13 386.2 368.0
19 14 210.1 282.1
19 15 456.9 296.1
19 16 365.1 165.9
19 18 61.4 309.7
19 22 445.7 228.8
19 23 489.7 341.6
19 24 443.0 253.2
19 25 483.7 255.5
19 26 487.5 229.6
19 29 268.8 181.5
19 30 275.2 204.3
19 31 67.4 219.9
19 32 466.0 369.1
19 34 167.3 392.4
19 36 162.1 375.9
20 8 164.7 196.1
20 10 553.0 49.3
20 12 412.0 344.2
20 13 414.5 365.8
20 14 192.3 278.0
20 15 482.5 290.9
20 16 392.8 160.5
20 18 73.0 307.3
20 19 66.7 342.3
20 22 445.7 228.8
20 23 498.9 341.9
20 24 443.0 253.2
20 25 483.7 255.5
20 26 487.5 229.6
20 29 259.5 182.7
20 30 265.4 206.6
20 31 56.7 221.4
20 32 476.9 375.9
20 34 167.3 392.4
20 35 622.0 221.3
20 36 162.1 375.9
21 8 167.7 194.9
21 10 554.8 34.3
21 12 423.5 343.2
21 13 434.8 364.3
21 14 178.9 275.1
21 15 507.1 288.0
21 16 423.0 159.8
21 18 84.2 305.2
21 19 74.3 341.3
21 20 590.3 404.3
21 22 445.7 228.8
21 23 514.4 342.2
21 24 443.0 253.2
21 25 480.8 258.0
21 26 487.5 229.6
21 29 249.7 184.0
21 30 255.0 209.2
21 31 42.0 223.4
21 32 490.4 389.3
21 34 167.3 392.4
21 35 615.0 231.7
21 36 162.1 375.9
22 8 166.7 188.4
22 10 551.7 22.6
22 12 442.3 340.2
22 13 446.3 363.4
22 14 155.7 270.0
22 15 531.1 288.2
22 16 448.1 155.4
22 18 93.3 303.6
22 19 82.1 340.4
22 20 583.7 393.0
22 22 445.7 228.8
22 23 529.8 342.3
22 24 443.0 253.2
22 25 480.8 258.0
22 26 487.5 229.6
22 29 240.1 185.2
22 30 245.5 209.8
22 31 28.1 225.3
22 32 501.4 397.0
22 34 167.3 392.4
22 35 611.6 247.6
22 36 162.1 375.9
23 8 164.6 179.9
23 10 547.7 8.4
23 12 468.9 336.1
23 13 469.6 361.3
23 14 141.0 267.7
23 15 555.5 275.6
23 16 466.4 155.0
23 18 101.7 302.4
23 19 89.8 339.3
23 20 577.1 382.9
23 22 445.7 228.8
23 23 538.8 341.9
23 24 443.0 253.2
23 25 480.8 258.0
23 26 487.5 229.6
23 29 231.2 186.2
23 30 236.8 209.7
23 32 522.8 402.8
23 34 167.3 392.4
23 35 609.4 259.0
23 36 162.1 375.9
24 8 169.2 177.6
24 12 484.8 335.5
24 13 491.5 359.8
24 14 130.6 267.0
24 15 575.2 274.8
24 16 493.3 152.5
24 18 111.3 300.9
24 19 97.4 338.0
24 20 569.2 373.9
24 22 445.7 228.8
24 23 547.3 340.6
24 24 443.0 253.2
24 25 480.8 258.0
24 26 487.5 229.6
24 29 225.0 186.0
24 30 228.7 211.7
24 32 534.8 406.8
24 34 167.3 392.4
24 35 613.4 265.3
24 36 162.1 375.9
25 8 167.4 175.0
25 12 495.5 338.2
25 13 502.2 360.4
25 14 116.7 265.5
25 15 599.4 258.9
25 16 515.8 143.1
25 18 121.8 299.2
25 19 105.2 336.5
25 20 558.4 362.0
25 21 588.3 356.1
25 22 445.7 228.8
25 23 554.9 341.0
25 24 443.0 253.2
25 25 480.8 258.0
25 26 487.5 229.6
25 29 220.9 185.3
25 30 222.5 213.5
25 32 548.6 412.9
25 34 167.3 392.4
25 35 611.9 282.4
25 36 162.1 375.9
