1 1 213.2 247.8
1 2 524.5 280.7
1 3 572.5 256.1
1 4 558.3 201.1
1 5 562.2 222.0
1 6 552.7 250.6
1 7 493.4 330.8
1 8 102.0 313.8
1 9 97.4 330.8
1 10 140.5 309.0
1 11 329.6 439.4
1 12 141.7 290.5
1 13 345.8 430.1
1 14 345.5 175.0
1 15 361.4 197.0
1 16 542.8 62.9
1 17 588.8 19.3
1 18 477.1 379.5
1 27 229.2 235.5
1 28 502.9 218.0
1 29 433.1 159.7
1 30 434.4 137.0
1 31 354.1 215.8
1 32 324.1 251.2
1 33 319.3 279.1
1 34 530.4 39.6
1 35 572.3 50.5
1 36 551.2 7.7
1 37 536.1 3.0
1 40 404.0 418.2
1 41 457.5 433.4
1 42 444.5 399.0
1 52 153.0 176.1
1 55 355.7 371.5
1 56 239.3 414.6
1 57 322.7 385.1
1 58 350.4 404.8
1 59 320.0 403.8
1 60 627.2 233.1
1 61 615.9 211.9
1 62 490.6 295.3
1 63 508.5 306.7
1 64 509.0 281.9
1 65 520.9 324.5
1 66 168.4 390.5
1 67 167.8 373.8
2 1 212.4 248.7
2 2 524.5 280.7
2 3 577.1 263.9
2 4 570.7 200.8
2 5 575.4 220.2
2 6 559.3 247.2
2 7 493.4 330.8
2 8 91.2 313.7
2 9 83.1 333.1
2 10 127.0 304.6
2 11 313.6 435.7
2 12 133.0 289.7
2 13 339.0 429.3
2 14 331.6 172.4
2 15 327.0 194.3
2 16 531.6 60.0
2 17 587.4 16.3
2 18 464.3 375.9
2 27 232.4 232.0
2 28 517.0 221.1
2 29 447.9 160.2
2 30 451.3 137.9
2 31 382.4 223.5
2 32 336.2 250.2
2 33 334.4 279.0
2 34 527.2 40.9
2 35 572.5 64.6
2 36 549.6 8.0
2 37 534.2 10.3
2 40 410.8 408.7
2 41 454.3 425.1
2 42 441.5 393.4
2 52 143.2 179.2
2 53 414.7 66.8
2 55 350.4 372.9
2 56 226.6 415.3
2 57 322.7 385.1
2 58 350.4 404.8
2 59 320.0 403.8
2 60 632.4 223.6
2 61 618.8 207.4
2 62 490.6 295.3
2 63 508.5 306.7
2 64 509.0 281.9
2 65 520.9 324.5
2 66 168.4 390.5
2 67 167.8 373.8
3 1 213.8 245.3
3 2 524.5 280.7
3 3 582.9 270.3
3 4 579.1 203.9
3 5 582.0 224.0
3 6 564.4 250.3
3 7 493.4 330.8
3 8 79.7 313.7
3 9 68.1 335.6
3 10 117.1 303.7
3 11 304.5 432.6
3 12 122.4 288.8
3 13 329.6 428.6
3 14 302.1 166.4
3 15 306.2 192.0
3 16 521.6 58.0
3 17 586.1 14.8
3 18 459.0 379.0
3 27 235.1 232.8
3 28 536.3 223.3
3 29 469.3 160.9
3 30 462.9 138.2
3 31 400.2 227.9
3 32 358.6 248.4
3 33 350.2 276.4
3 34 530.1 44.7
3 35 572.7 81.3
3 36 548.6 11.3
3 37 534.0 8.9
3 40 413.0 401.8
3 41 450.6 420.0
3 42 435.2 382.1
3 52 130.7 183.6
3 53 413.7 72.2
3 55 350.4 372.2
3 56 217.6 415.5
3 57 322.7 385.1
3 58 350.4 404.8
3 59 320.0 403.8
3 60 637.6 220.1
3 61 632.4 201.8
3 62 490.6 295.3
3 63 508.5 306.7
3 64 509.0 281.9
3 65 520.9 324.5
3 66 168.4 390.5
3 67 167.8 373.8
4 1 212.8 244.4
4 2 524.5 280.7
4 3 588.5 277.1
4 4 587.4 212.5
4 5 591.0 233.1
4 6 567.7 245.6
4 7 493.4 330.8
4 8 70.6 313.9
4 9 57.4 337.4
4 10 107.4 305.0
4 11 287.6 426.4
4 12 110.6 287.7
4 13 319.7 427.6
4 14 277.7 161.1
4 15 287.9 188.5
4 16 513.1 54.5
4 17 578.5 11.6
4 18 457.3 380.1
4 27 239.6 235.3
4 28 553.3 223.7
4 29 482.8 162.4
4 30 477.4 137.6
4 31 416.2 231.0
4 32 382.0 246.5
4 33 376.8 272.2
4 34 529.4 45.8
4 35 572.5 93.9
4 36 547.8 21.2
4 37 534.3 6.8
4 40 406.1 393.5
4 41 447.1 414.4
4 42 430.3 374.1
4 52 119.9 186.4
4 53 410.5 80.9
4 54 410.3 70.8
4 55 348.2 369.7
4 56 203.0 414.9
4 57 322.7 385.1
4 58 350.4 404.8
4 59 320.0 403.8
4 62 490.6 295.3
4 63 508.5 306.7
4 64 509.0 281.9
4 65 520.9 324.5
4 66 168.4 390.5
4 67 167.8 373.8
5 1 215.6 246.1
5 2 524.5 280.7
5 3 590.1 284.6
5 4 593.7 222.0
5 5 601.0 240.4
5 6 571.7 249.5
5 7 493.4 330.8
5 8 57.9 314.2
5 10 94.6 306.9
5 11 275.2 420.6
5 12 100.4 287.2
5 13 312.5 425.4
5 14 262.6 157.1
5 15 250.9 181.3
5 16 506.0 48.1
5 17 572.5 8.3
5 18 454.8 384.5
5 27 247.5 236.8
5 28 564.7 226.1
5 29 495.1 165.5
5 30 496.7 136.9
5 31 445.8 236.8
5 32 394.9 245.1
5 33 395.3 269.3
5 34 529.5 48.4
5 35 572.3 113.5
5 36 546.6 29.9
5 37 533.5 13.2
5 40 400.1 385.6
5 41 440.4 402.7
5 42 422.6 362.6
5 52 110.2 187.5
5 53 404.5 95.4
5 54 408.6 76.0
5 55 346.0 364.5
5 56 193.4 416.6
5 57 322.7 385.1
5 58 350.4 404.8
5 59 320.0 403.8
5 62 490.6 295.3
5 63 508.5 306.7
5 64 509.0 281.9
5 65 520.9 324.5
5 66 168.4 390.5
5 67 167.8 373.8
6 1 214.2 242.6
6 2 524.5 280.7
6 3 591.9 294.3
6 4 601.0 223.9
6 5 603.5 243.7
6 6 574.8 256.8
6 7 493.4 330.8
6 8 46.9 314.5
6 10 83.7 307.7
6 11 267.4 414.7
6 12 90.8 287.2
6 13 302.5 421.3
6 14 232.1 149.3
6 15 230.1 176.6
6 16 499.9 40.2
6 17 562.6 7.5
6 18 455.8 385.0
6 27 252.1 240.1
6 28 569.6 234.4
6 29 510.7 169.3
6 30 508.2 138.9
6 31 461.5 239.6
6 32 408.6 243.3
6 33 406.6 267.6
6 34 531.5 56.9
6 35 571.7 129.8
6 36 544.9 34.3
6 37 531.9 24.2
6 38 77.4 364.6
6 40 394.6 369.8
6 41 434.4 394.8
6 42 412.3 356.1
6 47 602.8 5.0
6 52 99.0 188.6
6 53 397.8 112.0
6 54 408.9 75.1
6 55 346.2 356.9
6 56 184.2 420.5
6 57 322.7 385.1
6 58 350.4 404.8
6 59 320.0 403.8
6 62 490.6 295.3
6 63 508.5 306.7
6 64 509.0 281.9
6 65 520.9 324.5
6 66 168.4 390.5
6 67 167.8 373.8
7 1 221.4 243.1
7 2 524.5 280.7
7 3 592.9 304.3
7 4 598.2 231.2
7 5 606.0 243.6
7 6 578.8 264.5
7 7 495.7 335.6
7 10 73.0 307.1
7 11 255.0 406.0
7 12 75.4 287.4
7 13 288.8 415.8
7 14 217.1 141.8
7 15 209.8 171.6
7 16 494.8 32.2
7 17 545.6 9.5
7 18 453.2 387.0
7 27 257.9 235.8
7 28 560.2 243.9
7 29 520.4 171.0
7 30 519.1 143.2
7 31 480.9 241.7
7 32 430.9 240.4
7 33 426.2 264.8
7 34 534.7 67.0
7 35 571.1 146.2
7 36 544.8 40.1
7 37 530.3 32.3
7 38 86.9 362.7
7 40 389.6 358.2
7 41 425.4 387.0
7 42 401.0 344.9
7 47 601.6 21.2
7 48 618.3 36.4
7 52 89.5 190.3
7 53 394.5 123.7
7 54 406.6 82.1
7 55 346.8 353.1
7 56 174.7 425.4
7 57 322.7 385.1
7 58 350.4 404.8
7 59 320.0 403.8
7 62 490.6 295.3
7 63 508.5 306.7
7 64 509.0 281.9
7 65 520.9 324.5
7 66 168.4 390.5
7 67 167.8 373.8
8 1 229.0 243.6
8 2 524.5 280.7
8 3 590.8 312.6
8 4 599.8 228.0
8 5 612.1 243.1
8 6 579.0 272.4
8 7 495.7 335.6
8 10 55.7 305.9
8 11 247.8 398.4
8 12 56.4 287.6
8 13 279.5 411.3
8 14 202.6 129.8
8 15 188.8 163.8
8 16 491.2 27.7
8 17 535.2 4.5
8 18 446.1 391.6
8 19 605.4 270.8
8 27 264.1 236.0
8 28 556.7 259.9
8 29 529.8 172.6
8 30 531.1 147.6
8 31 509.2 245.1
8 32 452.4 237.6
8 33 442.4 262.5
8 34 538.4 76.8
8 35 570.8 173.5
8 36 547.2 49.4
8 37 529.8 42.0
8 38 99.5 360.1
8 40 383.1 349.4
8 41 412.6 375.8
8 42 388.8 330.6
8 47 597.7 33.1
8 48 615.1 43.7
8 52 76.5 193.1
8 53 389.5 137.8
8 54 405.2 88.9
8 55 345.3 351.9
8 56 171.3 429.8
8 57 322.7 385.1
8 58 350.4 404.8
8 59 320.0 403.8
8 62 490.6 295.3
8 63 508.5 306.7
8 64 509.0 281.9
8 65 520.9 324.5
8 66 168.4 390.5
8 67 167.8 373.8
9 1 232.9 243.3
9 2 524.5 280.7
9 3 585.1 324.7
9 4 598.6 226.7
9 5 619.7 245.0
9 6 575.6 284.2
9 7 495.7 335.6
9 11 245.4 389.8
9 12 42.9 287.7
9 13 271.4 406.6
9 14 187.8 115.9
9 15 178.4 146.6
9 16 487.8 19.0
9 18 438.2 396.7
9 19 598.4 270.6
9 27 271.7 237.1
9 28 556.8 284.5
9 29 538.4 174.1
9 30 540.5 149.1
9 31 520.5 250.0
9 32 465.3 236.0
9 33 454.4 261.0
9 34 538.9 94.8
9 35 565.3 187.0
9 36 550.6 59.2
9 37 530.0 53.6
9 38 112.3 357.6
9 40 370.3 343.0
9 41 406.7 368.8
9 42 376.8 321.7
9 47 594.4 42.7
9 48 612.8 49.0
9 52 59.4 196.8
9 53 388.4 149.8
9 54 406.7 90.2
9 55 346.7 349.9
9 56 169.4 432.5
9 57 322.0 382.6
9 58 350.4 404.8
9 59 320.0 403.8
9 62 490.6 295.3
9 63 508.5 306.7
9 64 509.0 281.9
9 65 520.9 324.5
9 66 168.4 390.5
9 67 167.8 373.8
10 1 237.5 243.7
10 2 524.5 280.7
10 3 582.1 335.4
10 4 600.4 228.8
10 5 625.8 245.9
10 6 571.4 299.2
10 7 495.7 335.6
10 11 241.9 374.5
10 13 258.7 399.5
10 14 180.4 100.9
10 15 164.1 122.9
10 16 484.4 8.3
10 18 429.5 400.6
10 19 591.8 269.5
10 27 274.9 232.6
10 28 552.3 289.2
10 29 545.7 175.4
10 30 550.6 150.0
10 31 535.6 262.0
10 32 476.9 234.8
10 33 477.7 258.4
10 34 540.6 101.3
10 35 548.3 196.6
10 36 554.0 68.8
10 37 530.1 65.3
10 38 121.9 355.8
10 40 360.7 324.3
10 41 399.2 356.9
10 42 362.6 306.5
10 47 591.1 51.9
10 48 608.2 58.8
10 52 48.9 200.0
10 53 390.0 157.1
10 54 405.1 94.4
10 55 351.7 346.6
10 56 168.8 433.4
10 57 322.0 382.6
10 58 350.4 404.8
10 59 320.0 403.8
10 62 490.6 295.3
10 63 508.5 306.7
10 64 509.0 281.9
10 65 520.9 324.5
10 66 168.4 390.5
10 67 167.8 373.8
11 1 245.0 245.7
11 2 527.0 280.6
11 3 586.2 340.0
11 4 606.1 235.0
11 6 573.4 307.0
11 7 496.3 332.1
11 11 237.5 364.7
11 13 250.3 393.3
11 14 167.8 73.6
11 15 156.2 109.8
11 18 416.4 406.4
11 19 584.9 265.8
11 20 600.1 282.3
11 27 277.9 238.7
11 28 550.4 307.7
11 29 552.1 176.6
11 30 560.9 151.1
11 31 545.9 270.6
11 32 490.7 233.3
11 33 496.4 255.8
11 34 538.7 111.9
11 35 534.5 201.9
11 36 555.4 79.2
11 37 530.8 76.4
11 38 131.2 353.6
11 40 342.7 318.3
11 41 390.1 343.6
11 42 342.6 296.0
11 47 587.1 62.6
11 48 603.8 67.8
11 52 38.0 203.8
11 53 389.9 161.2
11 54 399.2 102.9
11 55 352.1 345.9
11 56 161.3 435.3
11 57 322.0 382.6
11 58 350.4 404.8
11 59 320.0 403.8
11 62 490.6 295.3
11 63 508.5 306.7
11 64 509.0 281.9
11 65 520.9 324.5
11 66 168.4 390.5
11 67 167.8 373.8
12 1 249.4 248.0
12 2 526.8 281.4
12 3 590.7 343.4
12 4 615.9 245.9
12 6 578.7 314.2
12 7 498.2 330.0
12 11 231.6 358.7
12 13 243.7 385.5
12 14 158.4 61.1
12 15 143.3 86.5
12 18 407.3 409.5
12 19 577.4 262.3
12 20 592.2 279.2
12 27 279.5 237.8
12 28 549.8 326.5
12 29 560.1 178.2
12 30 569.7 153.3
12 31 557.7 282.4
12 32 501.5 231.9
12 33 507.7 252.9
12 34 535.3 120.3
12 35 511.9 205.7
12 36 556.4 89.7
12 37 532.1 87.8
12 38 146.2 349.2
12 40 322.9 312.1
12 41 381.9 337.2
12 42 331.3 291.1
12 47 585.2 70.6
12 48 599.9 75.8
12 52 25.1 208.4
12 53 395.5 165.7
12 54 392.0 111.2
12 55 356.9 343.9
12 56 162.5 437.6
12 57 322.0 382.6
12 58 350.4 404.8
12 59 320.0 403.8
12 62 490.6 295.3
12 63 508.5 306.7
12 64 509.0 281.9
12 65 520.9 324.5
12 66 168.4 390.5
12 67 167.8 373.8
13 1 258.6 247.6
13 2 525.2 281.5
13 3 594.9 346.4
13 4 619.8 259.5
13 6 584.6 321.6
13 7 498.2 330.0
13 11 225.2 351.9
13 13 232.0 371.3
13 14 143.8 43.4
13 15 131.0 69.5
13 18 391.2 414.9
13 19 568.7 262.3
13 20 584.3 275.7
13 27 282.1 236.0
13 28 546.5 337.8
13 29 569.9 180.4
13 30 579.5 156.5
13 31 568.3 290.7
13 32 520.2 229.9
13 33 526.5 247.8
13 34 534.2 137.7
13 35 494.6 210.2
13 36 558.0 100.0
13 37 533.7 101.2
13 38 159.1 347.5
13 40 310.3 309.9
13 41 362.0 323.1
13 42 313.2 283.5
13 47 583.3 77.0
13 48 595.7 86.0
13 53 399.6 168.5
13 54 387.0 120.3
13 55 363.2 349.3
13 56 162.1 439.3
13 57 322.0 382.6
13 58 350.4 404.8
13 59 320.0 403.8
13 62 490.6 295.3
13 63 508.5 306.7
13 64 509.0 281.9
13 65 520.9 324.5
13 66 168.4 390.5
13 67 167.8 373.8
14 1 258.6 247.6
14 2 524.5 280.7
14 3 599.6 349.9
14 4 624.2 276.0
14 6 591.1 326.9
14 7 498.2 330.0
14 11 220.6 345.7
14 13 221.9 360.2
14 14 129.9 29.3
14 15 116.9 60.5
14 18 378.5 418.3
14 19 559.3 262.4
14 20 577.8 272.0
14 22 590.8 382.2
14 27 281.4 241.1
14 28 545.3 350.0
14 29 581.1 182.9
14 30 590.7 160.2
14 31 592.7 301.0
14 32 540.7 227.2
14 33 540.6 244.4
14 34 529.7 147.7
14 35 478.9 218.4
14 36 557.0 110.5
14 37 535.1 113.1
14 38 168.9 351.0
14 40 288.7 306.5
14 41 346.2 313.9
14 42 303.1 282.2
14 43 14.3 200.3
14 47 576.9 85.5
14 48 592.7 97.1
14 53 399.7 168.8
14 54 384.5 130.0
14 55 365.5 349.2
14 56 161.5 439.9
14 57 322.0 382.6
14 58 350.4 404.8
14 59 320.0 403.8
14 62 485.6 291.6
14 63 508.5 306.7
14 64 509.0 281.9
14 65 520.9 324.5
14 66 168.4 390.5
14 67 167.8 373.8
15 1 263.3 248.2
15 2 524.5 280.7
15 6 600.1 333.9
15 7 494.0 332.2
15 11 216.9 338.9
15 13 214.9 354.5
15 14 113.4 18.9
15 15 87.7 42.7
15 18 365.9 419.6
15 19 551.7 260.7
15 20 571.1 268.8
15 21 638.8 91.8
15 22 577.8 379.6
15 27 277.0 238.7
15 28 548.5 358.6
15 29 590.5 184.6
15 30 600.1 162.8
15 32 552.2 224.0
15 33 551.2 243.2
15 34 526.7 154.7
15 35 454.9 230.7
15 36 553.8 121.9
15 37 535.5 122.1
15 38 184.2 357.9
15 40 277.8 305.2
15 41 330.5 310.7
15 42 301.7 290.8
15 43 21.8 200.4
15 45 64.0 339.1
15 46 65.4 360.2
15 47 571.2 93.1
15 48 589.5 107.4
15 53 401.3 169.9
15 54 382.4 138.3
15 55 371.1 343.6
15 56 159.7 437.6
15 57 322.0 382.6
15 58 350.4 404.8
15 59 320.0 403.8
15 62 485.6 291.6
15 63 508.5 306.7
15 64 509.0 281.9
15 65 520.9 324.5
15 66 168.4 390.5
15 67 167.8 373.8
16 1 262.8 246.6
16 2 527.8 280.6
16 7 494.0 332.2
16 11 212.2 332.7
16 13 205.2 346.4
16 14 86.7 2.5
16 15 68.2 32.6
16 18 344.8 421.8
16 19 544.5 259.1
16 20 564.5 265.3
16 21 616.5 83.3
16 22 571.1 380.2
16 27 278.4 232.7
16 28 551.3 365.7
16 29 600.1 185.8
16 30 610.9 165.3
16 32 559.4 221.8
16 33 566.1 242.1
16 34 525.4 167.3
16 35 442.8 237.3
16 36 549.7 135.4
16 37 533.5 128.4
16 38 194.0 359.8
16 40 263.6 304.3
16 41 307.8 306.3
16 42 290.8 284.0
16 43 28.6 200.8
16 45 79.9 336.2
16 46 76.7 358.1
16 47 565.9 99.9
16 48 582.2 115.1
16 53 407.4 173.1
16 54 380.2 147.1
16 55 379.9 337.9
16 56 161.6 440.4
16 57 322.0 382.6
16 58 350.4 404.8
16 59 320.0 403.8
16 62 485.6 291.6
16 63 508.5 306.7
16 64 509.0 281.9
16 65 520.9 324.5
16 66 168.4 390.5
16 67 167.8 373.8
17 1 262.9 247.5
17 2 524.5 280.7
17 7 494.0 332.2
17 11 204.0 327.4
17 13 194.6 338.2
17 15 48.2 26.4
17 18 333.8 422.6
17 19 537.3 256.9
17 20 559.6 259.6
17 21 607.0 76.3
17 22 565.0 380.7
17 27 281.1 234.3
17 28 553.2 366.9
17 29 611.7 187.0
17 30 624.8 168.7
17 32 565.4 220.0
17 33 577.9 239.3
17 34 521.9 172.1
17 35 424.6 247.6
17 36 547.0 147.3
17 37 531.2 134.8
17 38 209.0 361.9
17 40 253.4 301.4
17 41 295.4 305.1
17 42 278.1 283.0
17 43 37.4 202.7
17 45 92.9 334.1
17 46 91.3 355.4
17 47 558.4 107.4
17 48 576.3 120.2
17 53 414.5 176.1
17 54 378.5 155.1
17 55 381.4 337.8
17 56 161.1 441.6
17 57 322.0 382.6
17 58 350.4 404.8
17 59 320.0 403.8
17 62 485.6 291.6
17 63 508.5 306.7
17 64 509.0 281.9
17 65 520.3 327.3
17 66 168.4 390.5
17 67 167.8 373.8
18 1 262.0 247.5
18 2 524.5 280.7
18 7 494.0 332.2
18 11 188.4 317.8
18 13 186.3 333.9
18 15 17.0 16.6
18 18 316.7 424.1
18 19 526.7 252.7
18 20 552.0 247.4
18 21 592.9 66.1
18 22 557.7 382.4
18 27 279.5 236.1
18 28 560.2 368.7
18 29 621.0 189.1
18 32 572.7 215.2
18 33 586.1 235.1
18 34 519.7 175.8
18 35 405.4 258.4
18 36 545.7 156.7
18 37 530.8 143.6
18 38 221.2 363.1
18 40 239.5 293.5
18 41 272.8 302.9
18 42 268.9 284.3
18 43 44.5 205.2
18 45 100.6 333.2
18 46 101.2 353.9
18 47 552.0 114.4
18 48 572.0 124.0
18 49 639.3 54.3
18 53 413.5 177.3
18 54 379.8 156.6
18 55 390.2 332.2
18 56 141.1 447.2
18 57 322.0 382.6
18 58 350.4 404.8
18 59 320.0 403.8
18 62 485.6 291.6
18 63 508.5 306.7
18 64 509.0 281.9
18 65 520.3 327.3
18 66 168.4 390.5
18 67 167.8 373.8
19 1 261.4 250.0
19 2 525.2 281.5
19 7 494.0 332.2
19 11 176.2 310.3
19 13 173.9 327.8
19 15 0.2 11.2
19 18 301.1 424.4
19 19 508.8 245.4
19 20 542.1 232.7
19 21 585.7 56.5
19 22 550.4 385.7
19 27 283.0 238.6
19 28 578.3 366.0
19 29 635.0 194.1
19 32 583.0 208.2
19 33 593.5 231.9
19 34 521.5 183.3
19 35 394.7 264.6
19 36 543.2 164.2
19 37 530.8 150.1
19 38 233.3 363.2
19 40 223.1 284.1
19 41 259.0 302.5
19 42 260.2 284.0
19 43 50.8 207.3
19 45 106.5 332.6
19 46 109.8 352.8
19 47 546.0 120.6
19 48 564.6 129.6
19 49 635.7 45.8
19 53 410.0 175.5
19 54 381.4 156.1
19 55 395.2 327.6
19 56 161.8 441.5
19 57 322.0 382.6
19 58 350.4 404.8
19 59 320.0 403.8
19 62 485.6 291.6
19 63 508.5 306.7
19 64 509.0 281.9
19 65 520.3 327.3
19 66 168.4 390.5
19 67 167.8 373.8
20 1 262.2 250.0
20 2 526.7 282.2
20 7 494.0 332.2
20 11 161.8 306.4
20 13 158.6 320.6
20 18 290.5 421.1
20 19 495.9 241.4
20 20 533.5 227.6
20 21 581.2 46.7
20 22 547.5 386.0
20 23 566.5 416.7
20 27 286.3 235.3
20 32 594.8 207.1
20 33 602.3 232.0
20 34 522.5 186.4
20 35 374.0 276.3
20 36 541.1 170.5
20 37 530.7 153.2
20 38 253.6 363.5
20 40 212.3 277.8
20 41 245.9 303.7
20 42 247.1 281.5
20 43 58.9 207.4
20 45 112.0 332.1
20 46 119.2 351.6
20 47 537.5 125.9
20 48 555.3 137.1
20 49 630.6 35.0
20 53 414.5 175.4
20 54 379.0 161.8
20 55 399.6 321.1
20 56 159.2 442.7
20 57 322.0 382.6
20 58 350.4 404.8
20 59 320.0 403.8
20 62 485.6 291.6
20 63 504.5 307.6
20 64 509.0 281.9
20 65 520.3 327.3
20 66 168.4 390.5
20 67 167.8 373.8
21 1 263.8 248.3
21 2 524.5 280.7
21 7 494.0 332.2
21 11 144.2 302.7
21 13 148.4 318.5
21 18 270.7 415.0
21 19 485.8 239.7
21 20 519.1 222.5
21 21 576.3 36.2
21 22 550.5 380.9
21 23 545.0 409.9
21 27 285.4 235.1
21 32 603.3 191.7
21 33 608.4 221.4
21 34 519.1 199.0
21 35 357.3 286.2
21 36 543.1 176.9
21 37 530.9 159.6
21 38 265.6 363.2
21 40 192.9 265.9
21 41 225.8 305.6
21 42 227.0 277.7
21 43 66.2 206.5
21 45 118.9 331.0
21 46 128.5 351.1
21 47 527.6 131.9
21 48 545.3 145.1
21 49 624.3 21.6
21 53 413.4 178.2
21 54 380.6 165.6
21 55 404.3 314.0
21 56 161.9 442.1
21 57 322.0 382.6
21 58 350.4 404.8
21 59 320.0 403.8
21 62 485.6 291.6
21 63 504.5 307.6
21 64 509.0 281.9
21 65 520.3 327.3
21 66 168.4 390.5
21 67 167.8 373.8
22 1 264.0 241.9
22 2 524.5 280.7
22 7 494.0 332.2
22 11 129.1 301.2
22 13 135.0 317.9
22 18 259.4 410.5
22 19 472.5 237.5
22 20 499.1 215.4
22 21 572.5 25.9
22 22 553.1 376.6
22 23 520.8 406.5
22 27 287.3 235.5
22 32 612.3 180.6
22 33 620.3 211.9
22 34 525.2 192.3
22 35 347.7 292.9
22 36 546.9 182.1
22 37 531.0 167.6
22 38 278.9 362.2
22 40 180.6 261.7
22 41 211.0 306.2
22 42 214.6 276.4
22 43 71.6 205.3
22 45 125.0 330.0
22 46 146.1 350.5
22 47 517.4 138.0
22 48 535.8 149.6
22 49 620.2 10.9
22 50 635.3 66.3
22 53 415.6 173.5
22 54 381.6 163.6
22 55 404.9 313.7
22 56 159.5 443.9
22 57 322.0 382.6
22 58 350.4 404.8
22 59 320.0 403.8
22 62 485.6 291.6
22 63 504.5 307.6
22 64 509.0 281.9
22 65 520.3 327.3
22 66 168.4 390.5
22 67 167.8 373.8
23 1 265.5 242.3
23 2 524.5 280.7
23 7 494.0 332.2
23 11 116.2 301.2
23 13 116.3 317.0
23 18 245.7 403.7
23 19 462.6 236.9
23 20 485.6 213.0
23 21 569.4 19.1
23 22 551.4 381.0
23 23 509.9 403.1
23 24 629.4 114.9
23 25 594.3 328.9
23 27 291.9 236.3
23 32 624.0 166.3
23 33 631.6 201.7
23 34 518.3 203.5
23 35 329.5 305.1
23 36 544.4 194.8
23 37 531.0 176.6
23 38 299.7 360.5
23 39 36.1 250.1
23 40 165.8 260.4
23 41 199.6 304.9
23 42 197.6 276.6
23 43 79.4 206.1
23 45 128.0 329.3
23 46 158.2 349.7
23 47 507.7 141.8
23 48 524.7 153.4
23 49 620.1 1.6
23 50 624.8 67.4
23 51 634.3 39.1
23 53 411.2 181.3
23 54 380.7 164.6
23 55 415.9 305.3
23 56 161.6 443.8
23 57 322.0 382.6
23 58 350.4 404.8
23 59 320.0 403.8
23 62 485.6 291.6
23 63 504.5 307.6
23 64 509.0 281.9
23 65 520.3 327.3
23 66 168.4 390.5
23 67 167.8 373.8
24 1 269.5 243.0
24 2 524.5 280.7
24 7 494.0 332.2
24 11 93.7 301.2
24 13 103.7 316.8
24 18 231.2 395.6
24 19 451.2 236.9
24 20 471.6 214.9
24 21 566.4 18.0
24 22 550.5 384.7
24 23 497.3 395.2
24 24 617.3 115.9
24 25 578.1 302.5
24 26 610.9 291.3
24 27 299.3 237.5
24 32 630.2 155.3
24 33 637.7 192.7
24 34 517.8 211.5
24 35 315.3 316.0
24 36 543.9 197.5
24 37 531.0 181.3
24 38 314.0 359.4
24 39 49.1 247.0
24 40 147.8 258.9
24 41 177.0 301.8
24 42 175.5 276.7
24 43 86.9 207.8
24 44 583.7 1.3
24 45 127.9 329.2
24 46 172.7 348.2
24 47 495.9 144.6
24 48 512.5 157.5
24 50 614.5 69.1
24 51 615.1 42.1
24 53 413.5 176.4
24 54 380.8 161.7
24 55 418.6 294.6
24 56 160.9 443.8
24 57 322.0 382.6
24 58 350.4 404.8
24 59 320.0 403.8
24 62 485.6 291.6
24 63 504.5 307.6
24 64 509.0 281.9
24 65 520.3 327.3
24 66 168.4 390.5
24 67 167.8 373.8
25 1 275.8 244.1
25 2 524.5 280.7
25 7 494.0 332.2
25 11 81.8 301.6
25 13 92.3 317.2
25 18 225.7 389.6
25 19 438.1 237.0
25 20 449.0 218.0
25 21 564.4 19.8
25 22 548.6 383.5
25 23 475.7 381.6
25 24 607.7 122.0
25 25 563.2 281.1
25 26 601.0 287.3
25 27 307.4 238.7
25 32 636.2 142.5
25 34 530.5 213.0
25 35 309.1 324.4
25 36 550.7 193.7
25 37 531.1 190.5
25 38 325.7 358.7
25 39 62.7 243.6
25 40 137.4 258.7
25 41 155.4 299.3
25 42 163.7 276.6
25 43 86.3 216.8
25 44 584.5 11.8
25 45 124.7 329.4
25 46 187.3 347.0
25 47 484.4 148.6
25 48 502.9 162.5
25 50 604.9 70.6
25 51 602.0 46.2
25 53 417.2 175.3
25 54 379.8 163.7
25 55 422.8 289.2
25 56 164.6 444.9
25 57 322.0 382.6
25 58 350.4 404.8
25 59 320.0 403.8
25 62 485.6 291.6
25 63 504.5 307.6
25 64 509.0 281.9
25 65 520.3 327.3
25 66 168.4 390.5
25 67 167.8 373.8
