1 1 396.0 152.6
1 2 66.0 333.3
1 3 86.1 302.8
1 4 44.1 258.9
1 5 38.7 241.3
1 6 278.8 242.5
1 7 281.0 261.9
1 8 341.9 301.5
1 9 319.4 331.4
1 10 355.2 331.1
1 11 549.8 334.1
1 12 582.7 235.9
1 13 600.7 247.8
1 21 251.3 441.9
1 22 270.9 443.0
1 23 528.3 211.2
1 24 563.1 209.6
1 25 542.6 190.3
1 26 475.7 298.6
1 27 498.6 304.8
1 28 311.3 441.3
1 29 199.2 336.1
1 30 364.2 165.0
1 31 308.1 151.1
1 32 131.4 269.5
1 33 585.2 123.7
1 34 290.0 139.8
1 35 260.3 140.0
1 36 269.3 100.3
1 37 291.2 115.9
1 39 501.7 209.2
1 40 479.3 204.9
1 43 161.1 62.0
1 44 610.2 190.7
1 45 632.0 190.1
1 51 56.3 295.5
1 52 357.8 129.2
1 53 378.7 147.0
1 54 164.3 392.5
1 55 162.1 375.9
2 1 398.1 147.6
2 3 74.9 306.4
2 6 262.9 241.4
2 7 269.6 260.4
2 8 318.7 295.7
2 9 307.6 328.7
2 10 331.1 326.5
2 11 546.5 337.7
2 12 571.4 238.7
2 13 599.0 236.9
2 21 243.6 442.1
2 22 270.9 443.0
2 23 527.2 207.7
2 24 565.3 207.8
2 25 543.0 193.0
2 26 479.1 297.1
2 27 498.5 305.5
2 28 311.3 441.3
2 29 201.8 337.5
2 30 364.2 165.0
2 31 314.0 155.2
2 32 149.5 268.0
2 33 599.8 128.5
2 34 289.2 142.8
2 35 261.5 141.1
2 36 265.6 104.7
2 37 285.5 119.2
2 39 503.1 217.1
2 40 477.3 213.7
2 43 156.1 52.2
2 44 610.7 197.4
2 45 628.5 199.9
2 51 72.1 292.3
2 52 357.8 129.2
2 53 378.7 147.0
2 54 164.3 392.5
2 55 162.1 375.9
3 1 398.6 154.5
3 3 62.4 310.5
3 6 252.2 238.9
3 7 253.2 258.6
3 8 306.4 293.5
3 9 284.2 323.5
3 10 312.5 323.0
3 11 542.0 342.8
3 12 554.5 242.7
3 13 596.8 225.2
3 21 243.6 442.1
3 22 270.9 443.0
3 23 526.3 207.8
3 24 568.5 200.6
3 25 541.4 192.1
3 26 481.2 299.2
3 27 501.0 304.7
3 28 311.3 441.3
3 29 199.7 339.7
3 30 364.2 165.0
3 31 321.2 160.2
3 32 170.2 266.8
3 33 610.8 133.0
3 34 286.3 140.9
3 35 262.9 139.1
3 36 262.9 108.0
3 37 285.5 118.1
3 39 496.8 219.0
3 40 472.2 226.8
3 43 150.4 43.2
3 44 611.2 204.7
3 45 625.2 209.8
3 46 638.8 103.2
3 51 83.9 292.2
3 52 358.6 134.3
3 53 378.7 147.0
3 54 164.3 392.5
3 55 162.1 375.9
4 1 402.9 144.5
4 3 52.1 313.9
4 6 234.7 234.6
4 7 226.9 255.6
4 8 288.6 291.5
4 9 266.3 319.4
4 10 302.3 321.0
4 11 539.7 345.8
4 12 536.9 247.1
4 13 593.5 217.0
4 15 39.3 281.9
4 21 243.6 442.1
4 22 268.8 443.0
4 23 527.3 206.8
4 24 566.8 208.6
4 25 541.6 186.6
4 26 480.3 294.8
4 27 501.3 307.6
4 28 311.3 441.3
4 29 199.4 337.5
4 30 364.2 165.0
4 31 325.8 164.4
4 32 183.0 267.9
4 33 630.1 141.8
4 34 284.5 142.9
4 35 267.5 140.3
4 36 265.0 111.1
4 37 285.5 118.1
4 39 500.2 224.2
4 40 472.4 235.4
4 43 141.8 36.0
4 44 612.5 205.5
4 45 623.9 218.6
4 46 630.5 98.5
4 51 96.4 294.9
4 52 358.6 134.3
4 53 378.7 147.0
4 54 164.3 392.5
4 55 162.1 375.9
5 1 403.2 140.4
5 6 215.7 230.0
5 7 210.4 253.1
5 8 264.7 288.8
5 9 254.8 316.4
5 10 285.9 317.7
5 11 543.3 342.8
5 12 525.7 250.6
5 13 589.5 207.4
5 14 605.9 249.2
5 15 48.3 280.5
5 21 246.1 438.7
5 22 269.6 439.8
5 23 532.1 209.4
5 24 565.4 206.9
5 25 538.8 192.2
5 26 477.7 296.3
5 27 497.4 307.0
5 28 311.3 441.3
5 29 204.0 336.7
5 30 364.2 165.0
5 31 330.8 167.6
5 32 207.8 271.0
5 34 285.6 145.9
5 35 271.4 144.2
5 36 262.2 112.3
5 37 285.6 121.3
5 39 506.3 234.2
5 40 479.0 236.5
5 43 132.7 29.3
5 44 620.0 212.7
5 45 629.5 228.0
5 46 621.6 95.6
5 48 635.9 121.3
5 51 110.9 298.3
5 52 358.6 134.3
5 53 378.7 147.0
5 54 164.3 392.5
5 55 162.1 375.9
6 1 398.4 143.6
6 6 203.9 227.2
6 7 198.8 250.3
6 8 252.7 287.9
6 9 232.2 310.4
6 10 264.8 313.5
6 11 540.4 344.7
6 12 505.4 257.9
6 13 589.6 197.3
6 14 581.1 258.7
6 15 58.4 278.9
6 21 245.5 430.5
6 22 269.7 435.1
6 23 533.3 212.0
6 24 569.2 209.4
6 25 542.1 188.4
6 26 480.2 295.5
6 27 498.0 308.5
6 28 311.3 441.3
6 29 200.4 333.3
6 30 364.2 165.0
6 31 339.5 169.8
6 32 222.1 271.2
6 34 285.4 141.9
6 35 271.4 144.2
6 36 265.0 112.2
6 37 286.7 125.5
6 39 513.2 234.2
6 40 482.5 236.7
6 43 123.9 22.6
6 44 614.6 217.2
6 45 630.3 233.9
6 46 612.8 92.6
6 48 628.0 115.2
6 51 121.0 301.7
6 52 358.6 134.3
6 53 379.3 153.9
6 54 164.3 392.5
6 55 162.1 375.9
7 1 396.7 140.6
7 6 191.4 224.4
7 7 180.2 245.4
7 8 236.9 287.1
7 9 215.0 306.2
7 10 251.6 311.1
7 11 540.2 345.4
7 12 484.2 264.7
7 13 591.9 176.9
7 14 568.1 262.6
7 15 67.6 277.3
7 21 245.0 427.2
7 22 269.8 425.3
7 23 531.6 212.1
7 24 568.9 206.8
7 25 543.9 188.4
7 26 486.0 293.9
7 27 502.1 307.6
7 28 311.3 441.3
7 29 200.5 334.0
7 30 364.2 165.0
7 31 349.4 172.1
7 32 244.8 268.5
7 34 289.3 145.9
7 35 271.3 142.2
7 36 262.1 111.2
7 37 285.6 120.2
7 39 523.1 240.7
7 40 488.7 238.2
7 43 114.3 16.8
7 44 606.9 230.2
7 45 622.8 248.9
7 46 602.2 89.9
7 48 619.2 109.5
7 51 134.7 306.5
7 52 358.6 134.3
7 53 379.3 153.9
7 54 164.3 392.5
7 55 162.1 375.9
8 1 398.6 139.5
8 6 173.7 220.4
8 7 164.6 242.0
8 8 219.4 286.2
8 9 203.7 304.3
8 10 240.5 308.9
8 11 540.7 343.4
8 12 473.3 264.9
8 13 593.5 158.3
8 14 546.9 268.0
8 15 76.0 275.7
8 21 245.9 407.0
8 22 269.0 416.9
8 23 528.8 213.0
8 24 567.4 205.9
8 25 541.7 190.3
8 26 495.6 294.4
8 27 501.8 309.1
8 28 311.3 441.3
8 29 201.1 332.5
8 30 364.2 165.0
8 31 359.4 174.5
8 32 271.6 265.2
8 34 289.2 142.8
8 35 267.6 143.3
8 36 263.1 112.2
8 37 287.3 116.0
8 39 529.9 245.3
8 40 495.7 239.6
8 43 103.9 11.7
8 44 600.5 235.4
8 45 622.9 251.4
8 46 588.9 87.1
8 47 638.5 32.3
8 48 607.5 105.2
8 49 639.6 106.5
8 51 143.5 311.2
8 52 358.6 134.3
8 53 379.3 153.9
8 54 164.3 392.5
8 55 162.1 375.9
9 1 397.4 143.6
9 6 160.4 217.4
9 7 154.8 240.8
9 8 209.2 285.6
9 9 184.6 300.9
9 10 222.1 304.9
9 11 538.9 344.8
9 12 456.6 262.7
9 13 592.9 145.7
9 14 531.3 271.2
9 15 86.0 273.9
9 21 245.3 397.6
9 22 265.5 400.5
9 23 531.0 210.3
9 24 570.3 200.5
9 25 540.2 189.4
9 26 496.4 294.4
9 27 500.1 309.9
9 28 311.3 441.3
9 29 206.6 328.9
9 30 364.2 165.0
9 31 368.3 176.9
9 32 284.4 263.4
9 34 286.6 147.9
9 35 260.8 154.5
9 36 264.1 112.2
9 37 284.7 122.4
9 39 537.2 250.1
9 40 502.0 241.8
9 43 93.5 6.9
9 44 600.1 240.5
9 45 618.7 258.0
9 46 583.8 79.3
9 47 633.9 22.6
9 48 594.0 100.5
9 49 629.1 121.5
9 51 153.2 318.3
9 52 358.6 134.3
9 53 379.3 153.9
9 54 164.3 392.5
9 55 162.1 375.9
10 1 398.4 142.6
10 6 149.9 216.1
10 7 143.0 239.2
10 8 194.9 284.5
10 9 169.2 298.8
10 10 205.8 302.3
10 11 538.1 344.8
10 12 436.2 260.2
10 13 591.5 126.2
10 14 513.6 273.0
10 15 96.8 271.9
10 21 242.8 389.2
10 22 262.5 389.1
10 23 532.8 210.3
10 24 569.5 204.1
10 25 540.9 190.3
10 26 495.3 291.4
10 27 501.6 310.6
10 28 311.3 441.3
10 29 225.5 325.7
10 30 364.2 165.0
10 31 377.9 180.1
10 32 309.2 260.3
10 34 288.3 142.9
10 35 258.1 155.5
10 36 263.9 109.0
10 37 285.6 121.3
10 39 542.9 256.1
10 40 510.5 248.1
10 43 83.1 1.6
10 44 596.8 253.0
10 45 618.3 260.1
10 46 582.6 74.1
10 47 628.0 14.3
10 48 585.8 98.5
10 49 618.6 131.3
10 51 162.6 321.0
10 52 358.6 134.3
10 53 379.3 153.9
10 54 164.3 392.5
10 55 162.1 375.9
11 1 397.9 135.5
11 6 135.4 216.9
11 7 128.7 237.1
11 8 177.2 283.2
11 9 159.7 298.5
11 10 195.5 303.1
11 11 539.5 345.4
11 12 424.7 259.2
11 13 593.3 112.8
11 14 487.9 275.4
11 15 105.7 269.6
11 21 237.1 382.2
11 22 259.1 377.3
11 23 530.6 207.7
11 24 569.3 205.0
11 25 541.2 188.5
11 26 497.8 295.1
11 27 506.8 311.9
11 28 311.3 441.3
11 29 236.7 322.3
11 30 364.2 165.0
11 31 387.9 183.0
11 32 326.9 257.1
11 34 290.3 146.8
11 35 257.6 163.4
11 36 262.7 104.7
11 37 285.6 121.3
11 39 552.4 267.0
11 40 523.8 258.0
11 44 596.5 261.7
11 45 615.3 273.1
11 46 581.3 69.6
11 47 620.7 9.3
11 48 578.5 96.1
11 49 600.7 140.5
11 51 183.6 324.3
11 52 358.6 134.3
11 53 379.3 153.9
11 54 164.3 392.5
11 55 162.1 375.9
12 1 401.3 140.5
12 6 118.8 219.3
12 7 116.1 236.1
12 8 164.6 282.5
12 9 147.2 298.1
12 10 176.3 305.9
12 11 539.6 344.8
12 12 410.0 258.5
12 13 598.3 98.1
12 14 474.9 275.0
12 15 115.3 266.3
12 21 230.7 375.2
12 22 254.5 367.5
12 23 528.0 207.7
12 24 569.6 207.7
12 25 542.4 182.0
12 26 496.2 295.1
12 27 504.5 311.9
12 28 311.3 441.3
12 29 256.6 314.9
12 30 364.2 165.0
12 31 397.3 184.0
12 32 340.1 252.0
12 34 290.3 148.9
12 35 254.5 172.2
12 36 265.7 105.8
12 37 288.6 125.4
12 39 558.5 274.9
12 40 530.0 265.5
12 44 597.0 271.4
12 45 615.8 274.9
12 46 577.8 61.2
12 47 614.3 5.5
12 48 569.7 90.4
12 49 581.7 149.1
12 51 199.3 324.7
12 52 358.6 134.3
12 53 379.3 153.9
12 54 169.6 393.0
12 55 162.1 375.9
13 1 403.7 146.4
13 6 106.3 221.2
13 7 106.5 236.8
13 8 154.9 282.2
13 9 133.2 297.6
13 10 153.8 309.3
13 11 536.9 343.6
13 12 392.7 257.6
13 13 604.0 80.6
13 14 447.8 272.9
13 15 129.8 261.0
13 21 220.5 367.0
13 22 242.0 354.9
13 23 526.0 209.5
13 24 572.6 205.8
13 25 543.3 186.6
13 26 496.4 294.4
13 27 504.7 314.8
13 28 311.3 441.3
13 29 273.8 308.1
13 30 364.2 165.0
13 31 409.2 185.9
13 32 363.6 243.0
13 34 291.2 146.8
13 35 252.4 168.8
13 36 261.9 108.0
13 37 285.6 120.2
13 39 564.6 283.5
13 40 536.6 276.5
13 44 597.5 280.5
13 45 614.5 282.4
13 46 574.6 53.5
13 48 558.3 83.1
13 49 562.8 152.3
13 51 211.6 319.9
13 52 371.0 127.9
13 53 379.3 153.9
13 54 169.6 393.0
13 55 162.1 375.9
14 1 401.9 146.5
14 6 97.1 222.7
14 7 95.7 238.3
14 8 141.7 281.6
14 9 122.6 298.1
14 10 143.2 312.1
14 11 537.8 344.6
14 12 382.6 256.2
14 13 605.2 68.1
14 14 431.1 272.0
14 15 143.7 256.6
14 21 204.3 354.1
14 22 227.2 340.9
14 23 528.6 209.5
14 24 567.6 205.0
14 25 538.9 186.7
14 26 496.4 294.4
14 27 504.3 312.7
14 28 311.3 441.3
14 29 283.6 302.9
14 30 364.2 165.0
14 31 420.0 185.9
14 32 378.3 237.2
14 34 288.4 145.9
14 35 254.1 179.8
14 36 256.4 112.4
14 37 283.7 117.1
14 39 569.2 290.9
14 40 542.1 285.7
14 44 597.9 287.6
14 46 571.5 46.0
14 48 552.6 74.5
14 49 532.1 157.1
14 51 230.9 312.5
14 52 371.0 127.9
14 53 379.3 153.9
14 54 169.6 393.0
14 55 162.1 375.9
15 1 404.8 144.4
15 6 87.0 224.4
15 7 81.0 240.3
15 8 130.2 281.5
15 9 113.5 299.3
15 10 131.3 316.7
15 11 538.4 343.6
15 12 368.3 253.7
15 13 605.6 53.2
15 14 414.4 272.5
15 15 153.9 254.8
15 21 195.0 347.7
15 22 214.1 332.6
15 23 526.0 209.5
15 24 562.6 199.8
15 25 536.8 188.6
15 26 495.3 295.9
15 27 503.7 312.0
15 28 314.1 441.8
15 29 297.2 295.7
15 30 364.2 165.0
15 31 430.0 183.1
15 32 392.4 230.5
15 34 293.0 145.8
15 35 253.2 174.5
15 36 252.2 122.0
15 37 286.4 116.0
15 39 574.7 300.8
15 40 548.9 295.4
15 44 598.2 293.9
15 46 567.9 37.1
15 48 547.7 64.5
15 49 514.3 158.2
15 51 241.8 308.3
15 52 371.0 127.9
15 53 379.3 153.9
15 54 169.6 393.0
15 55 162.1 375.9
16 1 398.9 149.5
16 6 75.5 226.3
16 7 67.2 242.5
16 8 120.4 282.3
16 9 101.3 301.0
16 10 116.0 322.4
16 11 538.8 340.4
16 12 355.1 251.6
16 13 605.7 37.2
16 14 390.7 273.0
16 15 175.4 252.7
16 16 635.7 111.5
16 21 178.2 336.6
16 22 196.4 321.5
16 23 531.3 208.5
16 24 561.0 198.9
16 25 532.4 188.6
16 26 495.1 297.4
16 27 506.8 311.9
16 28 320.4 441.6
16 29 306.7 293.5
16 30 364.2 165.0
16 31 441.8 179.8
16 32 414.5 219.9
16 34 292.2 147.8
16 35 251.9 182.6
16 36 256.5 130.2
16 37 286.4 116.0
16 39 580.5 311.0
16 40 557.0 308.0
16 44 597.4 306.7
16 46 567.6 31.0
16 48 542.7 55.3
16 49 481.8 159.8
16 51 257.1 302.0
16 52 371.0 127.9
16 53 379.3 153.9
16 54 169.6 393.0
16 55 162.1 375.9
17 1 400.9 147.5
17 6 62.6 228.4
17 7 57.6 244.9
17 8 105.4 283.5
17 9 85.9 303.1
17 10 105.5 324.8
17 11 539.0 335.1
17 12 345.0 250.4
17 13 604.3 24.7
17 14 378.7 271.8
17 15 196.5 249.9
17 16 619.3 105.5
17 21 167.6 329.5
17 22 185.8 314.7
17 23 531.7 211.2
17 24 560.4 198.0
17 25 526.9 194.3
17 26 495.6 294.4
17 27 503.2 314.9
17 28 335.7 439.0
17 29 319.8 290.4
17 30 364.2 165.0
17 31 451.3 179.6
17 32 427.2 217.2
17 34 290.3 147.9
17 35 252.8 190.3
17 36 253.1 129.5
17 37 285.4 116.0
17 39 577.4 330.0
17 40 563.7 326.2
17 44 594.6 311.1
17 46 571.0 27.6
17 48 537.1 45.3
17 49 466.5 162.8
17 51 271.6 297.0
17 52 371.0 127.9
17 53 379.3 153.9
17 54 169.6 393.0
17 55 162.1 375.9
18 1 400.1 145.5
18 6 49.9 230.7
18 7 44.4 249.2
18 8 84.8 285.2
18 9 69.8 305.4
18 10 93.3 325.9
18 11 538.5 328.7
18 12 329.8 248.8
18 13 601.8 6.1
18 14 361.8 268.1
18 15 208.9 245.2
18 16 608.3 104.1
18 21 155.4 320.0
18 22 169.2 304.2
18 23 537.8 211.0
18 24 558.6 198.1
18 25 529.0 192.4
18 26 497.6 296.6
18 27 501.1 313.5
18 28 357.4 433.3
18 29 330.2 290.1
18 30 364.2 165.0
18 31 461.5 180.3
18 32 444.5 217.6
18 34 288.4 146.9
18 35 252.8 195.5
18 36 253.1 135.5
18 37 286.5 120.2
18 39 583.6 332.7
18 40 557.2 329.6
18 44 597.6 317.5
18 46 572.2 18.5
18 48 531.2 35.2
18 49 437.7 169.4
18 51 283.8 295.6
18 52 371.0 127.9
18 53 379.3 153.9
18 54 169.6 393.0
18 55 162.1 375.9
19 1 400.2 143.5
19 6 39.0 233.3
19 7 31.3 253.5
19 8 64.8 286.8
19 9 57.1 307.1
19 10 73.4 327.5
19 11 536.4 323.4
19 12 314.5 246.9
19 14 336.9 267.1
19 15 233.3 235.3
19 16 598.1 104.5
19 18 20.4 204.8
19 21 141.8 311.3
19 22 159.7 298.0
19 23 540.6 214.5
19 24 558.5 194.5
19 25 531.9 191.4
19 26 494.5 295.9
19 27 503.3 314.2
19 28 382.5 421.7
19 29 337.0 291.8
19 30 364.2 165.0
19 31 470.8 177.8
19 32 468.0 218.2
19 34 289.4 148.9
19 35 243.9 197.3
19 36 250.6 138.4
19 37 285.6 121.3
19 39 583.1 337.5
19 40 559.3 338.1
19 44 596.2 319.7
19 46 573.6 10.6
19 48 525.9 27.1
19 49 421.5 172.7
19 51 296.8 293.9
19 52 371.0 127.9
19 53 379.3 153.9
19 54 169.6 393.0
19 55 162.1 375.9
20 1 403.6 133.3
20 6 29.8 236.1
20 8 50.4 288.0
20 9 47.6 308.4
20 10 58.6 328.8
20 11 533.4 319.2
20 12 304.5 245.0
20 14 324.4 261.7
20 15 247.9 229.6
20 16 587.5 104.9
20 17 571.5 361.3
20 18 34.2 205.2
20 21 131.6 310.3
20 22 146.0 288.0
20 23 547.7 213.4
20 24 562.4 192.6
20 25 530.3 195.1
20 26 495.2 296.7
20 27 503.6 312.7
20 28 411.3 415.7
20 29 342.0 293.4
20 30 364.2 165.0
20 31 481.6 173.4
20 32 480.7 218.6
20 34 284.4 149.1
20 35 219.2 199.0
20 36 251.6 142.6
20 37 284.7 122.4
20 39 592.3 345.4
20 40 565.5 344.9
20 46 575.8 7.8
20 48 521.5 21.2
20 49 394.3 177.7
20 51 305.2 292.4
20 52 371.0 127.9
20 53 379.3 153.9
20 54 169.6 393.0
20 55 162.1 375.9
21 1 401.3 140.5
21 11 534.1 315.3
21 12 291.2 242.8
21 14 309.2 263.9
21 15 263.5 223.7
21 16 578.2 103.5
21 17 543.0 365.4
21 18 50.4 205.5
21 19 28.1 222.7
21 21 116.1 309.2
21 22 135.3 283.5
21 23 563.1 209.4
21 24 563.1 193.4
21 25 531.5 193.2
21 26 494.8 294.4
21 27 503.1 310.5
21 28 439.1 408.4
21 29 348.9 294.2
21 30 364.2 165.0
21 31 493.9 168.4
21 32 498.0 218.7
21 34 287.5 146.9
21 35 204.4 202.3
21 36 252.4 139.6
21 37 284.8 124.5
21 39 595.7 352.0
21 40 574.8 355.1
21 41 548.7 6.8
21 46 572.4 2.4
21 48 517.2 12.6
21 49 364.8 182.7
21 51 314.0 290.8
21 52 371.0 127.9
21 53 379.3 153.9
21 54 169.6 393.0
21 55 162.1 375.9
22 1 409.9 136.1
22 11 539.8 311.4
22 12 275.4 239.9
22 14 284.6 267.6
22 15 287.4 214.7
22 16 569.2 102.2
22 17 530.6 364.0
22 18 60.9 204.4
22 19 41.4 219.0
22 21 105.2 309.4
22 22 120.1 279.9
22 23 579.2 215.3
22 24 574.8 195.9
22 25 540.0 190.3
22 26 492.8 296.7
22 27 501.7 314.2
22 28 470.8 410.5
22 29 356.2 294.9
22 30 364.2 165.0
22 31 504.3 164.2
22 32 519.6 219.1
22 34 287.7 152.9
22 35 185.2 211.4
22 36 252.6 142.6
22 37 282.1 128.7
22 38 198.2 29.1
22 40 581.4 363.2
22 41 549.4 12.4
22 48 514.1 4.8
22 49 346.5 184.1
22 50 622.3 265.0
22 51 321.4 288.4
22 52 371.0 127.9
22 53 379.3 153.9
22 54 169.6 393.0
22 55 162.1 375.9
23 1 406.9 145.0
23 11 546.0 309.0
23 12 265.9 235.3
23 14 270.8 267.7
23 15 301.3 211.0
23 16 560.5 101.1
23 17 503.2 357.6
23 18 72.3 202.3
23 19 52.2 216.7
23 20 26.5 208.5
23 21 93.1 310.8
23 22 105.0 277.4
23 23 588.6 219.5
23 24 587.3 192.5
23 25 554.0 188.6
23 26 495.6 294.4
23 27 501.2 312.8
23 28 488.6 405.9
23 29 352.1 297.2
23 30 364.2 165.0
23 31 513.9 160.8
23 32 530.4 221.1
23 34 284.9 152.0
23 35 171.3 217.5
23 36 252.3 138.5
23 37 281.2 130.8
23 38 194.2 30.0
23 40 586.3 371.1
23 41 548.7 22.9
23 49 309.3 186.5
23 50 623.8 256.1
23 51 325.8 286.9
23 52 366.2 130.0
23 53 382.0 154.8
23 54 169.6 393.0
23 55 162.1 375.9
24 1 403.9 154.3
24 11 549.9 308.8
24 12 255.7 228.9
24 14 256.7 265.8
24 15 317.2 209.2
24 16 553.8 95.9
24 17 477.3 351.9
24 18 86.1 199.9
24 19 62.5 215.0
24 20 43.4 205.9
24 21 74.3 313.0
24 22 92.7 278.9
24 23 600.2 225.9
24 24 600.5 201.4
24 25 564.4 194.7
24 26 495.2 296.7
24 27 502.8 312.7
24 28 527.4 413.7
24 29 352.1 298.7
24 30 364.2 165.0
24 31 524.8 157.6
24 32 544.4 225.3
24 34 284.9 152.0
24 35 144.3 228.5
24 36 251.2 136.5
24 37 280.2 128.7
24 38 194.9 29.6
24 41 547.3 28.6
24 42 529.8 7.7
24 49 293.6 188.4
24 50 625.6 245.2
24 51 327.9 286.2
24 52 366.2 130.0
24 53 382.0 154.8
24 54 169.6 393.0
24 55 162.1 375.9
25 1 403.4 160.7
25 11 552.9 308.3
25 12 244.3 221.3
25 14 234.9 263.3
25 15 340.7 206.7
25 16 551.2 91.4
25 17 464.4 350.8
25 18 96.5 197.4
25 19 75.3 212.5
25 20 53.9 204.4
25 21 57.4 314.9
25 22 74.7 281.4
25 23 609.9 228.1
25 24 609.0 206.4
25 25 578.2 203.9
25 26 495.6 294.4
25 27 502.2 311.3
25 28 554.5 414.7
25 29 349.6 299.5
25 30 364.2 165.0
25 31 534.9 153.3
25 32 556.7 227.9
25 34 285.0 155.9
25 35 126.7 235.0
25 36 253.2 138.5
25 37 280.3 132.8
25 38 197.9 28.7
25 41 547.2 35.1
25 42 527.1 33.5
25 49 266.0 192.8
25 50 627.7 232.3
25 51 333.0 284.5
25 52 366.2 130.0
25 53 382.0 154.8
25 54 169.6 393.0
25 55 162.1 375.9
