1 1 406.1 162.3
1 2 556.7 303.9
1 3 237.7 214.4
1 4 220.9 258.8
1 5 354.2 204.3
1 6 551.0 89.0
1 7 433.9 349.3
1 8 106.7 194.6
1 9 86.1 212.2
1 10 65.5 203.2
1 18 59.6 285.0
1 19 624.4 229.9
1 20 620.4 212.6
1 21 588.8 208.3
1 22 495.6 294.4
1 23 501.3 312.0
1 24 354.5 299.4
1 25 359.8 159.2
1 26 543.6 147.5
1 27 565.5 229.4
1 33 285.7 149.0
1 34 102.6 242.9
1 35 252.6 142.6
1 36 282.1 128.7
1 38 196.7 29.0
1 41 548.3 43.9
1 42 524.8 49.6
1 45 248.7 193.9
1 46 630.2 217.3
1 48 336.7 292.2
1 49 366.2 130.0
1 50 382.0 154.8
1 51 169.6 393.0
1 52 162.1 375.9
2 1 403.2 163.6
2 2 560.1 297.5
2 3 234.0 211.0
2 4 212.7 252.3
2 5 368.8 201.7
2 6 549.8 92.5
2 7 403.5 347.3
2 8 120.2 191.1
2 9 95.9 213.6
2 10 78.8 201.7
2 18 36.0 291.0
2 20 631.2 218.5
2 21 598.6 212.7
2 22 496.8 296.6
2 23 505.4 311.2
2 24 360.2 297.7
2 25 359.8 159.2
2 26 553.3 141.5
2 27 574.2 230.5
2 33 286.9 155.9
2 34 82.9 248.3
2 35 252.2 136.5
2 36 282.0 127.6
2 38 191.0 30.6
2 41 547.6 47.3
2 42 520.5 75.4
2 45 229.2 190.3
2 46 632.9 200.0
2 48 337.6 291.4
2 49 366.2 130.0
2 50 382.0 154.8
2 51 169.6 393.0
2 52 162.1 375.9
3 1 397.8 168.1
3 2 560.9 292.8
3 3 231.6 208.8
3 4 201.6 244.5
3 5 391.2 198.4
3 6 549.6 93.5
3 7 391.4 344.2
3 8 131.8 187.6
3 9 107.0 215.3
3 10 88.8 199.4
3 11 20.6 206.9
3 21 616.1 221.0
3 22 496.9 295.9
3 23 502.9 312.0
3 24 356.2 295.5
3 25 359.8 159.2
3 26 562.9 135.1
3 27 581.0 223.7
3 33 285.8 151.9
3 34 56.3 250.9
3 35 254.1 137.5
3 36 283.1 130.7
3 38 181.8 33.4
3 41 551.2 53.6
3 42 520.0 91.4
3 45 215.5 191.4
3 46 635.7 182.9
3 48 337.6 291.4
3 49 366.2 130.0
3 50 382.0 154.8
3 51 169.6 393.0
3 52 162.1 375.9
4 1 392.2 170.2
4 2 561.0 289.5
4 3 228.2 202.0
4 4 199.4 236.3
4 5 404.3 192.2
4 6 545.0 92.6
4 7 368.0 335.7
4 8 141.9 183.8
4 9 118.0 216.8
4 10 99.3 196.2
4 11 35.4 208.2
4 12 31.4 235.6
4 22 493.2 294.5
4 23 505.4 311.2
4 24 354.6 295.6
4 25 359.8 159.2
4 26 570.6 127.1
4 27 588.9 214.5
4 28 50.8 273.2
4 33 285.9 153.9
4 34 26.3 253.8
4 35 250.7 142.6
4 36 284.0 128.6
4 38 173.1 36.4
4 41 554.0 57.0
4 42 522.6 120.4
4 45 190.5 198.6
4 46 638.4 167.2
4 48 337.6 291.4
4 49 366.2 130.0
4 50 382.0 154.8
4 51 169.6 393.0
4 52 162.1 375.9
5 1 387.5 173.1
5 2 565.5 286.6
5 3 225.2 193.7
5 4 201.2 227.2
5 5 410.0 181.8
5 6 540.2 92.7
5 7 336.2 323.9
5 8 159.4 177.4
5 9 127.5 217.9
5 10 113.1 192.1
5 11 48.2 208.1
5 12 39.9 232.0
5 22 497.6 296.6
5 23 500.2 311.0
5 24 357.0 294.8
5 25 359.8 159.2
5 26 577.1 118.5
5 27 596.6 205.9
5 28 72.0 275.6
5 33 286.7 151.9
5 35 252.4 139.6
5 36 283.9 125.5
5 38 163.5 38.3
5 41 552.9 54.0
5 42 524.8 140.9
5 45 172.3 202.2
5 48 337.6 291.4
5 49 366.2 130.0
5 50 382.0 154.8
5 51 169.6 393.0
5 52 162.1 375.9
6 1 379.2 177.1
6 2 572.5 284.3
6 3 222.8 185.9
6 4 202.9 217.8
6 5 419.5 165.1
6 6 537.3 92.7
6 7 322.4 316.7
6 8 172.6 171.5
6 9 137.9 219.3
6 10 122.8 188.0
6 11 56.6 205.8
6 12 48.7 228.6
6 22 498.5 295.8
6 23 495.9 310.9
6 24 360.2 295.4
6 25 359.8 159.2
6 26 583.3 109.8
6 27 605.0 197.4
6 28 83.9 276.7
6 33 287.7 153.9
6 35 253.4 140.6
6 36 284.0 130.7
6 38 149.9 40.2
6 41 552.7 53.8
6 42 527.9 164.7
6 45 157.3 200.2
6 48 337.6 291.4
6 49 366.2 130.0
6 50 382.0 154.8
6 51 169.6 393.0
6 52 162.1 375.9
7 1 383.8 176.1
7 2 563.8 288.9
7 3 217.5 178.7
7 4 204.1 209.2
7 5 427.3 149.0
7 6 537.7 95.9
7 7 310.2 305.2
7 8 183.6 164.2
7 9 148.9 220.6
7 10 130.9 181.2
7 11 65.1 203.1
7 12 57.6 227.3
7 22 497.8 295.1
7 23 499.4 314.3
7 24 360.3 297.9
7 25 359.8 159.2
7 26 591.0 102.0
7 27 617.6 185.4
7 28 98.7 278.0
7 33 284.9 153.9
7 35 254.3 140.5
7 36 281.1 128.7
7 38 133.5 42.5
7 41 555.7 60.7
7 42 531.2 185.0
7 45 142.2 200.5
7 48 337.6 291.4
7 49 366.2 130.0
7 50 382.0 154.8
7 51 169.6 393.0
7 52 162.1 375.9
8 1 379.3 168.8
8 2 563.7 289.7
8 3 211.3 172.8
8 4 207.1 202.2
8 5 429.7 137.5
8 6 535.6 97.1
8 7 290.8 287.2
8 8 200.1 152.9
8 9 159.1 220.4
8 10 139.1 177.0
8 11 73.7 201.1
8 12 66.5 227.7
8 22 499.3 295.8
8 23 502.1 312.0
8 24 358.5 299.3
8 25 359.8 159.2
8 26 598.9 95.5
8 27 628.4 173.6
8 28 117.4 279.6
8 33 280.4 157.0
8 35 255.1 137.5
8 36 278.8 126.5
8 38 121.8 42.2
8 41 558.6 68.3
8 42 537.7 206.5
8 45 136.9 204.9
8 48 337.6 291.4
8 49 366.2 130.0
8 50 382.0 154.8
8 51 169.6 393.0
8 52 162.1 375.9
9 1 377.6 172.4
9 2 567.9 288.8
9 3 206.1 168.1
9 4 208.3 195.9
9 5 432.7 123.4
9 6 534.5 98.2
9 7 279.8 279.5
9 8 210.4 147.7
9 9 177.9 219.6
9 10 148.4 185.7
9 11 82.4 199.9
9 12 75.6 228.9
9 22 497.7 295.8
9 23 502.2 311.3
9 24 356.9 298.6
9 25 359.8 159.2
9 26 604.6 90.5
9 27 634.4 163.9
9 28 129.1 280.1
9 33 278.4 154.1
9 35 252.6 142.6
9 36 274.7 133.0
9 38 110.8 41.4
9 41 557.3 62.3
9 42 544.1 229.9
9 45 133.1 207.7
9 48 337.6 291.4
9 49 366.2 130.0
9 50 382.0 154.8
9 51 169.6 393.0
9 52 162.1 375.9
10 1 373.1 170.6
10 2 570.6 284.5
10 3 200.1 161.7
10 4 203.2 189.4
10 5 437.0 105.6
10 6 536.8 96.0
10 7 262.9 270.4
10 8 216.1 147.4
10 9 190.9 218.8
10 10 160.9 197.7
10 11 90.8 199.0
10 12 83.5 227.4
10 22 497.7 295.8
10 23 501.3 312.0
10 24 357.9 292.5
10 25 359.8 159.2
10 26 610.4 85.7
10 28 152.8 280.0
10 33 270.4 161.2
10 35 247.7 139.7
10 36 269.7 147.3
10 38 99.8 40.2
10 41 557.3 62.3
10 42 545.7 246.9
10 45 128.8 215.5
10 48 337.6 291.4
10 49 366.2 130.0
10 50 382.0 154.8
10 51 169.6 393.0
10 52 162.1 375.9
11 1 376.8 170.5
11 2 574.6 283.5
11 3 192.2 154.0
11 4 196.9 184.6
11 5 437.5 91.2
11 6 536.8 96.0
11 7 244.0 261.3
11 8 220.6 143.3
11 9 209.1 217.9
11 10 174.1 204.1
11 11 99.3 197.5
11 12 91.6 222.0
11 13 58.0 287.2
11 22 498.6 295.1
11 23 500.7 315.7
11 24 357.8 297.0
11 25 359.8 159.2
11 26 618.6 79.5
11 28 181.3 279.7
11 33 273.4 168.5
11 35 251.6 141.6
11 36 262.8 157.4
11 38 87.7 37.6
11 41 554.9 64.6
11 42 548.1 268.9
11 45 121.0 232.9
11 48 337.6 291.4
11 49 366.2 130.0
11 50 382.0 154.8
11 51 169.6 393.0
11 52 162.1 375.9
12 1 378.8 166.6
12 2 582.0 281.4
12 3 183.4 145.7
12 4 191.5 182.2
12 5 433.3 80.9
12 6 538.3 92.7
12 7 229.5 258.6
12 8 224.1 134.6
12 9 232.2 216.4
12 10 189.5 210.0
12 11 108.3 194.9
12 12 101.8 215.3
12 13 77.1 275.0
12 22 499.7 293.5
12 23 504.7 310.5
12 24 357.8 296.3
12 25 359.8 159.2
12 26 625.8 74.0
12 28 197.8 278.7
12 33 273.8 172.7
12 35 253.4 154.6
12 36 261.6 167.2
12 38 68.8 32.6
12 41 557.7 60.0
12 42 551.5 283.7
12 45 110.4 237.9
12 48 337.6 291.4
12 49 366.2 130.0
12 50 385.0 149.8
12 51 169.6 393.0
12 52 162.1 375.9
13 1 378.5 173.3
13 2 587.6 279.5
13 3 179.8 135.9
13 4 187.4 177.5
13 5 426.5 67.3
13 6 536.8 96.0
13 7 200.7 254.0
13 8 225.9 125.8
13 9 244.1 214.0
13 10 207.6 212.1
13 11 118.9 190.9
13 12 110.9 214.4
13 13 85.7 268.7
13 14 42.8 281.5
13 22 497.7 295.8
13 23 501.4 311.3
13 24 356.9 297.0
13 25 359.8 159.2
13 26 629.5 70.8
13 28 235.7 276.5
13 33 258.7 180.7
13 35 248.6 153.7
13 36 256.0 167.3
13 37 316.2 33.7
13 38 54.2 30.4
13 39 417.0 10.3
13 41 555.5 61.2
13 42 557.6 308.0
13 45 85.7 243.3
13 48 337.6 291.4
13 49 366.2 130.0
13 50 385.0 149.8
13 51 169.6 393.0
13 52 162.1 375.9
14 1 376.8 170.5
14 2 590.5 278.0
14 3 177.3 125.0
14 4 184.8 168.7
14 5 418.6 51.5
14 6 536.8 96.0
14 7 187.2 253.8
14 8 232.0 121.5
14 9 264.5 208.7
14 10 225.3 212.8
14 11 129.3 188.8
14 12 120.8 213.6
14 13 99.1 258.7
14 14 54.2 281.5
14 22 498.6 295.1
14 23 504.2 313.4
14 24 354.5 297.1
14 25 359.8 159.2
14 26 633.9 67.5
14 28 255.5 274.5
14 33 249.0 184.0
14 35 249.9 145.3
14 36 247.0 165.7
14 37 312.8 40.7
14 38 43.8 30.9
14 39 421.2 11.4
14 41 555.1 57.8
14 42 564.6 320.1
14 45 71.1 247.4
14 48 337.6 291.4
14 49 366.2 130.0
14 50 385.0 149.8
14 51 169.6 393.0
14 52 162.1 375.9
15 1 378.4 174.3
15 2 591.0 276.8
15 3 174.8 113.3
15 4 181.7 155.3
15 5 412.6 39.5
15 6 538.7 95.9
15 7 167.3 256.3
15 8 238.9 120.8
15 9 283.7 203.4
15 10 239.7 208.9
15 11 138.5 189.8
15 12 131.2 212.6
15 13 109.5 250.7
15 14 67.6 281.6
15 17 622.7 193.7
15 22 498.6 295.1
15 23 501.3 312.0
15 24 352.8 299.4
15 25 359.8 159.2
15 28 280.9 268.7
15 33 238.4 188.3
15 35 248.4 149.7
15 36 238.6 168.4
15 37 310.9 43.5
15 38 33.5 31.6
15 39 419.8 7.7
15 41 555.1 63.5
15 42 583.2 348.5
15 45 39.7 258.1
15 48 337.6 291.4
15 49 366.2 130.0
15 50 385.0 149.8
15 51 169.6 393.0
15 52 162.1 375.9
16 1 379.3 174.3
16 2 593.1 276.0
16 3 172.8 102.2
16 4 177.7 138.0
16 6 537.3 92.7
16 7 151.1 257.0
16 8 229.3 123.5
16 9 294.2 200.6
16 10 256.4 204.4
16 11 146.8 190.6
16 12 140.9 213.1
16 13 118.7 242.4
16 14 78.1 282.0
16 17 621.0 194.9
16 22 499.6 294.3
16 23 501.8 313.5
16 24 357.8 294.7
16 25 359.8 159.2
16 28 314.5 261.3
16 29 620.8 219.5
16 33 230.2 190.2
16 35 240.0 150.9
16 36 228.6 172.5
16 37 308.3 50.2
16 38 22.8 30.8
16 39 420.0 8.5
16 41 551.5 61.3
16 48 337.6 291.4
16 49 366.2 130.0
16 50 386.2 145.8
16 51 169.6 393.0
16 52 162.1 375.9
17 1 376.5 176.2
17 2 597.7 275.7
17 3 171.9 87.7
17 4 174.8 123.8
17 6 536.4 92.7
17 7 140.2 254.6
17 8 239.2 121.3
17 9 305.8 197.7
17 10 266.1 202.8
17 11 154.9 191.8
17 12 151.6 215.3
17 13 132.4 230.7
17 14 88.0 283.0
17 17 611.5 202.3
17 22 501.2 294.3
17 23 500.8 314.9
17 24 355.3 299.4
17 25 359.8 159.2
17 28 330.4 258.6
17 29 613.1 219.0
17 33 223.9 192.2
17 35 229.3 156.1
17 36 218.4 175.8
17 37 305.3 60.4
17 38 11.5 32.5
17 39 424.0 16.7
17 41 554.3 62.4
17 48 337.6 291.4
17 49 366.2 130.0
17 50 386.2 145.8
17 51 169.6 393.0
17 52 162.1 375.9
18 1 377.5 174.3
18 2 604.8 275.7
18 3 170.4 70.8
18 4 173.4 111.6
18 6 534.8 96.0
18 7 124.1 250.4
18 8 245.3 120.0
18 9 307.3 189.8
18 10 276.7 202.2
18 11 163.9 194.3
18 12 169.8 219.7
18 13 142.3 228.8
18 14 101.4 284.6
18 17 610.0 196.2
18 22 498.1 293.6
18 23 512.6 307.1
18 24 359.3 300.8
18 25 359.8 159.2
18 28 370.0 252.4
18 29 606.2 218.5
18 33 216.9 193.5
18 35 211.2 161.5
18 36 209.1 175.7
18 37 303.9 69.0
18 38 2.3 29.8
18 39 427.2 23.6
18 41 550.0 63.1
18 48 335.9 295.3
18 49 366.2 130.0
18 50 386.2 145.8
18 51 169.6 393.0
18 52 162.1 375.9
19 1 379.3 176.2
19 2 600.0 281.9
19 3 163.6 60.3
19 4 173.4 94.0
19 6 537.3 98.1
19 7 107.5 246.7
19 8 256.5 118.2
19 9 307.8 184.7
19 10 281.1 195.4
19 11 174.6 196.5
19 12 184.0 222.5
19 13 154.3 227.9
19 14 114.6 285.9
19 17 604.3 196.6
19 22 499.3 286.9
19 23 519.7 306.6
19 24 357.6 303.8
19 25 359.8 159.2
19 28 399.1 248.5
19 29 598.7 218.3
19 33 208.3 194.1
19 35 191.3 165.8
19 36 201.1 174.0
19 37 302.7 76.2
19 39 428.4 26.6
19 41 556.8 66.1
19 48 337.6 291.4
19 49 366.2 130.0
19 50 384.3 146.9
19 51 169.6 393.0
19 52 162.1 375.9
20 1 376.6 175.3
20 2 599.0 282.7
20 3 153.7 48.2
20 4 171.3 77.0
20 6 530.6 98.2
20 7 96.3 246.3
20 8 269.8 116.0
20 9 307.5 176.6
20 10 283.6 189.0
20 11 183.6 200.7
20 12 197.9 224.1
20 13 164.7 228.5
20 14 124.2 285.7
20 17 601.6 196.9
20 22 509.0 285.9
20 23 528.5 305.9
20 24 357.7 299.3
20 25 359.8 159.2
20 28 416.3 248.5
20 29 590.2 218.7
20 33 199.6 194.1
20 35 175.4 172.0
20 36 193.6 172.8
20 37 298.3 83.8
20 39 427.6 25.7
20 41 563.7 69.9
20 48 337.6 291.4
20 49 366.2 130.0
20 50 384.3 146.9
20 51 169.6 393.0
20 52 162.1 375.9
21 1 377.5 176.2
21 2 599.0 282.7
21 3 142.4 34.5
21 4 163.8 67.6
21 6 541.2 93.5
21 7 84.7 248.1
21 8 279.3 111.3
21 9 305.7 160.7
21 10 285.5 182.6
21 11 194.3 208.1
21 12 220.2 226.8
21 13 181.0 231.6
21 14 139.4 284.5
21 17 599.3 197.1
21 22 526.9 283.4
21 23 541.0 304.9
21 24 356.0 301.6
21 25 359.8 159.2
21 28 454.3 248.8
21 29 580.7 219.3
21 30 610.2 234.7
21 33 191.0 194.5
21 35 164.8 175.1
21 36 185.3 174.4
21 37 292.3 90.6
21 39 424.6 20.9
21 41 566.7 73.5
21 48 338.3 295.2
21 49 366.2 130.0
21 50 384.3 146.9
21 51 169.6 393.0
21 52 162.1 375.9
22 1 374.9 172.4
22 2 599.2 282.0
22 3 132.7 24.4
22 4 151.8 57.6
22 6 542.5 101.2
22 7 66.5 250.8
22 8 291.4 103.6
22 9 303.7 140.4
22 10 286.2 173.3
22 11 204.3 215.1
22 12 233.1 227.8
22 13 201.7 235.4
22 14 163.8 282.7
22 15 33.9 241.2
22 17 594.0 197.3
22 22 534.9 289.6
22 23 552.8 306.6
22 24 357.7 300.0
22 25 359.8 159.2
22 28 477.8 249.0
22 29 570.7 219.9
22 30 601.2 238.4
22 33 182.3 196.3
22 35 157.7 182.9
22 36 178.9 174.8
22 37 288.3 93.5
22 39 421.4 15.2
22 41 566.2 74.3
22 43 635.6 27.7
22 44 625.7 10.0
22 48 337.6 291.4
22 49 366.2 130.0
22 50 384.3 146.9
22 51 169.6 393.0
22 52 162.1 375.9
23 1 373.9 175.3
23 2 598.6 284.3
23 3 121.1 12.3
23 4 138.1 46.1
23 6 550.3 105.3
23 7 48.5 253.6
23 8 307.3 93.5
23 9 306.0 128.0
23 10 286.0 162.3
23 11 228.3 216.3
23 12 251.3 228.7
23 13 213.2 236.3
23 14 179.9 280.8
23 15 46.6 236.3
23 17 584.8 197.5
23 22 551.7 286.2
23 23 571.6 309.7
23 24 355.3 297.1
23 25 359.8 159.2
23 28 499.0 249.6
23 29 561.7 220.0
23 30 592.6 240.1
23 32 580.7 336.2
23 33 172.8 198.8
23 35 154.3 184.9
23 36 172.5 177.8
23 37 285.7 94.3
23 39 420.4 13.2
23 41 562.9 69.0
23 43 626.7 40.1
23 44 619.3 24.5
23 48 337.6 291.4
23 49 366.2 130.0
23 50 384.3 146.9
23 51 169.6 393.0
23 52 162.1 375.9
24 1 377.6 172.4
24 2 599.8 282.7
24 4 127.8 37.5
24 6 554.1 105.2
24 7 36.9 255.3
24 8 319.8 85.6
24 9 311.6 111.3
24 10 286.9 151.6
24 11 240.7 216.9
24 12 274.2 229.6
24 13 234.2 242.2
24 14 192.3 277.8
24 15 55.3 233.4
24 17 565.1 198.2
24 22 567.4 291.2
24 23 583.5 311.7
24 24 356.1 299.3
24 25 359.8 159.2
24 28 533.6 250.7
24 29 552.0 219.6
24 30 584.6 239.0
24 31 613.1 218.2
24 32 557.9 338.2
24 33 163.2 201.0
24 35 148.3 186.9
24 36 167.4 182.0
24 37 283.0 99.2
24 38 2.5 12.8
24 39 421.7 15.0
24 40 424.1 48.7
24 41 557.3 59.5
24 43 617.9 55.6
24 44 612.1 38.2
24 47 631.6 122.3
24 48 337.6 291.4
24 49 366.2 130.0
24 50 384.3 146.9
24 51 169.6 393.0
24 52 162.1 375.9
25 1 375.8 173.4
25 2 602.4 281.9
25 4 116.0 26.9
25 6 553.0 106.3
25 9 317.0 95.0
25 10 290.3 142.2
25 11 257.3 214.7
25 12 291.4 231.5
25 13 250.3 238.4
25 14 217.3 271.4
25 15 65.3 228.9
25 16 53.5 334.8
25 17 545.5 198.6
25 22 577.7 295.2
25 23 601.5 314.7
25 24 355.3 297.1
25 25 359.8 159.2
25 28 547.4 251.4
25 29 541.7 219.3
25 30 576.6 237.4
25 31 599.9 221.6
25 32 543.9 339.2
25 33 154.4 202.2
25 35 142.8 187.0
25 36 165.5 184.0
25 37 279.8 107.9
25 38 4.7 13.0
25 39 425.3 20.6
25 40 426.0 55.6
25 41 551.3 49.0
25 43 608.8 70.5
25 44 602.6 51.7
25 47 616.6 120.7
25 48 337.6 291.4
25 49 366.2 130.0
25 50 384.3 146.9
25 51 169.6 393.0
25 52 162.1 375.9
