1 1 518.5 282.0
1 2 506.8 298.1
1 3 244.1 171.0
1 4 259.7 173.6
1 5 377.5 125.3
1 6 454.7 70.8
1 7 342.2 181.2
1 8 579.5 239.2
1 9 377.2 332.0
1 10 65.8 332.6
1 15 465.3 249.4
1 19 281.2 157.9
1 24 451.4 253.0
1 25 485.6 253.8
1 26 484.8 230.5
1 27 592.9 232.2
1 28 553.5 254.7
1 29 612.3 153.5
1 30 190.5 184.8
1 31 214.4 173.1
1 32 234.9 244.2
1 34 472.9 20.6
1 35 501.5 38.8
1 36 167.3 392.4
1 37 301.0 265.5
1 38 162.1 375.9
2 1 534.6 283.3
2 2 516.5 298.1
2 3 232.6 160.1
2 4 250.1 159.3
2 5 390.2 114.1
2 6 443.5 66.1
2 7 321.7 186.7
2 8 579.5 239.2
2 9 362.9 329.7
2 10 84.6 333.0
2 15 470.0 253.3
2 19 290.3 151.9
2 24 451.4 253.0
2 25 485.6 253.8
2 26 484.8 230.5
2 27 592.9 232.2
2 28 553.5 254.7
2 29 603.6 151.5
2 30 194.4 184.0
2 31 209.9 161.9
2 32 217.7 246.0
2 34 464.4 16.1
2 35 496.3 34.8
2 36 167.3 392.4
2 37 285.0 265.9
2 38 162.1 375.9
3 1 545.0 283.3
3 2 531.1 299.1
3 3 219.6 147.1
3 4 241.4 152.3
3 5 408.2 98.1
3 6 432.9 61.8
3 7 307.9 187.6
3 8 577.7 243.4
3 9 334.2 323.4
3 10 103.3 333.1
3 15 464.2 270.4
3 19 300.8 144.9
3 24 451.4 253.0
3 25 485.6 253.8
3 26 484.8 230.5
3 27 592.9 232.2
3 28 553.5 254.7
3 29 594.2 149.9
3 30 181.9 169.0
3 31 203.3 157.7
3 32 191.5 246.1
3 34 458.9 15.4
3 35 488.2 32.1
3 36 167.3 392.4
3 37 261.9 258.3
3 38 162.1 375.9
4 1 557.3 275.3
4 2 544.4 299.8
4 3 211.8 137.4
4 4 231.0 147.5
4 5 421.2 88.0
4 7 296.9 184.6
4 8 570.6 245.3
4 9 305.0 317.0
4 10 113.6 332.2
4 12 570.9 368.4
4 15 465.8 271.2
4 19 309.9 138.9
4 24 451.4 253.0
4 25 490.2 250.4
4 26 484.8 230.5
4 27 592.9 232.2
4 28 553.5 254.7
4 29 585.2 147.7
4 30 178.1 162.8
4 31 198.5 141.1
4 32 165.3 246.4
4 34 454.1 12.6
4 35 477.2 30.0
4 36 167.3 392.4
4 37 243.0 255.5
4 38 162.1 375.9
5 1 573.3 281.5
5 2 554.4 299.9
5 3 200.0 121.6
5 4 219.8 142.2
5 5 432.4 81.6
5 7 279.1 180.1
5 8 570.6 245.3
5 9 290.7 314.2
5 10 130.0 329.8
5 11 57.1 344.4
5 12 542.0 353.1
5 15 468.4 277.1
5 19 313.8 129.3
5 24 451.4 253.0
5 25 490.2 250.4
5 26 484.8 230.5
5 27 592.9 232.2
5 28 553.5 254.7
5 29 577.4 144.3
5 30 174.5 155.2
5 31 192.4 133.7
5 32 150.6 246.9
5 34 448.6 4.8
5 35 465.4 27.7
5 36 167.3 392.4
5 37 230.2 254.9
5 38 162.1 375.9
6 1 591.1 280.4
6 2 571.2 300.0
6 3 186.8 103.7
6 4 212.7 134.3
6 5 449.1 73.1
6 7 263.4 175.3
6 8 570.6 245.3
6 9 254.4 307.6
6 10 151.5 326.7
6 11 66.2 342.2
6 12 529.0 347.1
6 15 466.2 296.5
6 19 310.8 113.2
6 24 451.4 253.0
6 25 490.2 250.4
6 26 484.8 230.5
6 27 592.9 232.2
6 28 553.5 254.7
6 29 569.6 141.9
6 30 175.4 158.3
6 31 183.7 134.8
6 32 122.0 248.1
6 35 455.7 25.0
6 36 167.3 392.4
6 37 208.0 247.1
6 38 162.1 375.9
7 1 603.6 279.7
7 2 587.9 300.1
7 3 179.1 92.1
7 4 203.2 117.4
7 5 463.6 63.9
7 7 253.2 170.6
7 8 570.6 245.3
7 9 228.3 302.7
7 10 164.4 326.3
7 11 76.4 339.7
7 12 505.6 337.9
7 15 472.8 302.2
7 19 309.9 101.0
7 24 451.4 253.0
7 25 490.2 250.4
7 26 484.8 230.5
7 27 592.9 232.2
7 28 553.5 254.7
7 29 562.9 138.1
7 30 168.0 145.4
7 31 182.5 132.8
7 32 104.6 248.7
7 35 446.2 23.6
7 36 167.3 392.4
7 37 184.9 241.7
7 38 162.1 375.9
8 3 169.0 74.8
8 4 190.1 94.3
8 5 472.0 54.2
8 7 237.8 163.5
8 8 575.1 243.5
8 9 209.8 298.7
8 10 185.4 328.8
8 11 85.8 337.7
8 12 492.5 334.0
8 15 486.6 307.6
8 19 309.3 84.6
8 24 451.4 253.0
8 25 490.2 250.4
8 26 484.8 230.5
8 27 592.9 232.2
8 28 553.5 254.7
8 29 557.7 131.1
8 30 165.2 138.3
8 31 179.5 114.6
8 32 88.7 249.0
8 35 437.3 21.0
8 36 167.3 392.4
8 37 172.0 236.9
8 38 162.1 375.9
9 3 155.5 52.2
9 4 181.4 82.7
9 5 480.8 40.2
9 7 221.8 155.5
9 8 575.1 243.5
9 9 170.7 290.1
9 10 221.2 333.1
9 11 93.9 336.4
9 12 464.9 327.7
9 15 494.4 314.3
9 19 308.7 67.8
9 24 451.4 253.0
9 25 490.2 250.4
9 26 484.8 230.5
9 27 592.9 232.2
9 28 553.5 254.7
9 29 552.1 124.0
9 30 164.3 132.2
9 31 181.5 124.5
9 32 59.4 249.7
9 35 429.9 14.7
9 36 167.3 392.4
9 37 148.7 227.8
9 38 162.1 375.9
10 3 144.7 38.2
10 4 170.2 69.5
10 5 491.9 21.0
10 7 212.4 148.9
10 8 575.1 243.5
10 9 149.3 285.9
10 10 236.4 335.0
10 11 103.7 334.9
10 12 448.8 323.1
10 15 511.3 332.8
10 19 308.3 55.6
10 24 451.4 253.0
10 25 484.6 254.7
10 26 484.8 230.5
10 27 592.9 232.2
10 28 553.5 254.7
10 29 547.1 116.3
10 30 166.0 123.8
10 31 177.8 110.8
10 32 37.6 250.2
10 35 426.5 11.4
10 36 167.3 392.4
10 37 134.5 227.3
10 38 162.1 375.9
11 3 131.6 26.3
11 4 157.6 54.6
11 5 503.5 4.6
11 7 201.9 142.0
11 8 575.1 243.5
11 9 127.9 283.7
11 10 262.6 338.1
11 11 116.1 332.7
11 12 433.5 316.3
11 15 518.4 344.4
11 19 308.0 44.3
11 24 451.4 253.0
11 25 484.6 254.7
11 26 484.8 230.5
11 27 592.9 232.2
11 28 553.5 254.7
11 29 542.9 108.2
11 30 168.3 119.5
11 31 179.2 98.8
11 35 424.3 9.2
11 36 167.3 392.4
11 37 127.3 226.6
11 38 162.1 375.9
12 3 111.7 8.1
12 4 148.6 43.3
12 7 189.1 134.3
12 8 575.1 243.5
12 9 91.3 279.9
12 10 296.9 342.3
12 11 128.5 330.8
12 12 407.6 304.9
12 13 53.6 301.1
12 14 48.3 322.6
12 15 521.3 366.1
12 19 307.9 32.8
12 24 451.4 253.0
12 25 484.6 254.7
12 26 484.8 230.5
12 27 592.9 232.2
12 28 553.5 254.7
12 29 537.4 101.2
12 30 163.8 93.6
12 31 179.6 76.3
12 36 167.3 392.4
12 37 107.5 224.4
12 38 162.1 375.9
13 4 132.4 21.1
13 7 180.9 125.4
13 8 574.2 240.2
13 9 71.8 276.5
13 10 311.1 344.6
13 11 138.5 329.9
13 12 393.2 298.4
13 13 63.9 298.4
13 14 56.0 319.5
13 15 526.2 377.4
13 19 307.8 20.8
13 24 451.4 253.0
13 25 484.6 254.7
13 26 484.8 230.5
13 27 592.9 232.2
13 28 553.5 254.7
13 29 534.8 92.6
13 30 159.8 81.7
13 31 175.6 65.0
13 36 167.3 392.4
13 37 98.5 228.1
13 38 162.1 375.9
14 4 115.9 1.0
14 7 177.4 114.4
14 8 572.7 239.4
14 9 25.4 266.4
14 10 338.7 350.4
14 11 147.2 329.5
14 12 380.3 292.4
14 13 75.5 295.3
14 14 65.2 315.4
14 15 539.0 390.3
14 24 451.4 253.0
14 25 484.6 254.7
14 26 484.8 230.5
14 27 592.9 232.2
14 28 553.5 254.7
14 29 536.1 82.5
14 30 156.1 67.6
14 31 169.0 54.6
14 36 167.3 392.4
14 37 87.6 226.6
14 38 162.1 375.9
15 7 174.9 99.0
15 8 570.4 238.6
15 10 370.5 356.8
15 11 158.3 328.6
15 12 356.2 281.0
15 13 85.4 292.4
15 14 76.0 310.4
15 15 545.8 400.3
15 24 451.4 253.0
15 25 484.6 254.7
15 26 484.8 230.5
15 27 592.9 232.2
15 28 553.5 254.7
15 29 538.2 75.1
15 30 149.4 57.1
15 31 162.2 42.8
15 36 167.3 392.4
15 37 73.5 226.9
15 38 162.1 375.9
16 7 171.0 84.1
16 8 575.1 243.5
16 10 384.2 357.9
16 11 171.0 327.7
16 12 337.7 272.7
16 13 93.3 289.6
16 14 86.4 306.3
16 15 555.9 414.8
16 24 451.4 253.0
16 25 484.6 254.7
16 26 484.8 230.5
16 27 592.9 232.2
16 28 553.5 254.7
16 29 539.2 67.5
16 30 140.0 48.7
16 31 154.3 33.1
16 36 167.3 392.4
16 37 61.3 231.6
16 38 162.1 375.9
17 7 162.9 76.0
17 8 577.1 238.5
17 10 416.8 359.0
17 11 181.3 328.1
17 12 326.8 268.8
17 13 102.9 285.6
17 14 95.6 303.9
17 15 562.9 419.6
17 24 451.4 253.0
17 25 484.6 254.7
17 26 484.8 230.5
17 27 593.8 238.9
17 28 553.5 254.7
17 29 538.2 57.2
17 30 129.2 38.9
17 31 144.0 23.6
17 33 464.0 0.4
17 36 167.3 392.4
17 37 48.1 228.4
17 38 162.1 375.9
18 7 153.0 68.6
18 8 575.1 243.5
18 10 453.9 360.0
18 11 190.2 329.9
18 12 305.9 261.6
18 13 115.2 280.1
18 14 104.2 303.0
18 15 570.7 424.8
18 20 49.1 302.2
18 24 451.4 253.0
18 25 484.6 254.7
18 26 483.4 233.9
18 27 593.8 238.9
18 28 553.5 254.7
18 29 537.2 46.5
18 30 119.1 31.0
18 31 130.4 10.4
18 33 462.7 7.2
18 36 167.3 392.4
18 37 37.6 232.1
18 38 162.1 375.9
19 7 142.0 60.0
19 8 575.1 243.5
19 10 468.6 359.9
19 11 202.4 333.1
19 12 281.3 253.1
19 13 126.9 275.9
19 14 115.5 302.2
19 20 57.6 300.5
19 21 49.6 325.9
19 24 451.4 253.0
19 25 492.5 252.0
19 26 483.4 233.9
19 27 593.8 238.9
19 28 553.5 254.7
19 29 536.2 35.8
19 30 108.4 23.1
19 33 462.3 7.5
19 36 167.3 392.4
19 38 162.1 375.9
20 7 131.0 52.4
20 8 575.1 243.5
20 10 494.3 358.6
20 11 217.3 337.1
20 12 268.1 248.7
20 13 136.3 274.3
20 14 128.7 301.2
20 15 564.7 416.3
20 20 67.0 298.3
20 21 61.2 321.3
20 22 43.7 269.3
20 24 451.4 253.0
20 25 495.2 251.1
20 26 483.4 233.9
20 27 593.8 238.9
20 28 553.5 254.7
20 29 533.7 25.2
20 30 96.3 14.0
20 33 461.6 13.4
20 36 167.3 392.4
20 38 162.1 375.9
21 7 120.6 46.9
21 8 575.1 243.5
21 10 529.8 356.8
21 11 229.0 339.2
21 12 250.9 243.9
21 13 147.7 273.6
21 14 139.3 300.3
21 15 556.5 408.1
21 20 75.9 297.1
21 21 74.9 316.3
21 22 56.4 266.3
21 24 451.4 253.0
21 25 495.2 251.1
21 26 483.4 233.9
21 27 593.8 238.9
21 28 553.5 254.7
21 29 531.5 16.0
21 30 85.1 6.7
21 33 460.0 25.9
21 36 167.3 392.4
21 38 162.1 375.9
22 7 108.3 41.4
22 8 575.1 243.5
22 10 545.5 355.9
22 11 237.9 339.5
22 12 225.0 236.4
22 13 163.9 272.6
22 14 149.4 299.2
22 15 550.4 401.7
22 20 84.5 296.7
22 21 84.6 315.1
22 22 69.9 263.2
22 24 451.4 253.0
22 25 495.2 251.1
22 26 483.4 233.9
22 27 593.8 238.9
22 28 553.5 254.7
22 29 531.6 9.3
22 30 73.8 0.3
22 33 455.4 40.9
22 36 167.3 392.4
22 38 162.1 375.9
23 7 92.5 34.4
23 8 575.1 243.5
23 10 580.4 353.7
23 11 249.8 339.8
23 12 212.4 230.4
23 13 177.9 271.8
23 14 166.7 297.2
23 15 543.2 393.3
23 16 25.0 229.8
23 20 93.9 296.1
23 21 94.0 315.6
23 22 79.8 261.0
23 24 451.4 253.0
23 25 495.2 251.1
23 26 483.4 233.9
23 27 593.8 238.9
23 28 553.5 254.7
23 29 534.0 5.2
23 33 453.4 52.5
23 36 167.3 392.4
23 38 162.1 375.9
24 7 77.8 27.8
24 8 575.3 239.3
24 11 265.3 340.2
24 12 200.7 222.1
24 13 187.7 271.4
24 14 187.9 294.8
24 15 527.0 375.2
24 16 39.0 229.0
24 20 103.8 295.4
24 21 104.4 316.1
24 22 89.0 258.7
24 23 58.2 346.4
24 24 451.4 253.0
24 25 495.2 251.1
24 26 483.4 233.9
24 27 593.8 238.9
24 28 552.8 257.9
24 29 534.4 2.2
24 33 460.5 54.9
24 36 167.3 392.4
24 38 162.1 375.9
25 7 66.2 22.4
25 8 575.3 239.3
25 11 278.4 340.1
25 12 187.0 212.4
25 13 201.4 271.2
25 14 202.2 293.3
25 15 514.3 359.7
25 16 55.3 228.3
25 17 29.0 251.0
25 18 20.3 203.6
25 20 113.0 295.7
25 21 113.2 315.8
25 22 100.0 255.9
25 23 64.6 344.8
25 24 451.4 253.0
25 25 489.2 257.0
25 26 483.4 233.9
25 27 593.8 238.9
25 28 552.8 257.9
25 33 471.6 53.6
25 36 167.3 392.4
25 38 162.1 375.9
