1 1 522.0 290.0
1 2 494.0 332.2
1 3 150.2 277.2
1 4 153.4 253.7
1 5 157.3 236.0
1 6 58.1 314.1
1 7 266.1 263.6
1 8 340.6 435.5
1 9 355.9 201.1
1 10 343.1 240.2
1 11 414.0 219.9
1 12 484.1 235.3
1 13 494.1 219.3
1 14 570.5 219.0
1 20 556.7 21.1
1 21 563.4 175.7
1 22 563.5 153.9
1 23 597.1 286.1
1 24 504.4 170.7
1 25 537.6 152.2
1 26 441.1 356.7
1 27 439.1 337.5
1 28 200.3 297.9
1 35 587.3 59.5
1 36 393.2 193.4
1 37 387.7 439.2
1 38 318.4 442.0
1 39 468.3 259.9
1 40 480.8 344.8
1 41 406.6 118.6
1 42 511.3 201.6
1 43 555.9 235.9
1 44 481.5 38.0
1 45 597.8 77.9
1 46 592.8 32.5
1 47 602.7 170.7
1 48 600.2 113.4
1 49 619.8 26.0
1 51 331.6 381.7
1 52 350.4 404.8
1 53 320.0 403.8
1 54 482.2 287.1
1 55 504.5 307.6
1 56 503.9 278.1
1 57 519.8 330.1
1 58 168.4 390.5
1 59 167.8 373.8
2 1 522.0 290.0
2 2 494.0 332.2
2 3 142.2 272.4
2 4 146.3 254.3
2 5 149.0 237.1
2 7 282.7 273.4
2 8 341.3 434.9
2 9 331.6 200.5
2 10 319.3 240.4
2 11 403.5 215.4
2 12 474.9 234.3
2 13 481.4 218.0
2 14 562.4 225.3
2 20 559.3 9.3
2 21 573.5 173.5
2 22 571.9 151.4
2 24 524.4 172.3
2 25 543.3 141.4
2 26 458.9 359.1
2 27 455.2 344.7
2 28 224.8 299.2
2 29 53.6 287.7
2 30 28.0 235.8
2 35 588.0 56.0
2 36 367.1 189.3
2 37 387.7 439.2
2 38 330.1 441.4
2 39 478.8 259.4
2 40 508.1 356.0
2 41 395.6 126.3
2 42 493.9 193.1
2 43 544.1 227.2
2 44 480.7 37.9
2 45 588.5 74.2
2 46 589.1 36.1
2 47 605.9 182.2
2 48 607.3 132.1
2 49 618.7 29.1
2 51 331.6 381.7
2 52 350.4 404.8
2 53 320.0 403.8
2 54 482.2 287.1
2 55 504.5 307.6
2 56 503.9 278.1
2 57 519.8 330.1
2 58 168.4 390.5
2 59 167.8 373.8
3 1 522.0 290.0
3 2 494.0 332.2
3 3 140.2 272.9
3 4 139.2 254.8
3 5 140.8 238.3
3 7 296.5 281.4
3 8 335.0 428.8
3 9 311.3 200.1
3 10 304.6 237.7
3 11 388.1 207.9
3 12 462.0 235.5
3 13 471.7 217.7
3 14 558.7 230.5
3 21 593.8 166.7
3 22 582.1 147.6
3 24 535.5 175.2
3 25 551.1 126.1
3 26 480.8 362.1
3 27 467.7 348.6
3 28 239.1 297.9
3 29 76.3 285.9
3 30 37.2 232.0
3 31 33.3 253.7
3 35 595.1 36.0
3 36 353.5 186.8
3 37 387.7 439.2
3 38 334.9 443.1
3 39 502.7 257.3
3 40 525.1 360.4
3 41 384.5 132.3
3 42 481.0 187.9
3 43 528.3 215.9
3 44 475.2 35.8
3 45 575.3 74.2
3 46 604.8 14.2
3 47 609.9 200.9
3 48 622.4 143.0
3 49 616.7 34.6
3 50 637.7 55.2
3 51 331.6 381.7
3 52 350.4 404.8
3 53 320.0 403.8
3 54 482.2 287.1
3 55 504.5 307.6
3 56 503.9 278.1
3 57 519.8 330.1
3 58 168.4 390.5
3 59 167.8 373.8
4 1 522.0 290.0
4 2 494.0 332.2
4 3 138.2 273.4
4 4 135.6 254.3
4 5 132.5 239.7
4 7 308.5 288.3
4 8 330.8 431.7
4 9 298.9 200.2
4 10 280.4 233.2
4 11 370.4 199.8
4 12 449.1 237.1
4 13 458.9 217.4
4 14 545.7 231.6
4 21 601.8 166.5
4 22 593.8 142.9
4 24 552.5 182.0
4 25 560.4 106.8
4 26 491.9 363.6
4 27 480.0 349.2
4 28 250.7 293.4
4 29 90.2 286.8
4 30 49.7 226.4
4 31 45.2 250.7
4 35 595.4 44.3
4 36 320.9 180.1
4 37 387.7 439.2
4 38 342.1 441.6
4 39 516.4 257.7
4 40 541.3 358.2
4 41 370.1 140.3
4 42 461.0 179.9
4 43 518.7 210.7
4 44 465.1 32.0
4 45 569.3 67.2
4 46 604.2 21.5
4 47 607.6 212.5
4 48 632.2 154.5
4 49 621.7 37.9
4 50 632.8 63.2
4 51 331.6 381.7
4 52 350.4 404.8
4 53 320.0 403.8
4 54 482.2 287.1
4 55 504.5 307.6
4 56 503.9 278.1
4 57 519.8 330.1
4 58 168.4 390.5
4 59 167.8 373.8
5 1 522.0 290.0
5 2 494.0 332.2
5 3 135.9 281.5
5 4 135.4 252.9
5 5 127.0 240.6
5 7 332.0 302.0
5 8 328.4 433.0
5 9 273.5 200.5
5 10 267.3 231.9
5 11 358.7 196.1
5 12 439.4 237.4
5 13 441.5 217.0
5 14 529.9 234.5
5 21 621.6 161.5
5 22 604.6 139.7
5 24 567.8 186.7
5 25 562.1 94.3
5 26 507.8 365.9
5 27 501.6 350.4
5 28 271.1 285.8
5 29 105.2 290.8
5 30 61.6 221.7
5 31 59.2 247.1
5 35 597.4 25.2
5 36 287.8 174.0
5 37 387.7 439.2
5 38 349.6 439.9
5 39 535.6 259.5
5 40 570.3 354.2
5 41 360.8 156.3
5 42 449.9 181.2
5 43 501.7 202.1
5 44 451.0 27.3
5 45 565.0 57.0
5 46 611.8 28.6
5 47 601.8 229.6
5 49 613.5 46.2
5 50 629.6 68.5
5 51 331.6 381.7
5 52 350.4 404.8
5 53 320.0 403.8
5 54 482.2 287.1
5 55 504.5 307.6
5 56 503.9 278.1
5 57 519.8 330.1
5 58 168.4 390.5
5 59 167.8 373.8
6 1 522.0 290.0
6 2 494.0 332.2
6 3 137.3 279.9
6 4 132.1 261.4
6 5 125.4 240.6
6 7 346.2 309.3
6 8 324.9 436.0
6 9 249.7 201.1
6 10 246.2 231.0
6 11 333.5 189.1
6 12 425.9 237.4
6 13 427.1 217.0
6 14 517.4 234.0
6 21 635.0 156.7
6 22 615.0 138.6
6 24 582.3 187.4
6 25 562.0 81.3
6 26 529.1 368.9
6 27 515.1 350.1
6 28 284.1 279.2
6 29 123.0 295.5
6 30 70.9 219.4
6 31 68.8 244.2
6 32 48.5 293.9
6 35 586.5 37.0
6 36 272.8 173.7
6 37 387.7 439.2
6 38 355.7 440.8
6 39 545.0 265.8
6 40 591.1 351.3
6 41 345.2 154.6
6 42 431.5 169.6
6 43 488.9 196.0
6 44 438.6 42.5
6 45 560.5 46.5
6 46 599.9 37.1
6 47 599.6 240.9
6 49 613.4 49.2
6 50 624.2 78.0
6 51 331.6 381.7
6 52 350.4 404.8
6 53 320.0 403.8
6 54 482.2 287.1
6 55 504.5 307.6
6 56 503.9 278.1
6 57 519.8 330.1
6 58 168.4 390.5
6 59 167.8 373.8
7 1 522.0 290.0
7 2 494.0 332.2
7 3 135.7 275.9
7 4 127.4 259.0
7 5 127.8 239.7
7 7 359.4 314.1
7 8 322.1 439.9
7 9 237.7 202.3
7 10 225.1 230.4
7 11 310.6 188.0
7 12 408.5 237.4
7 13 417.3 217.5
7 14 499.5 239.4
7 22 629.8 138.3
7 24 611.5 188.4
7 25 561.5 67.9
7 26 539.9 370.2
7 27 531.7 347.5
7 28 293.6 271.3
7 29 135.5 298.8
7 30 81.1 217.4
7 31 74.1 242.5
7 32 59.5 298.1
7 33 60.7 350.5
7 35 582.0 47.2
7 36 241.4 174.4
7 37 387.7 439.2
7 38 357.2 441.1
7 39 559.5 283.6
7 41 331.3 161.8
7 42 420.1 165.0
7 43 473.6 188.8
7 44 426.9 24.8
7 45 557.2 36.8
7 46 597.9 37.9
7 47 597.4 256.7
7 49 610.7 59.0
7 50 621.9 86.1
7 51 331.6 381.7
7 52 350.4 404.8
7 53 320.0 403.8
7 54 484.8 291.6
7 55 504.5 307.6
7 56 495.4 280.6
7 57 519.8 330.1
7 58 168.4 390.5
7 59 167.8 373.8
8 1 522.0 290.0
8 2 494.0 332.2
8 3 137.2 279.1
8 4 132.0 260.6
8 5 122.2 236.3
8 7 383.0 322.7
8 8 322.7 442.2
8 9 217.4 204.7
8 10 213.7 230.9
8 11 297.7 180.8
8 12 396.2 237.6
8 13 407.5 218.0
8 14 479.6 243.2
8 15 567.5 416.8
8 24 630.5 189.2
8 25 560.2 56.9
8 26 559.4 372.2
8 27 553.4 344.2
8 28 310.2 257.7
8 29 163.2 306.3
8 30 92.4 215.2
8 31 77.1 241.7
8 32 71.0 302.0
8 33 75.9 349.2
8 35 577.4 57.3
8 36 217.6 174.9
8 37 387.7 439.2
8 38 355.7 440.8
8 39 566.8 292.8
8 41 312.9 158.3
8 42 416.3 163.7
8 43 452.3 179.5
8 44 424.0 8.3
8 45 557.6 26.8
8 46 596.6 41.6
8 47 599.8 265.8
8 49 606.8 70.9
8 50 622.1 95.2
8 51 331.6 381.7
8 52 350.4 404.8
8 53 320.0 403.8
8 54 484.8 291.6
8 55 504.5 307.6
8 56 495.4 280.6
8 57 519.8 330.1
8 58 168.4 390.5
8 59 167.8 373.8
9 1 522.0 290.0
9 2 494.0 332.2
9 3 140.0 280.6
9 4 127.0 261.5
9 5 122.8 244.0
9 7 400.6 328.6
9 8 320.1 442.9
9 9 197.2 207.1
9 10 196.5 231.7
9 11 270.4 177.0
9 12 387.7 237.8
9 13 396.8 218.6
9 14 465.4 248.6
9 15 553.4 414.3
9 25 559.4 45.6
9 26 581.7 374.4
9 27 563.5 342.1
9 28 321.2 247.6
9 29 185.6 311.9
9 30 101.7 213.5
9 31 83.2 239.2
9 32 80.2 303.4
9 33 91.7 347.8
9 35 574.8 63.1
9 36 202.5 175.3
9 37 387.7 439.2
9 38 358.7 441.4
9 39 577.1 308.6
9 41 299.8 158.2
9 42 415.8 164.0
9 43 440.1 178.3
9 44 415.5 1.6
9 45 562.3 16.2
9 46 596.6 47.7
9 47 605.3 278.8
9 49 603.5 82.6
9 50 623.4 102.8
9 51 331.6 381.7
9 52 350.4 404.8
9 53 320.0 403.8
9 54 484.8 291.6
9 55 504.5 307.6
9 56 495.4 280.6
9 57 519.8 330.1
9 58 168.4 390.5
9 59 167.8 373.8
10 1 522.0 290.0
10 2 494.0 332.2
10 3 137.4 280.7
10 4 123.6 261.6
10 5 122.1 244.9
10 7 412.5 331.0
10 8 313.7 442.5
10 9 186.5 208.8
10 10 184.4 232.3
10 11 249.2 172.1
10 12 379.3 237.3
10 13 387.0 219.4
10 14 446.8 249.8
10 15 537.5 411.4
10 16 569.7 400.9
10 25 557.9 34.3
10 27 574.7 340.3
10 28 328.4 238.9
10 29 200.6 313.9
10 30 111.0 212.5
10 31 89.9 236.8
10 32 92.1 304.5
10 33 101.6 346.9
10 35 574.4 63.9
10 36 175.1 175.9
10 37 387.7 439.2
10 38 359.2 440.6
10 39 588.0 322.8
10 41 280.9 158.1
10 42 410.6 159.9
10 43 420.3 178.2
10 45 567.0 5.0
10 46 598.0 56.8
10 47 609.4 288.6
10 49 601.9 93.7
10 50 624.5 107.8
10 51 331.6 381.7
10 52 350.4 404.8
10 53 320.0 403.8
10 54 484.8 291.6
10 55 504.5 307.6
10 56 495.4 280.6
10 57 519.8 330.1
10 58 168.4 390.5
10 59 167.8 373.8
11 1 522.0 290.0
11 2 494.0 332.2
11 3 131.8 281.6
11 4 126.6 268.1
11 5 129.5 247.2
11 7 440.8 336.1
11 8 321.1 441.6
11 9 175.9 211.0
11 10 174.4 232.7
11 11 237.8 165.0
11 12 371.0 237.1
11 13 378.5 220.4
11 14 426.4 251.9
11 15 528.8 409.9
11 16 551.2 398.8
11 25 554.4 24.3
11 27 584.9 342.1
11 28 339.2 225.1
11 29 236.0 318.4
11 30 121.6 212.2
11 31 95.7 235.3
11 32 106.5 305.9
11 33 119.2 345.2
11 35 575.2 62.0
11 36 160.1 176.1
11 37 387.7 439.2
11 38 359.2 440.6
11 39 591.9 319.4
11 41 269.0 158.2
11 42 414.0 158.1
11 43 408.2 175.7
11 46 599.1 64.3
11 49 601.1 105.2
11 50 624.3 116.4
11 51 331.6 381.7
11 52 350.4 404.8
11 53 320.0 403.8
11 54 484.8 291.6
11 55 504.5 307.6
11 56 495.4 280.6
11 57 519.8 330.1
11 58 168.4 390.5
11 59 167.8 373.8
12 1 522.0 290.0
12 2 494.0 332.2
12 3 126.9 282.5
12 4 117.4 263.4
12 5 113.4 244.5
12 7 456.0 344.9
12 8 321.1 441.6
12 9 165.8 212.3
12 10 163.8 233.3
12 11 215.9 151.6
12 12 362.7 238.8
12 13 371.7 221.2
12 14 413.5 255.5
12 15 514.5 407.5
12 16 535.4 396.9
12 25 550.3 14.9
12 27 595.7 344.0
12 28 348.9 215.5
12 29 258.6 320.9
12 30 131.4 210.9
12 31 101.4 231.7
12 32 117.0 306.7
12 33 145.5 342.6
12 35 574.2 64.4
12 36 144.3 174.9
12 37 387.7 439.2
12 38 359.2 440.6
12 39 592.8 315.9
12 41 253.3 157.8
12 42 415.5 161.9
12 43 396.5 171.9
12 46 598.6 74.5
12 49 597.7 115.7
12 50 622.8 124.8
12 51 331.6 381.7
12 52 350.4 404.8
12 53 320.0 403.8
12 54 484.8 291.6
12 55 504.5 307.6
12 56 495.4 280.6
12 57 519.8 330.1
12 58 168.4 390.5
12 59 167.8 373.8
13 1 518.0 285.5
13 2 494.0 332.2
13 3 113.6 281.7
13 4 114.2 264.8
13 5 110.3 245.5
13 7 478.9 349.7
13 8 321.1 441.6
13 9 157.5 212.1
13 10 155.6 234.3
13 11 197.1 137.9
13 12 354.6 241.8
13 13 366.0 221.8
13 14 398.7 263.2
13 15 498.2 404.7
13 16 526.4 395.3
13 25 546.3 5.8
13 28 358.3 209.5
13 29 274.5 321.6
13 30 139.1 207.1
13 31 107.4 226.9
13 32 131.3 307.6
13 33 161.9 341.3
13 35 571.0 71.4
13 36 122.7 173.3
13 37 387.7 439.2
13 38 359.2 440.6
13 39 592.6 314.8
13 41 234.9 157.7
13 42 414.1 157.1
13 43 385.7 166.8
13 46 599.4 81.5
13 49 595.1 122.0
13 50 621.2 131.0
13 51 331.6 381.7
13 52 350.4 404.8
13 53 320.0 403.8
13 54 484.8 291.6
13 55 504.5 307.6
13 56 495.4 280.6
13 57 519.8 330.1
13 58 168.4 390.5
13 59 167.8 373.8
14 1 520.1 287.0
14 2 494.0 332.2
14 3 100.6 285.7
14 4 108.1 265.8
14 5 107.9 246.3
14 7 504.8 351.1
14 8 322.4 441.6
14 9 150.6 210.9
14 10 149.7 235.2
14 11 190.4 127.0
14 12 346.8 245.6
14 13 358.8 222.7
14 14 378.6 266.9
14 15 489.2 402.4
14 16 510.1 392.7
14 17 570.5 420.0
14 28 372.4 200.4
14 29 308.7 323.0
14 30 144.9 200.7
14 31 113.1 222.9
14 32 155.1 309.1
14 33 177.0 341.0
14 35 567.0 81.9
14 36 110.6 176.3
14 37 387.7 439.2
14 38 359.2 440.6
14 39 595.4 310.3
14 41 223.8 160.2
14 42 410.8 164.9
14 43 383.2 170.4
14 46 598.4 88.8
14 49 595.2 122.7
14 50 622.8 138.6
14 51 331.6 381.7
14 52 350.4 404.8
14 53 320.0 403.8
14 54 484.8 291.6
14 55 504.5 307.6
14 56 495.4 280.6
14 57 519.8 330.1
14 58 168.4 390.5
14 59 167.8 373.8
15 1 520.1 287.0
15 2 494.0 332.2
15 3 89.0 288.7
15 4 97.2 267.0
15 5 103.2 247.7
15 7 518.2 355.6
15 8 322.4 442.1
15 9 143.7 211.5
15 10 142.2 235.8
15 11 183.7 110.8
15 12 338.7 248.0
15 13 350.2 223.8
15 14 361.6 267.2
15 15 476.8 398.5
15 16 491.6 389.4
15 17 561.5 418.2
15 18 572.7 398.5
15 28 383.8 194.1
15 29 335.7 324.3
15 30 149.2 192.2
15 31 116.3 214.5
15 32 170.5 309.9
15 33 211.9 340.3
15 35 566.4 92.2
15 36 101.5 184.8
15 37 387.7 439.2
15 38 359.2 440.6
15 39 600.3 303.1
15 41 208.6 166.6
15 42 413.0 159.1
15 43 376.7 164.0
15 46 594.1 97.8
15 49 597.7 118.7
15 50 625.6 142.3
15 51 331.6 381.7
15 52 350.4 404.8
15 53 320.0 403.8
15 54 484.8 291.6
15 55 504.5 307.6
15 56 495.4 280.6
15 57 519.8 330.1
15 58 168.4 390.5
15 59 167.8 373.8
16 1 520.1 287.0
16 2 494.0 332.2
16 3 77.5 290.2
16 4 80.1 268.9
16 5 96.2 249.9
16 7 540.8 369.8
16 8 321.1 441.6
16 9 136.6 214.7
16 10 134.4 236.1
16 11 175.7 94.1
16 12 330.2 248.4
16 13 341.0 225.0
16 14 344.6 271.6
16 15 458.8 392.9
16 16 482.0 386.2
16 17 547.2 415.6
16 18 562.5 396.6
16 28 394.9 189.5
16 29 349.5 325.3
16 30 154.0 191.4
16 31 119.4 194.9
16 32 186.9 310.4
16 33 237.2 339.5
16 35 565.5 102.3
16 36 87.9 198.5
16 37 387.7 439.2
16 38 359.2 440.6
16 39 605.7 295.3
16 41 193.2 171.5
16 42 411.2 158.1
16 43 378.1 161.3
16 46 591.4 103.4
16 49 597.9 118.1
16 50 627.5 141.0
16 51 331.6 381.7
16 52 350.4 404.8
16 53 320.0 403.8
16 54 484.8 291.6
16 55 504.5 307.6
16 56 495.4 280.6
16 57 519.8 330.1
16 58 168.4 390.5
16 59 167.8 373.8
17 1 520.1 287.0
17 2 494.0 332.2
17 3 57.2 292.8
17 4 68.7 269.9
17 5 82.2 252.1
17 7 556.7 373.8
17 8 322.4 441.6
17 9 132.5 217.9
17 10 128.1 235.9
17 11 167.3 84.2
17 12 321.1 248.7
17 13 331.4 226.5
17 14 331.8 272.2
17 15 448.0 389.3
17 16 472.0 380.6
17 17 534.6 412.8
17 18 549.6 394.2
17 28 412.1 182.0
17 29 383.1 327.8
17 30 158.9 198.3
17 31 124.9 191.0
17 32 219.1 311.3
17 33 250.9 338.4
17 35 561.4 112.2
17 36 75.9 208.0
17 37 387.7 439.2
17 38 359.2 440.6
17 41 181.7 170.7
17 42 412.1 159.1
17 43 380.6 167.5
17 46 593.8 105.5
17 49 595.0 122.9
17 50 625.7 146.7
17 51 331.6 381.7
17 52 350.4 404.8
17 53 320.0 403.8
17 54 484.8 291.6
17 55 504.5 307.6
17 56 495.4 280.6
17 57 519.8 330.1
17 58 168.4 390.5
17 59 167.8 373.8
18 1 520.1 287.0
18 2 494.0 332.2
18 3 42.9 294.7
18 4 48.4 271.5
18 5 58.1 253.8
18 7 573.7 388.1
18 8 324.5 441.0
18 9 127.6 220.0
18 10 122.2 235.9
18 11 153.7 70.1
18 12 311.5 249.0
18 13 322.0 227.7
18 14 306.4 273.4
18 15 438.2 385.8
18 16 456.5 371.8
18 17 527.7 409.7
18 18 541.5 391.8
18 28 429.1 175.1
18 29 400.3 333.2
18 30 160.9 197.8
18 31 130.0 202.2
18 32 237.2 312.0
18 33 283.0 335.6
18 35 558.0 119.7
18 36 66.8 211.0
18 37 387.7 439.2
18 38 359.2 440.6
18 41 163.5 168.1
18 42 412.8 162.0
18 43 377.7 170.5
18 46 587.7 110.1
18 49 590.3 131.2
18 50 622.8 155.0
18 51 331.6 381.7
18 52 350.4 404.8
18 53 320.0 403.8
18 54 484.8 291.6
18 55 504.5 307.6
18 56 495.4 280.6
18 57 519.8 330.1
18 58 168.4 390.5
18 59 167.8 373.8
19 1 520.1 287.0
19 2 494.0 332.2
19 4 34.1 272.7
19 5 36.7 255.3
19 7 584.3 397.9
19 8 322.4 442.1
19 9 118.4 221.0
19 10 115.1 236.8
19 11 135.2 50.7
19 12 302.4 249.2
19 13 313.0 228.4
19 14 283.5 273.9
19 15 422.2 380.1
19 16 445.7 366.7
19 17 520.2 405.4
19 18 530.3 388.0
19 28 440.2 171.5
19 29 431.4 340.0
19 30 160.2 206.4
19 31 130.8 199.3
19 32 253.6 313.2
19 33 313.2 333.0
19 35 556.5 124.7
19 36 56.6 213.3
19 37 387.7 439.2
19 38 359.2 440.6
19 41 149.9 168.4
19 42 412.9 161.0
19 43 376.9 167.6
19 46 581.3 116.4
19 49 588.5 136.4
19 50 621.2 160.2
19 51 331.6 381.7
19 52 350.4 404.8
19 53 320.0 403.8
19 54 484.8 291.6
19 55 504.5 307.6
19 56 495.4 280.6
19 57 519.8 330.1
19 58 168.4 390.5
19 59 167.8 373.8
20 1 520.1 287.0
20 2 494.0 332.2
20 8 321.7 441.6
20 9 104.8 222.2
20 10 106.3 238.6
20 11 120.8 37.7
20 12 293.7 249.2
20 13 304.0 228.8
20 14 271.9 272.6
20 15 410.0 376.0
20 16 435.8 363.6
20 17 511.4 400.3
20 18 517.1 383.3
20 28 452.8 168.9
20 29 453.4 341.5
20 30 156.0 201.6
20 31 135.1 210.3
20 32 284.0 315.3
20 33 326.7 331.9
20 34 56.6 331.9
20 35 553.0 130.7
20 36 44.8 216.1
20 37 387.7 439.2
20 38 359.2 440.6
20 41 140.4 171.5
20 42 413.0 159.1
20 43 378.7 168.5
20 46 577.8 118.0
20 49 581.8 142.6
20 50 621.1 162.5
20 51 331.6 381.7
20 52 350.4 404.8
20 53 320.0 403.8
20 54 484.8 291.6
20 55 504.5 307.6
20 56 495.4 280.6
20 57 519.8 330.1
20 58 168.4 390.5
20 59 167.8 373.8
21 1 520.1 287.0
21 2 494.0 332.2
21 8 320.4 442.2
21 9 91.2 223.4
21 10 94.5 241.6
21 11 107.1 28.8
21 12 284.4 249.2
21 13 294.2 229.2
21 14 251.8 269.4
21 15 401.1 373.3
21 16 418.1 358.0
21 17 504.6 397.0
21 18 510.1 379.0
21 28 469.6 165.7
21 29 471.3 344.5
21 30 159.0 203.4
21 31 136.9 205.7
21 32 303.6 316.8
21 33 357.3 329.0
21 34 68.2 331.8
21 35 546.9 138.4
21 36 34.3 218.5
21 37 387.7 439.2
21 38 359.2 440.6
21 41 128.7 174.8
21 42 413.0 159.1
21 43 378.7 168.5
21 46 579.1 121.5
21 49 573.9 148.6
21 50 622.4 162.0
21 51 331.6 381.7
21 52 350.4 404.8
21 53 320.0 403.8
21 54 481.8 290.2
21 55 504.5 307.6
21 56 495.4 280.6
21 57 519.8 330.1
21 58 168.4 390.5
21 59 167.8 373.8
22 1 520.1 287.0
22 2 494.0 332.2
22 8 321.1 442.2
22 9 81.5 224.4
22 10 80.2 245.4
22 11 83.0 13.9
22 12 274.3 249.3
22 13 283.8 229.7
22 14 226.8 265.3
22 15 385.8 368.5
22 16 402.4 353.3
22 17 493.8 392.2
22 18 499.2 370.9
22 19 18.0 245.4
22 28 482.3 161.2
22 29 496.7 351.9
22 30 163.1 207.0
22 31 138.6 210.2
22 32 318.3 318.1
22 33 387.9 326.8
22 34 85.3 332.0
22 35 543.0 143.5
22 37 381.4 439.9
22 38 359.2 440.6
22 41 119.2 179.0
22 42 412.2 157.1
22 43 378.6 170.4
22 46 573.4 123.9
22 49 566.3 154.5
22 50 621.3 160.4
22 51 331.6 381.7
22 52 350.4 404.8
22 53 320.0 403.8
22 54 481.8 290.2
22 55 504.5 307.6
22 56 495.4 280.6
22 57 519.8 330.1
22 58 168.4 390.5
22 59 167.8 373.8
23 1 520.1 287.0
23 2 494.0 332.2
23 8 312.7 441.3
23 9 70.6 225.5
23 10 67.9 247.6
23 11 69.2 3.7
23 12 264.8 249.3
23 13 274.1 230.1
23 14 213.8 263.2
23 15 369.4 363.7
23 16 393.2 351.1
23 17 476.4 384.4
23 18 488.7 364.3
23 19 32.8 258.3
23 28 491.2 154.8
23 29 525.1 349.2
23 30 164.4 209.7
23 31 142.6 212.9
23 32 348.2 320.7
23 33 402.7 328.4
23 34 99.6 331.4
23 35 540.5 147.0
23 37 381.4 439.9
23 38 359.2 440.6
23 41 110.7 185.3
23 42 412.9 161.0
23 43 381.5 167.5
23 46 570.9 132.5
23 49 558.0 161.4
23 50 619.3 161.4
23 51 331.6 381.7
23 52 350.4 404.8
23 53 320.0 403.8
23 54 481.8 290.2
23 55 504.5 307.6
23 56 495.4 280.6
23 57 519.8 330.1
23 58 168.4 390.5
23 59 167.8 373.8
24 1 520.1 287.0
24 2 494.0 332.2
24 8 306.4 442.0
24 9 57.2 226.9
24 10 58.1 247.9
24 12 256.0 249.1
24 13 265.2 230.4
24 14 195.6 259.9
24 15 359.5 362.0
24 16 379.9 348.3
24 17 462.3 378.4
24 18 480.9 361.9
24 19 42.5 266.9
24 28 501.7 146.1
24 29 550.9 346.5
24 30 169.5 207.7
24 31 145.4 211.8
24 32 364.2 322.1
24 33 433.3 332.8
24 34 108.9 329.9
24 35 534.6 153.3
24 37 381.4 439.9
24 38 359.2 440.6
24 41 98.9 195.1
24 42 408.1 164.0
24 43 381.5 167.5
24 46 570.7 136.7
24 49 547.3 169.7
24 50 622.0 161.3
24 51 331.6 381.7
24 52 350.4 404.8
24 53 314.2 405.2
24 54 481.8 290.2
24 55 504.5 307.6
24 56 495.4 280.6
24 57 519.8 330.1
24 58 168.4 390.5
24 59 167.8 373.8
25 1 520.1 287.0
25 2 494.0 332.2
25 8 304.3 439.9
25 9 42.6 228.5
25 10 44.0 247.6
25 12 246.4 248.3
25 13 255.5 230.7
25 14 172.1 255.8
25 15 345.7 360.9
25 16 361.3 344.4
25 17 454.8 375.9
25 18 470.2 358.4
25 19 46.5 269.9
25 28 513.1 137.2
25 29 579.5 351.1
25 30 170.8 210.4
25 31 145.1 213.3
25 32 382.2 323.0
25 33 446.8 336.0
25 34 123.8 326.7
25 35 529.4 159.3
25 37 381.4 439.9
25 38 359.2 440.6
25 41 89.0 200.4
25 42 408.6 156.2
25 43 382.2 170.4
25 46 567.6 143.1
25 49 539.7 178.0
25 50 621.1 161.3
25 51 330.2 374.7
25 52 346.8 404.3
25 53 312.0 402.2
25 54 481.8 290.2
25 55 504.5 307.6
25 56 495.4 280.6
25 57 519.8 330.1
25 58 168.4 390.5
25 59 167.8 373.8
