1 1 69.4 300.5
1 2 96.1 262.4
1 3 99.6 278.3
1 4 77.5 323.7
1 5 235.8 221.4
1 6 218.1 162.3
1 7 253.0 216.6
1 8 197.7 132.5
1 9 463.1 348.9
1 10 455.6 372.8
1 11 303.4 207.3
1 12 292.4 237.0
1 13 326.0 251.9
1 14 339.9 204.4
1 15 261.0 173.8
1 16 332.2 227.3
1 17 366.3 199.2
1 18 377.2 246.4
1 19 319.6 291.1
1 20 441.5 251.6
1 21 527.6 288.9
1 22 536.8 267.2
1 23 598.2 282.4
1 29 381.4 439.9
1 30 359.2 440.6
1 31 454.5 211.2
1 32 460.5 226.8
1 33 468.1 188.4
1 34 550.9 114.3
1 35 478.6 145.8
1 36 482.4 165.3
1 37 505.0 305.4
1 38 528.1 327.5
1 39 372.7 306.4
1 40 367.6 330.3
1 41 365.3 421.7
1 42 237.7 182.9
1 43 211.9 179.6
1 51 227.6 305.3
1 52 320.3 193.5
1 53 589.5 116.1
1 54 81.6 27.1
1 58 418.9 176.0
1 59 541.8 8.3
1 60 548.9 419.3
1 61 596.2 365.7
1 62 168.4 390.5
1 63 167.8 373.8
2 1 62.5 301.2
2 2 90.4 263.8
2 3 92.5 279.9
2 4 65.6 326.7
2 5 235.8 221.4
2 6 203.9 152.2
2 7 252.0 214.9
2 8 185.6 119.1
2 9 490.1 354.8
2 10 481.4 379.9
2 11 297.4 200.3
2 12 285.0 231.0
2 13 316.2 248.8
2 14 331.6 199.3
2 15 243.7 161.9
2 16 323.8 226.5
2 17 346.1 187.6
2 18 368.1 241.4
2 19 295.4 286.5
2 20 426.0 252.2
2 21 517.6 286.8
2 22 525.7 265.8
2 23 572.0 263.7
2 29 381.4 439.9
2 30 359.2 440.6
2 31 466.2 208.2
2 32 461.7 227.0
2 33 476.1 186.9
2 34 560.4 105.9
2 35 490.3 147.6
2 36 498.4 161.1
2 37 523.2 308.6
2 38 543.6 328.6
2 39 391.0 307.0
2 40 389.3 326.9
2 41 378.2 424.4
2 42 245.9 180.5
2 43 220.6 176.2
2 44 31.6 249.3
2 51 220.4 308.2
2 52 307.0 187.4
2 53 599.2 102.1
2 54 93.4 32.3
2 55 102.6 3.8
2 58 411.0 176.6
2 59 537.8 0.6
2 60 544.4 420.4
2 61 597.3 354.5
2 62 168.4 390.5
2 63 167.8 373.8
3 1 55.7 301.9
3 2 83.4 265.6
3 3 85.1 282.2
3 4 55.2 329.3
3 5 236.8 222.3
3 6 189.6 140.7
3 7 254.6 213.9
3 8 176.2 113.0
3 9 503.6 357.4
3 10 501.1 384.9
3 11 292.7 192.2
3 12 280.6 223.6
3 13 307.8 244.9
3 14 322.6 193.1
3 15 228.6 150.9
3 16 316.6 222.5
3 17 335.0 181.2
3 18 356.2 235.1
3 19 268.9 281.2
3 20 399.8 253.2
3 21 505.3 285.5
3 22 514.7 264.2
3 23 557.7 256.6
3 24 620.8 244.0
3 29 381.4 439.9
3 30 359.2 440.6
3 31 471.0 211.7
3 32 468.1 227.5
3 33 479.7 186.6
3 34 570.1 98.6
3 35 497.4 136.4
3 36 518.1 150.6
3 37 540.1 311.3
3 38 553.8 329.3
3 39 401.9 305.3
3 40 408.6 324.1
3 41 389.4 427.7
3 42 257.1 174.1
3 43 229.0 172.6
3 44 49.0 238.9
3 45 45.4 269.2
3 46 55.5 347.5
3 51 215.5 313.3
3 52 301.0 178.5
3 53 606.0 89.2
3 54 105.3 36.5
3 55 111.7 8.7
3 58 405.1 176.9
3 60 551.0 418.9
3 61 598.8 340.8
3 62 168.4 390.5
3 63 167.8 373.8
4 1 48.3 302.7
4 2 75.9 267.7
4 3 78.1 284.5
4 4 46.8 331.4
4 5 235.7 219.7
4 6 183.0 130.9
4 7 253.8 214.8
4 8 166.6 92.5
4 9 524.0 360.6
4 10 512.6 386.5
4 11 288.0 184.4
4 12 277.5 216.8
4 13 300.3 240.5
4 14 313.0 186.9
4 15 218.2 142.1
4 16 309.4 217.0
4 17 322.7 173.5
4 18 345.4 228.8
4 19 256.5 277.5
4 20 384.2 253.8
4 21 489.3 283.8
4 22 498.0 261.8
4 23 535.8 252.3
4 24 606.8 242.6
4 29 381.4 439.9
4 30 359.2 440.6
4 31 484.9 207.3
4 32 478.6 228.8
4 33 486.7 185.8
4 34 578.9 93.5
4 35 508.0 128.1
4 36 525.1 147.8
4 37 549.5 312.5
4 38 566.6 330.3
4 39 422.6 300.9
4 40 419.3 323.0
4 41 395.9 432.0
4 42 266.9 167.5
4 43 236.9 168.5
4 44 64.0 231.0
4 45 57.8 257.0
4 46 68.5 346.8
4 51 213.6 319.1
4 52 294.6 168.0
4 53 612.8 74.1
4 54 116.5 36.0
4 55 121.8 10.7
4 58 402.2 176.6
4 60 549.6 422.9
4 61 600.6 324.6
4 62 168.4 390.5
4 63 167.8 373.8
5 2 68.9 269.6
5 3 71.6 286.5
5 5 236.5 218.8
5 6 177.4 119.1
5 7 254.6 213.9
5 8 157.6 84.8
5 9 558.2 366.0
5 10 538.1 389.7
5 11 280.5 180.2
5 12 274.3 210.4
5 13 291.8 237.0
5 14 304.5 183.0
5 15 203.9 130.0
5 16 301.9 211.3
5 17 309.5 165.8
5 18 337.6 223.3
5 19 231.4 269.3
5 20 369.0 253.9
5 21 478.9 282.4
5 22 484.3 260.0
5 23 509.9 247.1
5 24 585.9 240.5
5 25 607.5 268.1
5 29 381.4 439.9
5 30 359.2 440.6
5 31 494.0 208.6
5 32 489.9 229.7
5 33 494.2 184.9
5 34 584.3 90.2
5 35 517.1 107.1
5 36 533.3 125.8
5 37 562.2 314.1
5 38 586.0 331.9
5 39 440.1 298.1
5 40 438.4 321.2
5 41 398.4 435.3
5 42 277.7 158.5
5 43 244.5 164.9
5 44 73.6 228.2
5 45 66.9 252.7
5 46 85.8 345.8
5 51 213.0 323.5
5 52 285.4 166.5
5 53 615.6 60.0
5 54 131.7 32.8
5 55 129.9 10.0
5 58 396.8 177.7
5 60 564.7 416.0
5 61 602.2 309.4
5 62 168.4 390.5
5 63 167.8 373.8
6 2 62.4 271.4
6 3 65.6 288.5
6 5 236.7 221.4
6 6 171.1 106.9
6 7 252.7 212.2
6 8 144.4 60.3
6 9 578.1 369.2
6 10 563.3 392.9
6 11 265.9 177.2
6 12 269.4 203.3
6 13 284.6 232.4
6 14 297.1 179.8
6 15 195.9 120.3
6 16 295.2 205.2
6 17 301.2 163.0
6 18 329.9 218.4
6 19 211.8 263.3
6 20 342.7 254.1
6 21 465.4 280.0
6 22 474.6 259.1
6 23 495.7 243.1
6 24 572.5 240.2
6 25 588.8 264.7
6 29 381.4 439.9
6 30 359.2 440.6
6 31 491.5 213.8
6 32 499.9 228.6
6 33 501.4 184.0
6 34 590.1 87.0
6 35 519.2 102.5
6 36 539.1 114.8
6 37 571.7 314.8
6 38 598.7 332.9
6 39 449.5 298.3
6 40 457.6 319.6
6 41 400.9 438.5
6 42 288.6 149.5
6 43 251.5 159.2
6 44 86.7 224.5
6 45 79.3 248.3
6 46 94.4 342.5
6 51 207.5 326.4
6 52 276.2 165.8
6 53 608.7 46.0
6 54 145.4 33.3
6 55 137.4 11.0
6 58 388.8 180.1
6 61 603.4 296.4
6 62 168.4 390.5
6 63 167.8 373.8
7 2 56.1 273.1
7 3 59.4 290.5
7 5 236.0 224.1
7 6 162.8 98.8
7 7 253.7 213.9
7 8 131.9 52.4
7 11 243.2 172.8
7 12 266.6 197.3
7 13 280.8 225.1
7 14 290.1 176.8
7 15 186.6 107.4
7 16 290.3 199.7
7 17 297.9 162.5
7 18 321.8 213.4
7 19 199.3 260.3
7 20 326.1 255.0
7 21 445.3 276.2
7 22 459.6 257.5
7 23 462.1 232.8
7 24 558.3 242.1
7 25 567.9 261.1
7 29 381.4 439.9
7 30 359.2 440.6
7 31 497.3 215.5
7 32 513.3 227.3
7 33 508.9 183.1
7 34 600.3 82.5
7 35 520.8 98.8
7 36 546.4 100.7
7 37 588.6 315.6
7 39 461.9 299.8
7 40 467.8 319.8
7 41 405.1 437.6
7 42 299.9 139.7
7 43 262.5 146.6
7 44 100.3 221.0
7 45 92.6 244.3
7 46 103.6 336.1
7 51 198.8 329.4
7 52 266.2 165.6
7 53 599.5 28.0
7 54 154.1 38.0
7 55 145.8 16.4
7 58 383.3 181.6
7 61 604.4 285.6
7 62 168.4 390.5
7 63 167.8 373.8
8 2 49.4 275.0
8 3 52.6 292.6
8 5 233.2 221.5
8 6 148.9 87.7
8 7 253.7 213.9
8 8 125.5 46.1
8 11 230.4 167.3
8 12 265.4 193.0
8 13 279.1 228.3
8 14 282.0 173.5
8 15 176.3 93.2
8 16 287.8 195.6
8 17 293.7 161.1
8 18 316.7 206.3
8 19 178.1 254.7
8 20 312.2 257.4
8 21 432.5 275.1
8 22 441.4 255.7
8 23 444.2 229.8
8 24 535.8 245.3
8 25 556.2 260.2
8 29 378.9 435.5
8 30 359.2 440.6
8 31 502.5 208.7
8 32 522.9 224.3
8 33 499.9 193.0
8 34 616.8 74.8
8 35 523.8 89.7
8 36 554.2 85.3
8 39 473.1 299.6
8 40 481.7 322.5
8 41 405.1 437.6
8 42 315.7 126.2
8 43 274.7 135.7
8 44 110.3 219.6
8 45 102.1 243.6
8 46 115.5 327.8
8 51 189.4 332.6
8 52 256.5 164.9
8 53 592.2 18.9
8 54 158.9 40.3
8 55 149.8 18.0
8 58 379.5 182.5
8 61 605.0 277.1
8 62 168.4 390.5
8 63 167.8 373.8
9 2 42.1 277.0
9 5 233.5 225.0
9 6 129.1 72.0
9 7 253.0 216.6
9 8 107.9 36.7
9 11 220.0 160.3
9 12 259.3 190.1
9 13 277.2 224.0
9 14 284.0 176.3
9 15 169.1 82.7
9 16 283.5 191.9
9 17 285.8 157.2
9 18 313.2 197.5
9 19 165.1 254.2
9 20 286.2 261.9
9 21 420.8 276.0
9 22 428.7 255.2
9 23 418.8 230.9
9 24 522.0 245.6
9 25 538.2 260.2
9 29 371.4 433.5
9 30 359.2 440.6
9 31 516.1 211.5
9 32 528.2 221.2
9 33 503.4 193.0
9 34 631.0 69.1
9 35 528.6 76.6
9 36 560.0 73.8
9 39 481.2 296.8
9 40 495.3 323.7
9 41 405.1 437.6
9 42 326.9 120.7
9 43 286.6 132.4
9 44 123.3 218.0
9 45 113.0 243.4
9 46 124.6 323.6
9 51 181.3 334.8
9 52 243.4 163.1
9 53 582.1 7.0
9 54 166.1 47.1
9 55 154.6 21.7
9 56 280.3 112.3
9 58 373.2 184.8
9 61 605.7 266.1
9 62 168.4 390.5
9 63 167.8 373.8
10 5 237.9 225.8
10 6 114.9 62.2
10 7 254.9 218.4
10 8 93.1 32.2
10 11 206.5 151.6
10 12 248.5 187.8
10 13 275.1 217.0
10 14 275.5 170.8
10 15 161.0 68.8
10 16 275.7 188.0
10 17 278.6 152.3
10 18 310.1 187.8
10 19 155.5 257.1
10 20 267.1 265.1
10 21 402.9 277.2
10 22 418.2 255.7
10 23 388.9 232.8
10 24 509.4 243.0
10 25 515.2 260.1
10 29 353.2 433.4
10 30 359.2 440.6
10 31 520.6 210.5
10 32 533.2 219.2
10 33 509.5 193.7
10 35 533.6 62.2
10 36 563.4 63.8
10 39 478.6 300.8
10 40 498.9 318.0
10 41 405.1 437.6
10 42 344.8 113.1
10 43 302.9 128.3
10 44 138.3 216.3
10 45 123.4 243.2
10 46 140.2 319.0
10 51 170.6 337.8
10 52 231.7 162.8
10 54 169.6 50.5
10 55 161.9 29.1
10 56 276.7 121.0
10 57 253.6 111.1
10 58 365.7 187.8
10 61 606.6 251.1
10 62 168.4 390.5
10 63 167.8 373.8
11 5 238.7 224.9
11 6 99.1 54.2
11 7 253.0 216.6
11 8 80.5 26.3
11 11 197.4 142.6
11 12 235.2 185.1
11 13 274.8 210.8
11 14 267.1 167.1
11 15 151.8 55.9
11 16 266.9 182.7
11 17 270.7 149.4
11 18 305.1 179.8
11 19 144.2 260.6
11 20 253.9 267.0
11 21 387.9 278.3
11 22 401.7 256.7
11 23 373.5 236.5
11 24 487.8 238.4
11 25 504.0 259.4
11 29 335.7 437.3
11 30 359.2 440.6
11 31 518.9 210.6
11 32 541.3 218.9
11 33 511.2 188.2
11 35 535.4 50.1
11 36 564.7 54.3
11 39 476.9 301.6
11 40 499.0 320.7
11 41 405.1 437.6
11 42 358.3 107.1
11 43 314.6 126.1
11 44 149.3 216.7
11 45 133.4 242.6
11 46 164.6 312.0
11 51 161.7 339.3
11 52 219.3 165.2
11 54 171.6 52.5
11 55 166.2 31.6
11 56 271.2 126.9
11 57 248.9 109.7
11 58 361.6 189.8
11 61 607.4 239.5
11 62 168.4 390.5
11 63 167.8 373.8
12 5 244.7 223.6
12 6 71.0 40.2
12 7 257.1 211.2
12 8 60.4 4.4
12 11 192.0 133.9
12 12 225.2 181.6
12 13 281.0 212.4
12 14 256.0 166.4
12 15 139.9 47.4
12 16 257.6 178.4
12 17 261.9 149.4
12 18 298.0 173.5
12 19 134.8 262.2
12 20 226.4 270.9
12 21 377.9 279.1
12 22 385.2 257.6
12 23 337.9 246.3
12 24 470.0 235.4
12 25 489.0 257.8
12 29 328.0 440.3
12 30 359.2 440.6
12 31 518.0 210.6
12 32 535.3 224.2
12 33 518.2 189.0
12 35 537.4 38.7
12 36 564.9 43.6
12 39 473.7 301.7
12 40 498.0 322.2
12 41 405.1 437.6
12 42 372.6 101.7
12 43 334.0 123.3
12 44 170.2 218.2
12 45 148.2 241.2
12 46 178.1 312.3
12 51 148.9 340.7
12 52 202.7 168.4
12 54 178.1 59.2
12 55 168.4 32.0
12 56 262.5 129.1
12 57 251.2 107.6
12 58 356.0 191.9
12 61 609.0 229.4
12 62 168.4 390.5
12 63 167.8 373.8
13 5 250.8 234.2
13 6 51.9 29.9
13 7 254.6 213.0
13 11 186.4 125.7
13 12 215.1 178.3
13 13 282.5 205.2
13 14 251.4 166.5
13 15 115.3 31.4
13 16 248.4 178.2
13 17 255.0 149.4
13 18 289.5 167.6
13 19 124.8 262.9
13 20 209.3 273.4
13 21 362.3 280.2
13 22 374.7 258.1
13 23 318.3 251.4
13 24 458.7 235.4
13 25 468.6 255.7
13 29 319.0 441.7
13 30 359.2 440.6
13 31 518.4 213.2
13 32 537.3 222.4
13 33 527.8 185.8
13 35 538.4 27.3
13 36 564.8 32.6
13 39 475.9 303.1
13 40 500.3 322.1
13 41 405.1 437.6
13 42 393.3 94.0
13 43 347.5 119.6
13 44 188.1 220.5
13 45 161.1 241.0
13 46 212.3 318.3
13 51 134.1 342.1
13 52 191.3 170.9
13 54 178.1 64.3
13 55 171.6 39.3
13 56 255.0 131.5
13 57 251.2 107.8
13 58 347.8 194.0
13 61 613.6 214.4
13 62 168.4 390.5
13 63 167.8 373.8
14 5 247.3 234.2
14 6 36.3 20.6
14 7 254.6 213.0
14 11 181.0 117.5
14 12 204.2 174.8
14 13 280.3 196.1
14 14 240.5 168.6
14 15 95.5 17.8
14 16 237.9 179.5
14 17 248.5 149.5
14 18 281.2 161.2
14 19 112.0 263.7
14 20 192.9 275.8
14 21 342.9 281.6
14 22 362.1 258.1
14 23 294.9 256.8
14 24 437.5 236.1
14 25 454.1 254.7
14 29 313.4 441.3
14 30 359.2 440.6
14 31 519.1 214.1
14 32 539.2 221.5
14 33 536.5 183.0
14 35 537.5 16.3
14 36 565.5 22.4
14 39 469.3 298.8
14 40 496.3 322.9
14 41 405.1 437.6
14 42 402.9 84.6
14 43 362.5 113.5
14 44 199.4 224.2
14 45 172.2 242.7
14 46 238.0 322.2
14 51 124.8 341.9
14 52 171.6 175.4
14 54 177.4 71.1
14 55 174.4 48.1
14 56 245.9 131.1
14 57 244.9 111.3
14 58 340.5 194.6
14 61 616.8 202.2
14 62 168.4 390.5
14 63 167.8 373.8
15 5 247.7 228.2
15 6 14.2 7.2
15 7 256.4 214.8
15 11 176.0 108.3
15 12 196.8 167.7
15 13 268.1 187.2
15 14 230.0 164.0
15 15 81.7 6.3
15 16 227.6 179.7
15 17 240.0 150.0
15 18 275.6 153.2
15 19 98.2 264.6
15 20 166.0 279.7
15 21 330.3 283.0
15 22 345.1 258.0
15 23 260.9 264.4
15 24 413.8 237.0
15 25 442.1 254.7
15 29 309.9 441.9
15 30 350.9 440.8
15 31 517.5 213.3
15 32 534.3 225.0
15 33 537.6 183.9
15 35 536.7 8.3
15 36 565.9 12.5
15 39 471.7 298.7
15 40 497.6 320.1
15 41 405.1 437.6
15 42 412.1 71.2
15 43 383.4 104.8
15 44 214.7 229.5
15 45 189.9 245.9
15 46 261.6 323.0
15 51 113.0 341.0
15 52 157.8 178.3
15 54 180.7 81.2
15 55 174.2 50.3
15 56 228.7 128.4
15 57 237.7 113.5
15 58 333.8 197.3
15 61 618.6 191.5
15 62 168.4 390.5
15 63 167.8 373.8
16 5 247.9 230.8
16 7 256.6 216.5
16 11 171.4 98.7
16 12 184.5 151.1
16 13 258.6 178.0
16 14 214.2 155.4
16 16 217.4 176.8
16 17 232.9 151.4
16 18 270.8 142.4
16 19 87.2 265.9
16 20 152.7 282.3
16 21 319.2 284.8
16 22 332.8 259.4
16 23 245.9 266.2
16 24 401.7 237.6
16 25 417.7 254.5
16 26 25.7 222.3
16 29 309.9 441.9
16 30 350.9 440.8
16 31 516.7 213.3
16 32 535.0 225.9
16 33 537.0 192.2
16 35 536.2 2.6
16 36 564.1 2.2
16 39 473.3 298.7
16 40 496.8 320.1
16 41 405.1 437.6
16 42 422.7 55.3
16 43 395.0 97.5
16 44 225.5 231.5
16 45 202.0 247.3
16 46 295.5 324.2
16 51 102.1 340.6
16 52 139.2 182.1
16 54 182.3 90.0
16 55 175.0 52.9
16 56 215.9 126.4
16 57 232.1 114.2
16 58 327.6 203.3
16 61 620.7 177.8
16 62 168.4 390.5
16 63 167.8 373.8
17 5 247.5 224.7
17 7 257.2 213.0
17 11 167.7 91.1
17 12 172.8 135.0
17 13 248.9 172.2
17 14 205.8 152.1
17 16 199.2 171.6
17 17 229.1 153.8
17 18 264.9 128.3
17 19 78.2 267.6
17 20 141.4 285.3
17 21 301.7 287.6
17 22 322.1 263.3
17 23 212.7 267.9
17 24 385.3 237.9
17 25 393.3 254.7
17 26 48.2 227.3
17 29 309.9 441.9
17 30 350.9 440.8
17 31 515.9 212.4
17 32 536.9 225.0
17 33 537.5 194.0
17 39 470.8 299.5
17 40 500.3 322.1
17 41 405.1 437.6
17 42 421.0 44.5
17 43 408.1 89.4
17 44 239.7 232.8
17 45 214.5 248.4
17 46 314.3 326.0
17 51 93.7 341.3
17 52 124.8 184.9
17 54 187.3 97.9
17 55 179.5 61.2
17 56 202.0 125.2
17 57 228.8 121.3
17 58 325.0 204.2
17 61 623.3 166.9
17 62 168.4 390.5
17 63 167.8 373.8
18 5 245.2 229.1
18 7 256.4 214.8
18 11 164.7 85.2
18 12 163.9 122.0
18 13 240.2 173.8
18 14 197.3 147.1
18 16 182.9 165.7
18 17 223.6 153.0
18 18 258.8 116.2
18 19 64.6 270.5
18 20 125.8 289.5
18 21 288.0 289.9
18 22 303.9 270.6
18 23 182.2 269.3
18 24 364.0 238.5
18 25 381.1 255.9
18 26 71.6 231.5
18 29 309.9 441.9
18 30 350.9 440.8
18 31 516.8 212.4
18 32 533.3 225.9
18 33 541.1 198.5
18 39 473.3 298.7
18 40 497.1 322.9
18 41 405.1 437.6
18 42 413.7 30.6
18 43 419.3 79.6
18 44 255.9 234.3
18 45 230.4 249.8
18 46 353.8 329.9
18 47 23.9 201.8
18 48 23.4 235.1
18 49 26.1 253.9
18 51 83.3 342.3
18 52 108.3 188.3
18 54 193.1 103.4
18 55 182.9 66.2
18 56 191.5 119.8
18 57 226.0 129.4
18 58 327.7 206.0
18 61 626.4 154.2
18 62 168.4 390.5
18 63 167.8 373.8
19 5 249.5 233.4
19 7 256.7 218.3
19 11 161.2 77.3
19 12 151.3 103.5
19 13 232.0 177.9
19 14 188.7 141.8
19 16 172.6 160.2
19 17 215.2 148.6
19 18 252.1 105.6
19 19 47.9 273.9
19 20 113.5 292.5
19 21 278.2 291.8
19 22 288.6 275.7
19 23 167.9 268.8
19 24 351.6 240.6
19 25 363.2 258.4
19 26 83.4 229.9
19 29 309.9 441.9
19 30 350.9 440.8
19 31 516.8 212.4
19 32 533.7 223.3
19 33 539.1 194.9
19 39 473.5 297.2
19 40 497.7 319.3
19 41 405.1 437.6
19 42 404.8 17.2
19 43 421.2 67.4
19 44 266.3 235.4
19 45 240.8 248.4
19 46 370.8 331.6
19 47 31.4 206.4
19 48 32.9 233.2
19 49 36.7 253.4
19 51 71.4 343.3
19 52 88.6 192.2
19 54 194.4 104.1
19 55 183.4 65.1
19 56 177.8 111.0
19 57 223.1 135.2
19 58 326.8 201.5
19 61 630.3 140.8
19 62 168.4 390.5
19 63 167.8 373.8
20 5 251.9 231.3
20 7 257.5 217.4
20 11 157.2 66.8
20 12 144.9 91.8
20 13 224.1 181.9
20 14 180.0 136.5
20 16 159.2 153.8
20 17 205.5 144.8
20 18 241.8 87.2
20 19 36.1 276.4
20 20 104.6 294.0
20 21 263.1 295.1
20 22 278.2 276.9
20 23 139.2 267.5
20 24 336.2 246.4
20 25 343.3 261.6
20 26 105.8 223.6
20 29 309.9 441.9
20 30 350.9 440.8
20 31 518.0 210.6
20 32 535.6 222.4
20 33 536.6 194.0
20 39 473.3 298.7
20 40 498.4 320.0
20 41 405.1 437.6
20 42 392.1 13.9
20 43 425.2 51.6
20 44 280.6 237.6
20 45 253.1 244.9
20 46 404.4 335.1
20 47 37.5 208.4
20 48 45.1 231.6
20 49 50.6 253.2
20 51 61.3 344.3
20 52 77.6 193.7
20 54 197.1 106.9
20 55 184.9 69.1
20 56 168.7 105.6
20 57 223.3 143.3
20 58 328.5 200.5
20 61 635.3 130.3
20 62 168.4 390.5
20 63 167.8 373.8
21 5 252.5 230.3
21 7 257.5 217.4
21 11 154.6 55.8
21 12 139.6 78.4
21 13 215.9 181.1
21 14 172.1 132.9
21 16 152.9 144.5
21 17 196.2 140.5
21 18 231.0 74.3
21 20 93.4 295.7
21 21 245.1 298.9
21 22 260.8 278.5
21 23 121.4 267.4
21 24 316.5 253.4
21 25 332.9 264.8
21 26 132.9 216.1
21 29 309.9 441.9
21 30 350.9 440.8
21 31 517.8 211.5
21 32 533.3 225.9
21 33 537.7 193.1
21 39 473.4 297.9
21 40 497.8 318.6
21 41 405.1 437.6
21 42 371.7 10.5
21 43 423.3 40.5
21 44 293.2 238.4
21 45 268.5 240.5
21 46 424.4 340.9
21 47 40.9 214.3
21 48 56.7 229.8
21 49 61.1 251.6
21 52 63.2 195.6
21 54 202.6 113.4
21 55 187.7 78.8
21 56 164.2 105.5
21 57 226.7 150.9
21 58 327.7 202.4
21 62 168.4 390.5
21 63 167.8 373.8
22 5 251.3 230.5
22 7 257.3 213.9
22 11 153.0 45.0
22 12 132.1 68.3
22 13 202.5 175.9
22 14 166.3 133.3
22 16 146.7 129.8
22 17 189.7 132.8
22 18 219.7 70.0
22 20 79.1 298.0
22 21 232.3 300.8
22 22 241.9 280.1
22 23 105.1 268.9
22 24 305.9 255.2
22 25 317.3 270.5
22 26 146.1 213.1
22 29 309.9 441.9
22 30 342.6 439.9
22 31 518.0 210.6
22 32 535.0 225.9
22 33 535.6 199.5
22 39 473.8 300.9
22 40 500.0 315.0
22 41 405.1 437.6
22 43 414.5 35.0
22 44 304.7 237.0
22 45 278.7 237.2
22 46 453.3 342.9
22 47 41.9 220.9
22 48 65.7 227.5
22 49 71.0 248.3
22 52 51.7 196.6
22 54 201.7 114.2
22 55 189.5 84.7
22 56 160.4 99.2
22 57 229.2 154.4
22 58 328.5 198.7
22 62 168.4 390.5
22 63 167.8 373.8
23 5 248.1 231.7
23 7 255.4 213.0
23 11 147.1 36.8
23 12 123.7 61.2
23 13 180.7 168.0
23 14 163.1 130.2
23 16 140.1 113.4
23 17 186.0 127.9
23 18 204.1 65.3
23 20 63.6 300.4
23 21 223.1 301.1
23 22 230.8 280.8
23 23 73.5 271.9
23 24 292.2 256.2
23 25 300.5 276.4
23 26 168.8 209.1
23 29 309.9 441.9
23 30 334.3 441.3
23 31 516.2 210.6
23 32 534.1 225.9
23 33 534.2 202.2
23 39 472.0 302.5
23 40 498.9 312.1
23 41 393.9 440.2
23 43 404.9 28.6
23 44 324.6 234.1
23 45 292.8 232.3
23 46 481.5 342.9
23 47 41.2 221.9
23 48 76.4 224.3
23 49 84.5 243.6
23 52 39.5 196.8
23 54 204.8 116.1
23 55 191.2 90.7
23 56 155.7 88.4
23 57 222.6 157.7
23 58 324.1 198.8
23 62 168.4 390.5
23 63 167.8 373.8
24 5 249.5 239.3
24 7 256.6 216.5
24 11 138.0 30.9
24 12 116.2 54.2
24 13 169.5 159.5
24 14 162.3 120.6
24 16 137.2 102.1
24 17 184.4 127.5
24 18 192.5 59.0
24 20 51.0 302.4
24 21 210.7 301.4
24 22 217.1 281.4
24 23 47.7 274.3
24 24 277.9 257.7
24 25 290.3 279.1
24 26 199.2 203.5
24 27 591.4 13.9
24 28 620.5 0.1
24 29 309.9 441.9
24 30 334.3 441.3
24 31 516.1 211.5
24 32 537.9 224.1
24 33 531.3 204.1
24 39 475.9 297.1
24 40 503.9 310.5
24 41 393.9 440.2
24 43 395.1 23.0
24 44 343.7 231.7
24 45 313.8 224.8
24 46 500.8 338.1
24 47 40.5 221.3
24 48 90.4 220.1
24 49 94.3 240.9
24 52 24.3 197.2
24 54 214.5 123.3
24 55 193.7 100.2
24 56 151.1 77.1
24 57 216.7 159.4
24 58 328.5 201.4
24 62 168.4 390.5
24 63 167.8 373.8
25 5 239.1 239.6
25 7 252.7 212.2
25 11 130.5 25.9
25 12 107.3 48.2
25 13 161.9 148.1
25 14 162.8 109.4
25 16 136.0 93.3
25 17 182.8 120.3
25 18 181.7 49.6
25 20 41.4 303.9
25 21 197.7 301.7
25 22 199.5 282.1
25 24 268.4 259.9
25 25 275.8 282.6
25 26 213.6 199.7
25 27 577.9 24.5
25 28 606.5 18.5
25 29 297.4 442.3
25 30 334.3 441.3
25 31 517.1 210.6
25 32 535.1 225.0
25 33 534.1 203.1
25 39 475.9 297.1
25 40 502.2 306.9
25 41 393.9 440.2
25 43 385.2 19.2
25 44 354.8 230.9
25 45 329.1 220.0
25 46 526.2 333.0
25 47 42.7 226.0
25 48 102.1 216.6
25 49 105.6 238.3
25 50 624.3 170.9
25 54 225.3 131.1
25 55 195.3 105.9
25 56 148.4 66.3
25 57 210.0 164.4
25 58 326.8 200.6
25 62 168.4 390.5
25 63 167.8 373.8
