1 1 52.5 16.4
1 2 575.3 239.3
1 3 287.5 339.4
1 4 177.8 206.4
1 5 220.5 271.0
1 6 212.7 292.6
1 7 510.0 351.2
1 8 66.4 231.0
1 9 42.2 253.5
1 10 38.6 205.6
1 11 24.5 188.9
1 13 121.4 297.1
1 14 119.8 314.8
1 15 109.3 254.4
1 16 69.8 343.6
1 21 451.4 253.0
1 22 489.2 257.0
1 23 483.4 233.9
1 24 593.8 238.9
1 25 559.9 259.4
1 33 483.4 52.4
1 39 167.3 392.4
1 40 162.1 375.9
2 1 35.0 9.1
2 2 575.3 239.3
2 3 298.8 337.9
2 4 165.6 199.3
2 5 236.5 270.3
2 6 230.9 291.5
2 7 502.5 333.2
2 8 75.9 236.3
2 9 58.3 256.5
2 10 59.6 207.6
2 11 41.2 190.6
2 13 130.0 298.8
2 14 123.9 313.3
2 15 122.8 253.2
2 16 74.7 342.4
2 21 451.4 253.0
2 22 487.8 261.1
2 23 483.4 233.9
2 24 593.8 238.9
2 25 569.4 264.7
2 33 493.4 54.0
2 39 167.3 392.4
2 40 162.1 375.9
3 1 18.8 1.4
3 2 575.3 239.3
3 3 315.4 335.8
3 4 154.9 191.9
3 5 246.7 269.0
3 6 249.8 290.3
3 7 494.3 313.3
3 8 86.5 242.8
3 9 69.8 258.7
3 10 72.4 207.2
3 11 53.9 190.9
3 12 605.3 283.6
3 13 138.6 300.2
3 14 128.9 312.9
3 15 143.7 251.6
3 16 80.8 340.6
3 21 451.4 253.0
3 22 487.8 261.1
3 23 483.4 233.9
3 24 593.8 238.9
3 25 579.4 270.8
3 32 209.3 52.1
3 33 504.8 57.9
3 39 167.3 392.4
3 40 162.1 375.9
4 2 570.3 242.8
4 3 330.5 333.8
4 4 146.7 185.4
4 5 259.4 266.7
4 6 260.8 289.3
4 7 490.9 304.1
4 8 96.4 246.6
4 9 80.1 260.9
4 10 81.8 205.3
4 11 63.5 190.2
4 12 590.4 287.0
4 13 147.0 300.8
4 14 136.3 314.4
4 15 159.5 249.8
4 16 88.3 338.3
4 21 451.4 253.0
4 22 487.8 261.1
4 23 483.4 233.9
4 24 593.8 238.9
4 25 583.7 269.9
4 32 210.2 65.6
4 33 516.8 61.0
4 39 167.3 392.4
4 40 162.1 375.9
5 2 570.3 242.8
5 3 340.4 332.5
5 4 135.6 179.5
5 5 277.8 263.4
5 6 275.4 288.2
5 7 488.8 292.1
5 8 105.8 247.2
5 9 93.0 263.8
5 10 92.9 202.9
5 11 74.3 189.5
5 12 578.0 289.9
5 13 156.0 300.6
5 14 144.1 316.2
5 15 170.1 247.3
5 16 98.6 335.4
5 21 451.4 253.0
5 22 487.8 261.1
5 23 483.4 233.9
5 24 593.8 238.9
5 25 583.7 269.9
5 32 216.5 75.1
5 33 528.2 59.7
5 39 167.3 392.4
5 40 162.1 375.9
6 2 570.3 242.8
6 3 349.4 330.8
6 4 131.3 173.5
6 5 293.1 260.5
6 6 298.5 286.7
6 7 485.2 280.5
6 8 118.5 247.2
6 9 104.7 266.1
6 10 104.3 200.6
6 11 85.6 188.7
6 12 567.3 293.4
6 13 165.6 300.3
6 14 151.5 317.9
6 15 189.2 242.7
6 16 110.4 332.1
6 21 451.4 253.0
6 22 487.8 261.1
6 23 483.4 233.9
6 24 593.8 238.9
6 25 583.7 269.9
6 32 226.5 88.0
6 33 546.7 57.4
6 39 167.3 392.4
6 40 162.1 375.9
7 2 570.3 242.8
7 3 360.5 328.2
7 4 135.8 167.7
7 5 303.1 258.1
7 6 316.6 284.4
7 7 478.0 278.7
7 8 132.7 247.2
7 9 115.0 267.5
7 10 114.0 199.0
7 11 95.3 187.4
7 12 552.1 299.4
7 13 174.2 301.8
7 14 159.4 320.5
7 15 207.5 238.1
7 16 119.3 328.7
7 21 452.5 263.1
7 22 487.8 261.1
7 23 483.4 233.9
7 24 593.8 238.9
7 25 583.7 269.9
7 32 236.7 95.5
7 33 561.9 53.5
7 39 167.3 392.4
7 40 162.1 375.9
8 2 569.3 246.9
8 3 371.6 326.2
8 4 138.5 164.7
8 5 319.5 254.2
8 6 326.3 280.9
8 7 472.2 278.9
8 8 143.5 248.4
8 9 133.9 269.7
8 10 125.5 197.7
8 11 106.6 185.4
8 12 546.9 298.8
8 13 190.4 306.1
8 14 172.7 324.9
8 15 219.2 235.2
8 16 125.7 325.4
8 21 451.1 271.6
8 22 487.8 261.1
8 23 483.4 233.9
8 24 593.8 238.9
8 25 583.7 269.9
8 32 260.8 99.8
8 33 573.9 47.9
8 39 167.3 392.4
8 40 162.1 375.9
9 2 569.3 246.9
9 3 380.5 326.4
9 4 138.3 164.8
9 5 339.9 249.3
9 6 339.4 274.9
9 7 469.1 278.9
9 8 157.9 251.4
9 9 158.0 272.6
9 10 143.7 196.1
9 11 125.6 182.3
9 12 550.3 293.0
9 13 209.9 311.7
9 14 189.2 330.6
9 15 244.8 228.9
9 16 131.1 321.8
9 21 451.7 288.4
9 22 487.8 261.1
9 23 483.4 233.9
9 24 593.8 238.9
9 25 584.6 262.8
9 26 599.5 340.7
9 32 292.5 104.9
9 33 588.7 40.9
9 39 167.3 392.4
9 40 162.1 375.9
10 2 569.3 246.9
10 3 387.2 327.8
10 4 135.2 168.2
10 5 351.5 245.0
10 6 358.5 266.3
10 7 468.6 279.0
10 8 184.7 256.8
10 9 172.5 274.8
10 10 161.6 193.9
10 11 146.0 178.7
10 12 541.3 300.7
10 13 219.6 316.0
10 14 198.0 335.7
10 15 265.5 223.2
10 16 136.5 318.6
10 21 455.3 299.6
10 22 487.8 261.1
10 23 483.4 233.9
10 24 593.8 238.9
10 25 586.0 260.3
10 26 597.1 330.0
10 32 309.7 104.7
10 33 598.5 33.2
10 39 167.3 392.4
10 40 162.1 375.9
11 2 569.3 246.9
11 3 392.2 328.8
11 4 132.4 171.3
11 5 363.1 239.1
11 6 374.4 258.8
11 7 470.8 278.9
11 8 204.0 261.2
11 9 186.7 277.8
11 10 172.5 190.7
11 11 158.4 175.2
11 12 539.3 303.0
11 13 234.3 322.5
11 14 209.9 343.6
11 15 277.3 218.4
11 16 143.4 316.6
11 17 38.5 275.4
11 18 38.4 253.2
11 21 467.6 318.2
11 22 487.8 261.1
11 23 483.4 233.9
11 24 593.8 238.9
11 25 586.0 260.3
11 26 594.3 319.7
11 32 342.3 103.8
11 33 605.8 30.7
11 39 167.3 392.4
11 40 162.1 375.9
12 2 569.3 246.9
12 3 395.3 329.5
12 4 132.6 171.1
12 5 380.3 230.3
12 6 384.1 253.7
12 7 475.0 278.8
12 8 216.9 265.2
12 9 212.8 283.1
12 10 185.1 185.5
12 11 170.6 170.5
12 12 540.4 301.5
12 13 245.5 328.8
12 14 219.9 351.7
12 15 299.1 208.9
12 16 154.3 315.1
12 17 50.6 273.1
12 18 53.6 248.9
12 19 28.7 225.4
12 21 475.1 328.7
12 22 487.8 261.1
12 23 483.4 233.9
12 24 593.8 238.9
12 25 586.0 260.3
12 26 591.2 313.1
12 32 358.2 102.1
12 33 607.2 26.7
12 34 580.7 1.4
12 35 627.0 3.7
12 39 167.3 392.4
12 40 162.1 375.9
13 2 569.3 246.9
13 3 390.4 329.9
13 4 135.6 167.8
13 5 393.6 223.5
13 6 394.6 247.9
13 7 477.2 278.7
13 8 244.6 274.1
13 9 230.6 287.2
13 10 205.2 177.5
13 11 190.4 163.3
13 12 545.0 298.4
13 13 253.9 336.7
13 14 225.3 360.6
13 15 318.4 201.3
13 16 172.3 312.3
13 17 66.1 270.2
13 18 65.0 246.2
13 19 33.2 225.1
13 21 489.4 347.3
13 22 487.8 261.1
13 23 483.4 233.9
13 24 593.8 238.9
13 25 586.0 260.3
13 26 589.0 306.7
13 32 386.9 97.7
13 33 602.9 19.6
13 34 591.3 -0.0
13 35 632.3 19.3
13 39 167.3 392.4
13 40 162.1 375.9
14 2 569.3 246.9
14 3 385.7 330.0
14 4 143.5 166.8
14 5 403.7 218.4
14 6 409.3 239.6
14 7 464.1 283.7
14 8 270.1 282.5
14 9 242.7 291.0
14 10 222.2 169.6
14 11 206.5 156.4
14 12 562.1 284.4
14 13 268.5 350.1
14 14 233.6 375.2
14 15 330.1 198.6
14 16 187.1 310.4
14 17 77.2 267.8
14 18 75.9 244.2
14 19 35.7 224.6
14 20 32.6 252.0
14 21 501.1 361.9
14 22 487.8 261.1
14 23 488.6 238.8
14 24 593.8 238.9
14 25 586.0 260.3
14 26 585.8 301.1
14 27 577.8 350.4
14 28 573.5 376.7
14 32 411.6 93.6
14 33 603.4 29.9
14 39 167.3 392.4
14 40 162.1 375.9
15 2 569.3 246.9
15 3 393.9 329.3
15 4 162.1 190.0
15 5 420.1 209.9
15 6 423.1 232.0
15 7 464.4 281.4
15 8 281.7 286.7
15 9 265.9 298.0
15 10 231.6 162.8
15 11 216.1 150.3
15 12 585.9 276.4
15 13 275.5 359.0
15 14 240.4 382.5
15 15 351.5 195.0
15 16 198.8 309.7
15 17 86.6 265.2
15 18 91.1 241.3
15 19 41.4 225.2
15 20 41.1 252.9
15 21 512.9 374.4
15 22 487.8 261.1
15 23 488.6 238.8
15 24 593.8 238.9
15 25 586.0 260.3
15 26 579.5 297.7
15 27 557.6 346.9
15 28 553.6 367.7
15 29 585.7 317.7
15 32 428.9 89.9
15 33 601.4 30.0
15 39 167.3 392.4
15 40 162.1 375.9
16 2 569.3 246.9
16 3 389.8 328.5
16 4 175.4 198.5
16 5 434.3 202.9
16 6 432.9 227.0
16 7 467.8 279.0
16 8 300.5 293.3
16 9 283.9 304.4
16 10 246.0 150.8
16 11 232.2 140.5
16 12 608.6 268.8
16 13 281.8 373.2
16 14 249.8 389.0
16 15 371.6 190.8
16 16 224.9 307.7
16 17 99.4 261.5
16 18 102.7 239.4
16 19 50.0 226.9
16 20 48.9 254.0
16 21 524.6 386.6
16 22 487.8 261.1
16 23 488.6 238.8
16 24 593.8 238.9
16 25 586.0 260.3
16 26 572.5 293.3
16 27 547.3 344.7
16 28 543.2 363.8
16 29 572.7 314.8
16 30 635.5 193.6
16 32 459.7 83.4
16 33 601.2 26.4
16 39 167.3 392.4
16 40 162.1 375.9
17 2 569.3 246.9
17 3 383.9 327.3
17 4 201.1 211.7
17 5 444.8 198.8
17 6 444.6 221.6
17 7 466.1 280.6
17 8 318.6 300.4
17 9 293.8 310.4
17 10 266.1 134.0
17 11 250.4 128.6
17 13 287.9 385.4
17 14 261.4 397.2
17 15 382.0 187.0
17 16 243.2 307.9
17 17 110.2 258.8
17 18 113.4 237.9
17 19 58.0 229.1
17 20 56.9 254.7
17 21 538.3 400.1
17 22 487.8 261.1
17 23 488.6 238.8
17 24 593.8 238.9
17 25 586.0 260.3
17 26 564.9 291.2
17 27 528.5 340.7
17 28 526.9 358.8
17 29 563.7 313.2
17 30 622.0 185.1
17 32 471.7 75.6
17 33 602.4 25.1
17 34 634.6 11.4
17 39 167.3 392.4
17 40 162.1 375.9
18 2 569.3 246.9
18 3 385.7 330.7
18 4 214.3 217.7
18 5 461.3 192.9
18 6 462.0 213.9
18 7 466.1 280.6
18 8 328.2 306.8
18 9 314.1 323.7
18 10 277.1 122.5
18 11 258.9 119.0
18 13 293.1 394.7
18 14 268.6 402.5
18 15 395.2 182.3
18 16 258.0 311.7
18 17 119.2 257.2
18 18 129.2 235.7
18 19 65.1 231.4
18 20 65.3 254.6
18 21 547.0 407.9
18 22 487.8 261.1
18 23 488.6 238.8
18 24 593.8 238.9
18 25 586.0 260.3
18 26 554.6 290.6
18 27 510.8 336.5
18 28 510.4 353.8
18 29 549.7 310.7
18 30 607.0 176.2
18 31 629.8 210.0
18 32 478.5 69.8
18 33 600.7 24.0
18 39 167.3 392.4
18 40 162.1 375.9
19 2 569.3 246.9
19 3 384.9 330.0
19 4 236.2 226.9
19 5 475.2 186.9
19 6 477.3 206.5
19 7 466.1 280.6
19 8 347.8 320.8
19 9 332.6 335.9
19 10 285.8 110.2
19 11 266.0 107.0
19 13 299.9 404.9
19 14 277.3 409.2
19 15 405.2 176.9
19 16 278.2 317.6
19 17 130.2 254.7
19 18 141.8 234.2
19 19 72.9 231.6
19 20 72.9 254.4
19 21 562.9 419.8
19 22 487.8 261.1
19 23 488.6 238.8
19 24 593.8 238.9
19 25 586.0 260.3
19 26 540.9 289.7
19 27 501.8 333.0
19 28 499.5 350.6
19 29 536.8 309.0
19 30 595.6 171.9
19 31 606.9 212.1
19 32 484.4 67.1
19 33 605.0 22.7
19 39 167.3 392.4
19 40 162.1 375.9
20 2 569.3 246.9
20 3 385.7 330.7
20 4 257.8 235.7
20 5 485.0 180.4
20 6 487.0 200.8
20 7 466.1 280.6
20 8 363.6 331.8
20 9 341.4 341.9
20 10 298.7 92.1
20 11 275.4 91.2
20 13 307.5 408.4
20 14 286.0 415.8
20 15 412.3 170.6
20 16 288.6 324.6
20 17 141.2 252.9
20 18 153.2 233.5
20 19 81.1 230.1
20 20 79.2 254.2
20 21 563.9 424.2
20 22 487.8 261.1
20 23 488.6 238.8
20 24 593.8 238.9
20 25 586.0 260.3
20 26 530.8 289.8
20 27 485.7 326.4
20 28 476.9 344.0
20 29 527.9 309.2
20 30 576.7 165.0
20 31 588.1 213.4
20 32 489.3 66.8
20 33 609.7 6.4
20 37 632.4 73.0
20 39 167.3 392.4
20 40 162.1 375.9
21 2 569.3 246.9
21 3 382.7 328.7
21 4 270.2 240.0
21 5 499.1 170.2
21 6 498.4 192.9
21 7 466.1 280.6
21 8 371.7 347.0
21 9 353.0 359.7
21 10 305.9 79.9
21 11 282.8 78.7
21 13 318.2 412.8
21 14 291.4 419.9
21 15 418.9 164.3
21 16 308.0 338.6
21 17 151.1 252.9
21 18 172.6 232.5
21 19 88.8 227.9
21 20 85.8 254.0
21 21 560.3 425.5
21 22 487.8 261.1
21 23 488.6 238.8
21 24 593.8 238.9
21 25 586.0 260.3
21 26 522.0 290.0
21 27 470.3 319.9
21 28 462.9 339.2
21 29 517.3 309.2
21 30 566.5 159.1
21 31 570.9 213.1
21 32 492.5 63.8
21 33 615.8 2.6
21 37 619.4 68.3
21 39 167.3 392.4
21 40 162.1 375.9
22 2 569.3 246.9
22 3 384.1 331.5
22 4 296.4 249.0
22 5 510.7 163.7
22 6 510.8 184.9
22 7 466.1 280.6
22 8 385.8 354.1
22 9 369.4 365.2
22 10 312.7 65.9
22 13 325.9 416.0
22 14 296.8 424.0
22 15 427.4 162.7
22 16 318.5 346.0
22 17 173.4 254.5
22 18 189.5 231.2
22 19 96.1 225.5
22 20 93.7 253.9
22 21 560.1 426.9
22 22 487.8 261.1
22 23 482.0 238.2
22 24 593.8 238.9
22 25 586.0 260.3
22 26 512.5 290.2
22 27 461.0 315.7
22 28 449.8 332.7
22 29 507.9 310.2
22 30 549.2 146.9
22 31 547.5 212.7
22 32 493.9 56.9
22 36 579.2 0.9
22 37 602.6 62.2
22 39 167.3 392.4
22 40 162.1 375.9
23 2 569.3 246.9
23 3 383.3 331.5
23 4 320.7 256.5
23 5 521.6 160.1
23 6 520.9 180.7
23 7 466.1 280.6
23 8 401.7 353.9
23 9 383.3 369.1
23 10 320.1 50.5
23 13 338.4 420.5
23 14 302.5 427.2
23 15 440.4 162.4
23 16 332.8 356.3
23 17 195.4 255.3
23 18 199.8 229.1
23 19 104.2 224.7
23 20 102.9 253.4
23 21 558.7 423.7
23 22 487.8 261.1
23 23 477.1 236.6
23 24 593.8 238.9
23 25 586.0 260.3
23 26 503.9 291.7
23 27 441.5 306.8
23 28 428.5 322.1
23 29 498.5 312.9
23 30 536.5 140.4
23 31 534.3 212.7
23 32 493.7 46.0
23 36 576.7 13.6
23 37 588.4 56.6
23 38 630.3 66.0
23 39 167.3 392.4
23 40 162.1 375.9
24 2 569.3 246.9
24 3 384.9 331.4
24 4 333.3 257.8
24 5 535.4 156.1
24 6 535.6 176.0
24 7 466.1 280.6
24 8 419.7 365.2
24 9 401.4 378.6
24 13 349.8 425.7
24 14 307.7 429.2
24 15 454.3 162.5
24 16 351.1 369.0
24 17 207.1 252.8
24 18 216.3 225.2
24 19 113.1 225.8
24 20 113.6 251.6
24 21 552.2 405.7
24 22 487.8 261.1
24 23 477.1 236.6
24 24 593.8 238.9
24 25 586.0 260.3
24 26 492.8 295.1
24 27 424.1 298.9
24 28 417.4 317.3
24 29 486.5 316.9
24 30 523.2 135.9
24 31 509.8 213.0
24 32 494.6 30.9
24 36 569.3 20.4
24 37 571.3 50.6
24 38 623.3 54.2
24 39 167.3 392.4
24 40 162.1 375.9
25 2 569.3 246.9
25 3 388.9 328.1
25 4 358.6 258.1
25 5 545.7 150.3
25 6 553.6 170.2
25 7 466.1 280.6
25 8 440.0 371.2
25 9 422.5 382.5
25 13 353.7 430.7
25 14 312.1 432.4
25 15 465.0 164.0
25 16 361.1 373.4
25 17 227.9 247.9
25 18 233.5 221.1
25 19 123.0 227.1
25 20 123.9 251.3
25 21 547.0 394.3
25 22 487.8 261.1
25 23 474.4 237.5
25 24 593.8 238.9
25 25 586.0 260.3
25 26 481.6 297.5
25 27 413.2 294.3
25 28 396.5 309.0
25 29 476.8 317.8
25 30 506.6 131.1
25 31 496.1 212.6
25 32 491.9 18.7
25 36 565.7 20.6
25 37 555.2 48.4
25 38 616.4 44.3
25 39 167.3 392.4
25 40 162.1 375.9
