1 1 222.0 245.7
1 2 243.1 213.3
1 3 122.6 21.1
1 4 96.7 42.4
1 5 153.1 134.8
1 6 162.7 97.9
1 7 133.2 84.0
1 8 181.4 111.2
1 9 166.1 36.0
1 10 188.1 302.0
1 11 188.7 282.7
1 12 255.5 263.9
1 13 255.1 287.7
1 14 234.7 192.0
1 15 568.7 35.2
1 16 594.4 35.0
1 22 297.4 442.3
1 23 334.3 441.3
1 24 515.8 213.3
1 25 533.4 225.1
1 26 531.3 204.1
1 27 474.2 297.9
1 28 496.5 307.8
1 29 393.9 440.2
1 30 374.3 15.3
1 31 369.4 230.7
1 32 339.9 217.5
1 33 557.3 326.1
1 34 47.3 235.4
1 35 111.4 213.7
1 36 119.5 235.2
1 38 595.9 171.7
1 39 233.6 128.7
1 40 195.8 106.5
1 41 146.1 58.6
1 42 201.7 173.8
1 47 329.4 205.9
1 49 168.4 390.5
1 50 167.8 373.8
2 1 207.8 260.4
2 2 230.2 217.1
2 3 112.5 16.2
2 4 85.1 35.8
2 5 148.5 124.1
2 6 159.4 87.1
2 7 129.4 74.8
2 8 180.4 104.5
2 9 146.9 19.1
2 10 179.6 302.7
2 11 179.2 283.4
2 12 240.0 268.5
2 13 239.9 290.6
2 14 264.3 181.2
2 15 559.6 50.5
2 16 585.2 49.3
2 22 297.4 442.3
2 23 334.3 441.3
2 24 516.1 211.5
2 25 534.1 225.9
2 26 536.3 200.4
2 27 471.6 299.5
2 28 498.2 307.0
2 29 393.9 440.2
2 30 363.7 11.5
2 31 388.8 230.6
2 32 357.7 213.6
2 33 575.7 317.7
2 34 52.7 246.3
2 35 124.4 209.4
2 36 129.3 232.4
2 38 580.1 171.7
2 39 237.3 123.7
2 40 196.5 109.4
2 41 144.4 50.2
2 42 192.4 177.4
2 47 330.5 210.3
2 49 168.4 390.5
2 50 167.8 373.8
3 1 190.6 259.2
3 2 220.7 227.9
3 3 100.7 11.3
3 4 74.2 30.9
3 5 145.1 112.2
3 6 155.7 75.5
3 7 128.6 69.5
3 8 179.1 96.3
3 9 130.7 5.7
3 10 170.6 304.3
3 11 168.0 284.2
3 12 229.1 270.5
3 13 230.4 290.9
3 14 278.2 176.4
3 15 548.0 70.0
3 16 570.1 73.3
3 22 297.4 442.3
3 23 334.3 441.3
3 24 516.8 212.4
3 25 533.6 224.2
3 26 534.2 202.2
3 27 474.1 298.7
3 28 495.9 307.0
3 29 393.9 440.2
3 31 401.9 229.2
3 32 374.7 209.8
3 33 605.3 303.3
3 34 57.4 254.8
3 35 136.0 206.1
3 36 142.5 227.3
3 38 565.4 171.1
3 39 242.8 125.3
3 40 198.1 117.8
3 41 143.2 38.5
3 42 173.5 177.6
3 47 330.3 206.8
3 49 168.4 390.5
3 50 167.8 373.8
4 1 182.6 262.6
4 2 199.1 237.9
4 3 87.4 6.4
4 4 63.3 26.6
4 5 140.6 100.7
4 6 152.2 63.1
4 7 129.1 66.7
4 8 177.3 85.4
4 10 161.5 306.3
4 11 157.7 284.9
4 12 216.4 271.6
4 13 217.6 291.4
4 14 298.7 169.6
4 15 538.5 81.4
4 16 557.3 92.4
4 17 566.0 7.8
4 22 303.7 442.7
4 23 334.3 441.3
4 24 518.9 210.6
4 25 532.7 224.2
4 26 538.2 194.9
4 27 473.6 296.4
4 28 498.5 305.5
4 29 393.9 440.2
4 31 413.6 226.4
4 32 385.5 207.5
4 34 62.8 263.6
4 35 148.3 203.5
4 36 162.8 219.2
4 38 543.3 172.6
4 39 250.1 129.6
4 40 198.6 129.1
4 41 140.9 26.2
4 42 156.2 178.9
4 47 327.7 205.1
4 49 168.4 390.5
4 50 167.8 373.8
5 1 170.3 265.4
5 2 183.6 245.1
5 3 75.3 0.2
5 4 51.9 22.0
5 5 133.4 92.1
5 6 145.2 54.0
5 7 124.8 61.8
5 8 174.8 72.3
5 10 153.1 307.8
5 11 149.3 285.1
5 12 196.8 273.6
5 13 203.1 291.9
5 14 329.2 159.6
5 15 527.4 91.7
5 16 548.0 103.8
5 17 551.6 18.1
5 22 303.7 442.7
5 23 334.3 441.3
5 24 520.6 210.5
5 25 531.7 225.1
5 26 533.0 199.6
5 27 475.1 297.2
5 28 495.9 307.0
5 29 393.9 440.2
5 31 432.8 222.4
5 32 401.2 204.3
5 34 66.3 271.9
5 35 170.3 198.9
5 36 177.6 215.6
5 37 41.0 252.3
5 38 527.6 175.7
5 39 255.6 131.5
5 40 199.3 140.1
5 41 137.7 14.2
5 42 144.4 184.1
5 47 328.6 203.2
5 49 168.4 390.5
5 50 167.8 373.8
6 1 152.3 259.2
6 2 166.4 245.5
6 4 40.7 17.8
6 5 126.6 84.4
6 6 136.7 47.4
6 7 115.9 54.9
6 8 170.4 59.6
6 10 145.8 308.9
6 11 142.7 284.8
6 12 183.3 273.4
6 13 192.4 291.2
6 14 347.0 153.0
6 15 513.2 104.7
6 16 533.1 122.8
6 17 540.8 29.5
6 22 303.7 442.7
6 23 334.3 441.3
6 24 519.0 209.7
6 25 533.6 224.2
6 26 534.8 199.5
6 27 473.2 299.4
6 28 498.4 306.2
6 29 393.9 440.2
6 31 449.0 217.9
6 32 420.4 200.4
6 34 69.2 279.6
6 35 185.8 195.6
6 36 192.6 217.0
6 37 48.7 249.0
6 38 512.3 170.4
6 39 256.9 139.3
6 40 205.9 147.2
6 41 138.1 11.1
6 42 135.9 186.0
6 47 328.6 206.0
6 49 168.4 390.5
6 50 167.8 373.8
7 1 142.0 259.5
7 2 152.6 245.8
7 4 29.9 14.3
7 5 120.8 77.1
7 6 129.4 41.9
7 7 105.8 47.7
7 8 162.4 51.0
7 10 140.7 309.9
7 11 137.6 284.2
7 12 174.1 271.5
7 13 184.8 290.4
7 14 357.5 147.1
7 15 502.6 113.7
7 16 520.6 135.4
7 17 524.1 45.8
7 22 303.7 442.7
7 23 334.3 441.3
7 24 519.6 211.4
7 25 534.0 226.8
7 26 534.0 198.6
7 27 474.2 297.9
7 28 498.2 307.0
7 29 393.9 440.2
7 31 459.0 212.7
7 32 432.3 197.0
7 34 71.1 287.0
7 35 200.3 192.6
7 36 219.9 219.9
7 37 56.6 245.7
7 38 489.3 165.3
7 39 256.2 143.2
7 40 212.5 153.6
7 41 143.0 18.6
7 42 140.7 190.8
7 47 329.4 205.9
7 49 168.4 390.5
7 50 167.8 373.8
8 1 126.2 261.5
8 2 138.2 247.9
8 4 20.8 12.8
8 5 113.4 70.5
8 6 121.8 35.7
8 7 95.6 40.1
8 8 150.5 42.2
8 10 137.2 310.6
8 11 131.3 284.9
8 12 162.9 269.8
8 13 178.8 290.8
8 14 372.2 136.5
8 15 492.9 121.4
8 16 507.0 143.1
8 17 514.6 59.7
8 22 303.7 442.7
8 23 334.3 441.3
8 24 516.8 212.4
8 25 532.4 225.9
8 26 535.5 200.4
8 27 475.6 299.4
8 28 498.6 304.8
8 29 384.2 439.9
8 31 474.7 203.4
8 32 444.4 192.9
8 34 70.7 297.2
8 35 226.9 187.1
8 36 233.6 219.2
8 37 64.0 242.3
8 38 467.8 164.1
8 39 256.1 145.3
8 40 219.7 159.0
8 41 148.2 27.5
8 42 140.3 193.7
8 47 328.6 206.0
8 49 168.4 390.5
8 50 167.8 373.8
9 1 109.2 261.9
9 2 117.6 244.1
9 4 12.8 11.6
9 5 102.1 63.7
9 6 112.7 27.9
9 7 86.4 31.7
9 8 135.5 31.4
9 10 132.0 311.3
9 11 123.8 287.0
9 12 151.9 267.5
9 13 173.6 291.0
9 14 385.3 130.8
9 15 481.4 131.1
9 16 484.0 156.0
9 17 510.9 73.8
9 22 303.7 442.7
9 23 334.3 441.3
9 24 518.7 211.5
9 25 534.1 225.9
9 26 536.5 199.5
9 27 473.3 298.7
9 28 497.6 306.3
9 29 384.2 439.9
9 31 489.1 194.9
9 32 462.1 187.1
9 34 70.1 310.7
9 35 244.3 183.1
9 36 252.9 216.1
9 37 71.8 238.4
9 38 456.2 166.1
9 39 257.4 154.0
9 40 227.0 162.5
9 41 151.7 33.4
9 42 140.6 195.5
9 47 329.4 206.8
9 49 168.4 390.5
9 50 167.8 373.8
10 1 87.2 263.3
10 2 103.8 248.7
10 4 3.7 5.9
10 5 77.6 49.6
10 6 98.7 15.4
10 7 76.6 21.2
10 8 124.3 21.4
10 10 124.6 311.9
10 11 116.1 289.2
10 12 143.0 264.0
10 13 167.4 288.4
10 14 393.2 134.7
10 15 471.1 138.1
10 16 468.8 165.1
10 17 506.3 91.3
10 18 563.0 412.8
10 22 303.7 442.7
10 23 334.3 441.3
10 24 518.7 211.5
10 25 533.7 223.3
10 26 538.6 202.1
10 27 472.3 300.2
10 28 497.4 302.6
10 29 384.2 439.9
10 31 498.9 189.0
10 32 477.1 181.5
10 34 73.4 319.0
10 35 256.4 179.9
10 36 277.0 212.0
10 37 80.7 233.8
10 38 440.1 169.4
10 39 256.5 161.0
10 40 229.4 163.7
10 41 153.5 36.6
10 42 138.0 190.9
10 47 332.1 205.0
10 49 168.4 390.5
10 50 167.8 373.8
11 1 51.0 265.2
11 2 82.5 245.6
11 5 55.6 36.5
11 6 83.8 2.2
11 7 65.5 8.6
11 8 113.9 10.0
11 10 116.3 312.2
11 11 108.4 291.4
11 12 133.7 258.7
11 13 160.1 283.2
11 14 397.4 137.6
11 15 460.2 143.3
11 16 455.6 173.6
11 17 502.0 103.8
11 18 542.8 413.7
11 19 570.2 399.0
11 22 303.7 442.7
11 23 334.3 441.3
11 24 519.2 208.8
11 25 531.4 226.8
11 26 534.4 201.3
11 27 471.1 297.3
11 28 497.8 304.8
11 29 378.7 439.5
11 31 513.2 180.3
11 32 487.0 176.6
11 34 76.7 327.5
11 35 276.2 174.6
11 36 288.9 208.7
11 37 89.3 230.0
11 38 424.2 173.3
11 39 253.7 165.6
11 40 232.3 165.0
11 41 153.7 36.9
11 42 145.8 177.4
11 43 124.3 0.2
11 44 495.6 8.8
11 47 330.3 205.9
11 49 168.4 390.5
11 50 167.8 373.8
12 2 59.7 247.5
12 5 42.3 28.4
12 10 118.1 308.2
12 11 100.8 293.6
12 12 122.3 251.2
12 13 152.0 275.9
12 14 398.6 136.9
12 15 444.6 150.3
12 16 433.3 188.0
12 17 496.0 123.2
12 18 521.9 414.3
12 19 551.2 398.5
12 22 303.7 442.7
12 23 334.3 441.3
12 24 517.7 212.4
12 25 532.9 227.6
12 26 533.9 204.0
12 27 474.8 299.4
12 28 495.4 304.8
12 29 384.2 439.9
12 31 528.6 170.9
12 32 498.5 170.4
12 34 82.1 333.7
12 35 292.4 169.9
12 36 300.8 205.8
12 37 97.1 227.0
12 38 413.4 177.6
12 39 255.2 167.9
12 40 239.8 168.0
12 41 152.4 34.6
12 42 155.3 167.6
12 43 127.1 6.4
12 44 505.5 16.6
12 47 329.4 205.9
12 49 168.4 390.5
12 50 167.8 373.8
13 5 21.4 16.4
13 10 107.7 309.2
13 11 88.4 300.6
13 12 111.3 245.7
13 13 143.5 269.1
13 14 401.1 143.5
13 15 433.3 156.7
13 16 419.9 197.6
13 17 488.8 141.9
13 18 511.3 413.4
13 19 534.2 397.6
13 22 303.7 442.7
13 23 334.3 441.3
13 24 520.4 211.4
13 25 532.9 227.6
13 26 535.6 199.5
13 27 472.6 298.0
13 28 496.9 305.5
13 29 384.2 439.9
13 31 539.3 164.5
13 32 512.1 163.2
13 34 90.6 338.2
13 35 303.2 165.9
13 36 311.2 201.3
13 37 104.6 223.3
13 38 395.8 184.5
13 39 262.5 168.1
13 40 244.9 169.5
13 41 151.7 33.6
13 42 155.6 144.5
13 43 131.6 16.5
13 44 519.9 24.3
13 47 333.8 207.6
13 49 168.4 390.5
13 50 167.8 373.8
14 5 7.0 4.9
14 10 90.9 312.7
14 11 82.8 298.4
14 12 102.0 244.5
14 13 134.9 267.0
14 14 401.9 146.5
14 15 422.9 164.4
14 16 407.4 209.1
14 17 480.1 150.8
14 18 500.2 410.7
14 19 525.1 396.1
14 22 303.7 442.7
14 23 334.3 441.3
14 24 518.1 209.7
14 25 532.4 225.9
14 26 536.5 199.5
14 27 472.6 298.0
14 28 493.8 304.9
14 29 384.2 439.9
14 31 550.4 159.0
14 32 522.7 157.2
14 34 100.2 343.4
14 35 321.4 159.8
14 36 318.2 193.0
14 37 112.1 219.6
14 38 385.3 191.5
14 39 271.4 167.8
14 40 249.8 171.5
14 41 152.8 35.3
14 42 161.8 127.6
14 43 133.2 25.5
14 44 528.9 33.5
14 47 328.9 203.4
14 49 168.4 390.5
14 50 167.8 373.8
15 10 83.7 315.1
15 11 71.0 301.5
15 12 93.7 244.6
15 13 125.1 266.7
15 14 400.2 144.5
15 15 408.5 175.5
15 16 386.3 229.0
15 17 465.8 163.8
15 18 482.2 406.5
15 19 508.8 393.0
15 22 303.7 442.7
15 23 334.3 441.3
15 24 522.3 210.5
15 25 532.9 227.6
15 26 538.9 195.8
15 27 474.0 299.4
15 28 496.3 304.1
15 29 384.2 439.9
15 31 564.0 152.6
15 32 532.1 152.0
15 34 108.7 344.0
15 35 338.4 152.9
15 36 327.1 182.2
15 37 120.5 218.6
15 38 376.9 210.2
15 39 280.1 167.5
15 40 257.2 176.1
15 41 155.4 39.8
15 42 164.2 115.7
15 43 131.9 32.1
15 44 536.2 46.1
15 47 322.4 207.3
15 49 168.4 390.5
15 50 167.8 373.8
16 10 74.4 319.3
16 11 59.5 304.6
16 12 85.7 244.8
16 13 113.3 266.1
16 14 399.1 146.5
16 15 396.9 182.6
16 16 373.7 244.1
16 17 450.8 176.5
16 18 468.8 402.9
16 19 491.5 389.4
16 22 303.7 442.7
16 23 334.3 441.3
16 24 520.6 210.5
16 25 534.0 226.8
16 26 536.6 194.0
16 27 470.1 298.8
16 28 495.6 304.1
16 29 384.2 439.9
16 31 572.2 149.8
16 32 543.2 146.6
16 34 121.1 343.1
16 35 347.3 146.4
16 36 335.5 176.8
16 37 129.5 219.5
16 38 366.1 218.5
16 39 289.1 166.4
16 40 262.8 180.9
16 41 159.6 47.1
16 42 166.7 100.6
16 43 136.6 42.1
16 44 542.3 60.2
16 46 468.6 7.1
16 47 321.4 208.9
16 48 381.5 125.6
16 49 168.4 390.5
16 50 167.8 373.8
17 10 62.1 324.9
17 11 49.9 307.2
17 12 77.6 245.0
17 13 100.5 265.5
17 14 402.1 148.1
17 15 384.6 187.4
17 16 348.9 251.3
17 17 438.4 188.9
17 18 461.2 399.6
17 19 483.1 386.4
17 22 303.7 442.7
17 23 334.3 441.3
17 24 518.3 208.8
17 25 534.3 225.0
17 26 542.6 190.3
17 27 473.5 297.2
17 28 494.6 304.9
17 29 375.2 440.1
17 31 579.9 135.9
17 32 553.4 140.5
17 34 136.1 342.1
17 35 356.7 138.7
17 36 345.4 171.7
17 37 138.6 220.6
17 38 352.8 225.8
17 39 298.2 164.5
17 40 268.1 184.7
17 41 164.9 56.0
17 42 169.8 88.2
17 43 144.7 55.8
17 44 541.2 72.0
17 45 524.3 3.7
17 46 478.7 8.4
17 47 317.0 210.5
17 48 381.5 125.6
17 49 168.4 390.5
17 50 167.8 373.8
18 12 69.0 245.3
18 13 89.8 265.5
18 14 397.1 148.6
18 15 363.2 195.8
18 16 323.0 254.5
18 17 419.7 200.3
18 18 448.8 393.9
18 19 471.0 380.6
18 22 294.6 441.8
18 23 327.3 441.5
18 24 519.7 210.6
18 25 537.3 222.4
18 26 539.5 193.1
18 27 471.5 300.2
18 28 494.1 303.4
18 29 363.4 440.4
18 31 584.4 131.6
18 32 566.6 137.0
18 34 146.6 342.4
18 35 365.6 131.3
18 36 355.3 166.5
18 37 147.7 220.9
18 38 338.9 232.1
18 39 307.4 162.5
18 40 276.3 186.1
18 41 163.5 51.7
18 42 177.6 68.3
18 43 151.6 67.8
18 44 540.1 84.9
18 45 532.9 15.2
18 46 488.9 9.6
18 47 309.4 212.6
18 48 381.5 125.6
18 49 168.4 390.5
18 50 167.8 373.8
19 12 59.3 245.7
19 13 80.7 266.1
19 14 398.9 150.5
19 15 349.0 200.1
19 16 309.3 263.7
19 17 403.2 208.8
19 18 433.2 386.7
19 19 455.6 373.5
19 22 294.6 441.8
19 23 327.3 441.5
19 24 518.9 210.6
19 25 533.3 225.9
19 26 535.0 193.2
19 27 473.0 300.9
19 28 497.8 304.8
19 29 356.5 440.1
19 31 594.0 117.0
19 32 573.8 124.7
19 34 156.8 343.7
19 36 363.4 162.1
19 37 158.7 222.1
19 38 325.1 239.3
19 39 316.6 162.1
19 40 288.8 187.1
19 41 154.2 34.0
19 42 175.9 55.8
19 43 155.6 74.9
19 44 538.1 97.0
19 45 539.8 24.0
19 46 499.1 10.0
19 47 302.7 214.4
19 48 381.5 125.6
19 49 168.4 390.5
19 50 167.8 373.8
20 12 48.2 246.2
20 13 68.3 267.0
20 14 397.1 148.6
20 15 337.8 202.1
20 16 279.1 264.4
20 17 385.5 212.7
20 18 422.5 382.4
20 19 446.0 370.2
20 22 294.6 441.8
20 23 327.3 441.5
20 24 521.2 212.3
20 25 534.8 226.7
20 26 535.6 195.0
20 27 475.7 298.6
20 28 496.9 305.5
20 29 352.3 439.6
20 31 601.7 108.6
20 32 579.5 117.5
20 34 170.8 345.6
20 36 367.8 159.7
20 37 170.6 223.0
20 38 309.0 248.9
20 39 327.5 161.7
20 40 302.1 188.0
20 41 143.9 24.3
20 42 157.2 44.9
20 43 157.6 78.4
20 44 534.6 107.6
20 45 549.0 33.2
20 46 507.9 9.7
20 47 294.7 216.9
20 48 381.5 125.6
20 49 168.4 390.5
20 50 167.8 373.8
21 12 37.3 246.6
21 13 52.6 268.2
21 14 396.3 147.6
21 15 322.7 205.1
21 16 262.6 269.7
21 17 368.6 221.9
21 18 413.8 379.7
21 19 435.3 367.9
21 20 567.9 416.2
21 21 578.1 392.2
21 22 294.6 441.8
21 23 327.3 441.5
21 24 518.0 210.6
21 25 536.4 222.8
21 26 535.0 193.2
21 27 471.6 299.5
21 28 496.2 304.8
21 29 344.7 438.7
21 31 609.1 99.5
21 32 587.0 108.7
21 34 181.8 346.9
21 36 366.0 166.9
21 37 179.3 220.1
21 38 292.2 254.3
21 39 339.7 161.6
21 40 313.0 188.0
21 41 129.7 20.1
21 42 136.3 35.1
21 43 161.8 85.9
21 44 530.6 117.6
21 45 552.7 43.9
21 46 516.1 9.7
21 47 287.4 219.7
21 48 381.5 125.6
21 49 168.4 390.5
21 50 167.8 373.8
22 12 27.7 247.0
22 13 40.3 269.1
22 14 396.4 145.6
22 15 310.2 206.5
22 16 236.2 274.3
22 17 345.1 225.1
22 18 399.5 375.4
22 19 419.3 364.6
22 20 545.8 407.8
22 21 558.2 384.7
22 22 301.6 442.2
22 23 320.3 440.5
22 24 517.7 212.4
22 25 538.2 222.4
22 26 532.4 193.2
22 27 474.0 299.4
22 28 498.6 304.8
22 29 344.7 438.7
22 31 616.8 90.8
22 32 592.4 99.4
22 34 190.5 348.0
22 36 367.9 163.9
22 37 192.2 213.0
22 38 276.2 256.3
22 39 349.5 167.3
22 40 329.4 187.3
22 41 112.2 14.7
22 42 121.8 36.7
22 43 168.4 98.9
22 44 527.6 127.7
22 45 552.4 55.0
22 46 525.1 11.7
22 47 279.6 221.9
22 48 381.5 125.6
22 49 168.4 390.5
22 50 167.8 373.8
23 14 399.1 146.5
23 15 298.1 205.8
23 16 210.8 271.7
23 17 326.8 228.1
23 18 384.9 371.1
23 19 407.4 361.7
23 20 515.5 396.4
23 21 528.8 373.6
23 22 301.6 442.2
23 23 320.3 440.5
23 24 521.2 212.3
23 25 536.4 227.6
23 26 533.5 192.3
23 27 472.4 299.5
23 28 497.8 304.8
23 29 344.7 438.7
23 31 626.0 84.5
23 32 595.7 90.7
23 34 201.1 350.0
23 36 364.2 165.0
23 37 206.7 204.7
23 38 262.9 261.6
23 39 367.2 180.2
23 40 340.4 189.3
23 41 99.2 9.1
23 42 105.4 37.2
23 43 176.5 114.3
23 44 526.0 139.5
23 45 552.2 65.2
23 46 529.8 14.2
23 47 272.3 223.3
23 48 381.5 125.6
23 49 168.4 390.5
23 50 167.8 373.8
24 14 397.3 146.6
24 15 280.3 204.5
24 16 190.5 277.0
24 17 314.0 237.0
24 18 376.0 368.5
24 19 399.0 358.9
24 20 503.6 391.7
24 21 515.3 368.2
24 22 301.6 442.2
24 23 320.3 440.5
24 24 521.0 213.2
24 25 536.9 225.0
24 26 534.7 190.4
24 27 473.1 300.2
24 28 495.9 307.0
24 29 344.7 438.7
24 31 632.8 79.8
24 32 601.9 84.1
24 34 211.1 351.0
24 36 366.1 164.0
24 37 214.2 198.5
24 38 243.0 265.3
24 39 379.2 184.9
24 40 353.7 193.7
24 41 79.5 0.5
24 42 88.9 31.8
24 43 184.4 124.1
24 44 520.7 163.5
24 45 551.8 75.9
24 46 531.9 16.0
24 47 267.7 224.0
24 48 381.5 125.6
24 49 168.4 390.5
24 50 167.8 373.8
25 14 397.4 143.6
25 15 267.4 204.2
25 16 167.5 279.9
25 17 294.2 238.3
25 18 364.9 365.3
25 19 385.6 354.4
25 20 485.1 384.0
25 21 499.1 360.9
25 22 301.6 442.2
25 23 320.3 440.5
25 24 518.7 211.5
25 25 537.2 223.3
25 26 538.0 186.7
25 27 472.8 302.4
25 28 493.5 307.1
25 29 344.7 438.7
25 31 637.6 76.4
25 32 610.8 79.6
25 34 219.0 349.8
25 36 366.1 164.9
25 37 222.4 190.6
25 38 226.0 264.1
25 39 402.3 189.0
25 40 363.7 196.5
25 42 69.6 24.6
25 43 197.3 138.8
25 44 515.9 170.3
25 45 552.3 87.0
25 46 539.3 15.4
25 47 260.7 225.4
25 48 381.5 125.6
25 49 168.4 390.5
25 50 167.8 373.8
