1 1 560.7 209.7
1 2 522.0 290.0
1 3 494.0 332.2
1 4 78.6 221.7
1 5 64.9 204.2
1 6 591.4 349.2
1 7 121.4 25.4
1 8 157.7 49.7
1 9 323.5 256.8
1 10 327.8 239.8
1 11 340.1 226.8
1 12 370.1 335.5
1 13 378.9 318.8
1 14 491.9 160.2
1 15 456.5 401.0
1 22 560.8 186.0
1 23 252.8 374.5
1 24 444.2 202.4
1 25 475.2 268.6
1 26 239.8 219.2
1 27 243.7 247.1
1 28 210.0 301.4
1 29 112.0 228.6
1 30 117.7 272.2
1 31 88.3 337.3
1 32 76.8 317.0
1 34 312.8 273.3
1 35 599.1 54.6
1 36 564.2 148.2
1 37 547.5 143.8
1 38 581.4 104.0
1 39 582.0 136.5
1 40 369.2 205.0
1 41 386.7 98.3
1 42 239.9 441.9
1 43 219.3 426.8
1 45 442.8 363.7
1 46 431.3 385.4
1 47 461.8 416.1
1 48 484.9 178.4
1 49 226.7 181.7
1 50 202.6 201.2
1 51 570.2 79.5
1 52 580.8 62.1
1 57 469.7 244.0
1 58 442.2 315.0
1 59 360.6 132.8
1 60 347.3 110.2
1 61 590.9 37.3
1 62 541.9 21.9
1 66 333.8 388.6
1 67 350.4 404.8
1 68 320.0 403.8
1 69 490.3 286.9
1 70 504.5 307.6
1 71 509.0 281.9
1 72 519.8 330.1
1 73 168.4 390.5
1 74 167.8 373.8
2 1 576.1 204.9
2 2 522.0 290.0
2 3 494.0 332.2
2 4 64.6 226.8
2 5 53.3 203.4
2 6 593.8 347.9
2 7 101.9 3.4
2 8 140.7 39.9
2 9 316.8 261.9
2 10 318.3 244.5
2 11 328.6 228.9
2 12 360.5 335.1
2 13 369.9 317.4
2 14 480.0 163.4
2 15 456.7 402.1
2 22 577.0 185.5
2 23 234.8 367.0
2 24 463.6 202.2
2 25 505.3 265.5
2 26 251.8 215.1
2 27 257.1 246.2
2 28 237.4 300.9
2 29 121.5 228.3
2 30 135.5 267.3
2 31 97.0 336.5
2 32 88.4 315.4
2 34 329.8 279.5
2 35 580.8 62.2
2 36 566.2 156.7
2 37 551.8 160.9
2 38 578.5 124.6
2 39 582.6 152.5
2 40 368.4 219.5
2 41 381.0 116.9
2 42 243.1 438.8
2 43 228.6 420.8
2 45 459.3 366.6
2 46 441.8 387.1
2 47 494.9 415.2
2 48 502.1 190.2
2 49 214.2 180.4
2 50 185.8 200.2
2 51 558.1 73.6
2 52 572.5 57.6
2 57 480.0 243.6
2 58 452.1 328.9
2 59 338.2 142.1
2 60 324.1 117.8
2 61 597.6 33.6
2 62 525.5 14.7
2 66 333.8 388.6
2 67 350.4 404.8
2 68 320.0 403.8
2 69 490.3 286.9
2 70 504.5 307.6
2 71 509.0 281.9
2 72 519.8 330.1
2 73 168.4 390.5
2 74 167.8 373.8
3 1 585.9 201.6
3 2 522.0 290.0
3 3 494.0 332.2
3 4 51.1 231.2
3 5 42.6 203.6
3 8 114.2 24.9
3 9 303.0 256.9
3 10 311.1 241.9
3 11 319.3 224.8
3 12 344.8 334.7
3 13 356.2 315.2
3 14 463.1 160.7
3 15 459.2 402.1
3 22 588.2 183.2
3 23 212.9 358.2
3 24 479.2 200.7
3 25 528.4 264.9
3 26 274.0 207.1
3 27 264.7 237.6
3 28 260.0 299.9
3 29 131.6 228.0
3 30 146.3 264.1
3 31 107.1 333.9
3 32 96.8 313.8
3 34 340.4 282.4
3 35 574.7 67.3
3 36 569.7 150.6
3 37 551.4 167.6
3 38 572.8 118.2
3 39 588.9 152.4
3 40 367.2 240.9
3 41 375.3 136.8
3 42 247.7 432.6
3 43 234.1 415.2
3 45 476.4 370.2
3 46 462.5 388.9
3 47 510.7 414.7
3 48 518.0 197.5
3 49 194.3 178.0
3 50 172.1 200.3
3 51 555.3 66.1
3 52 567.7 48.1
3 57 495.1 241.9
3 58 459.1 336.8
3 59 322.5 147.8
3 60 307.1 121.9
3 61 593.6 33.7
3 62 518.3 7.7
3 66 333.8 388.6
3 67 350.4 404.8
3 68 320.0 403.8
3 69 490.3 286.9
3 70 504.5 307.6
3 71 509.0 281.9
3 72 519.8 330.1
3 73 168.4 390.5
3 74 167.8 373.8
4 1 597.9 197.4
4 2 522.0 290.0
4 3 494.0 332.2
4 4 38.5 232.9
4 5 31.7 206.1
4 8 99.3 17.1
4 9 296.7 262.4
4 10 304.7 247.3
4 11 309.5 230.2
4 12 335.7 332.7
4 13 341.7 313.0
4 14 448.7 167.0
4 15 457.8 402.1
4 22 600.7 179.5
4 23 200.2 355.0
4 24 489.8 197.3
4 25 550.3 266.0
4 26 293.5 200.3
4 27 274.0 227.3
4 28 272.4 297.8
4 29 140.7 227.2
4 30 165.3 258.4
4 31 119.8 330.8
4 32 106.5 311.0
4 34 358.6 287.1
4 35 597.6 52.4
4 36 571.5 158.2
4 37 561.8 174.0
4 38 567.7 127.0
4 39 588.8 150.7
4 40 365.5 253.4
4 41 373.5 149.5
4 42 257.5 419.0
4 43 239.2 407.4
4 45 491.3 367.1
4 46 474.7 389.9
4 47 538.0 413.7
4 48 535.4 205.4
4 49 181.5 177.7
4 50 160.2 202.0
4 51 553.2 61.3
4 52 567.5 38.7
4 57 505.7 243.8
4 58 467.8 345.7
4 59 295.0 157.9
4 60 278.1 128.8
4 61 589.3 35.0
4 62 526.6 1.6
4 66 333.8 388.6
4 67 350.4 404.8
4 68 320.0 403.8
4 69 490.3 286.9
4 70 504.5 307.6
4 71 509.0 281.9
4 72 519.8 330.1
4 73 168.4 390.5
4 74 167.8 373.8
5 1 611.3 192.6
5 2 522.0 290.0
5 3 494.0 332.2
5 4 19.1 235.1
5 5 16.3 210.1
5 8 73.9 4.8
5 9 284.2 265.9
5 10 294.7 252.6
5 11 301.1 239.0
5 12 320.1 333.3
5 13 332.1 312.4
5 14 433.1 169.3
5 15 452.1 402.0
5 22 615.4 175.2
5 23 173.4 348.4
5 24 505.3 192.6
5 25 572.2 270.2
5 26 304.4 196.6
5 27 283.8 219.1
5 28 297.9 292.9
5 29 152.4 225.9
5 30 193.8 249.6
5 31 129.4 330.2
5 32 117.4 307.9
5 34 370.0 288.6
5 35 596.9 55.8
5 36 572.5 164.0
5 37 559.4 179.4
5 38 562.3 145.1
5 39 591.6 157.6
5 40 360.8 269.2
5 41 371.4 170.7
5 42 264.3 409.6
5 43 245.7 397.4
5 45 509.6 366.8
5 46 499.6 391.6
5 47 567.7 412.6
5 48 550.1 212.6
5 49 166.6 178.4
5 50 142.2 204.6
5 51 551.4 52.4
5 52 567.5 36.3
5 57 529.8 250.9
5 58 475.6 351.5
5 59 281.5 162.1
5 60 264.3 133.3
5 61 588.4 39.7
5 66 333.8 388.6
5 67 350.4 404.8
5 68 320.0 403.8
5 69 490.3 286.9
5 70 504.5 307.6
5 71 509.0 281.9
5 72 519.8 330.1
5 73 168.4 390.5
5 74 167.8 373.8
6 1 622.6 189.3
6 2 522.0 290.0
6 3 494.0 332.2
6 9 272.3 263.0
6 10 287.0 251.1
6 11 292.4 236.6
6 12 304.2 332.3
6 13 318.1 312.2
6 14 420.0 162.8
6 15 452.4 405.1
6 22 625.6 170.2
6 23 156.7 345.7
6 24 516.7 187.2
6 25 590.0 267.4
6 26 320.8 190.4
6 27 297.3 208.5
6 28 314.7 289.7
6 29 171.9 224.0
6 30 206.4 243.6
6 31 145.8 330.8
6 32 126.9 307.5
6 34 389.4 290.1
6 35 601.3 53.4
6 36 575.8 167.1
6 37 564.5 187.4
6 38 561.6 144.9
6 39 592.7 160.2
6 40 356.7 286.7
6 41 369.3 189.0
6 42 272.4 398.4
6 43 250.6 390.2
6 45 518.0 366.7
6 46 511.4 393.8
6 48 572.4 222.9
6 49 151.8 179.8
6 50 129.0 206.7
6 51 549.3 46.8
6 52 567.5 30.4
6 57 540.9 258.1
6 58 485.7 355.5
6 59 261.4 167.9
6 60 242.0 141.3
6 61 588.4 39.7
6 66 333.8 388.6
6 67 350.4 404.8
6 68 320.0 403.8
6 69 490.3 286.9
6 70 504.5 307.6
6 71 509.0 281.9
6 72 519.8 330.1
6 73 168.4 390.5
6 74 167.8 373.8
7 1 633.2 187.0
7 2 522.0 290.0
7 3 494.0 332.2
7 9 258.9 264.9
7 10 273.3 250.6
7 11 286.3 233.3
7 12 285.8 330.7
7 13 301.8 311.8
7 14 405.4 163.1
7 15 452.2 406.3
7 22 636.0 164.3
7 23 145.1 346.2
7 24 526.0 181.8
7 25 612.8 265.0
7 26 337.5 185.1
7 27 306.8 204.6
7 28 334.0 285.8
7 29 190.5 221.7
7 30 227.9 228.7
7 31 171.1 331.8
7 32 137.4 309.8
7 34 405.9 290.0
7 35 599.4 53.5
7 36 572.5 166.1
7 37 570.3 191.4
7 38 561.1 150.8
7 39 594.3 164.3
7 40 360.6 298.1
7 41 366.7 202.1
7 42 285.4 380.6
7 43 262.8 371.7
7 45 526.9 366.1
7 46 528.6 399.0
7 48 584.4 224.4
7 49 141.8 182.5
7 50 119.3 208.4
7 51 546.8 47.5
7 52 568.0 20.3
7 57 551.5 271.9
7 58 494.5 360.0
7 59 247.0 171.6
7 60 228.8 146.5
7 61 591.1 36.1
7 66 333.8 388.6
7 67 350.4 404.8
7 68 320.0 403.8
7 69 490.3 286.9
7 70 504.5 307.6
7 71 509.0 281.9
7 72 519.8 330.1
7 73 168.4 390.5
7 74 167.8 373.8
8 2 522.0 290.0
8 3 494.0 332.2
8 9 249.2 269.2
8 10 261.4 250.9
8 11 268.3 236.3
8 12 275.8 328.3
8 13 291.7 310.2
8 14 390.9 161.5
8 15 450.3 404.5
8 16 605.5 274.4
8 23 127.6 347.0
8 24 534.2 175.5
8 26 354.5 190.8
8 27 318.9 199.9
8 28 361.4 280.2
8 29 201.3 219.0
8 30 253.9 211.9
8 31 187.5 332.7
8 32 155.6 314.1
8 34 416.5 286.4
8 35 599.9 51.2
8 36 573.3 169.5
8 37 574.6 193.9
8 38 561.1 150.9
8 39 596.9 170.6
8 40 369.2 319.6
8 41 361.8 224.7
8 42 292.2 372.1
8 43 274.9 367.0
8 45 535.6 363.9
8 46 539.4 400.2
8 48 607.0 225.6
8 49 128.7 186.3
8 50 107.0 210.4
8 51 547.8 43.2
8 52 569.7 14.1
8 57 556.4 282.2
8 58 505.0 368.9
8 59 224.2 176.6
8 60 207.0 156.6
8 61 588.8 37.3
8 66 333.8 388.6
8 67 350.4 404.8
8 68 320.0 403.8
8 69 490.3 286.9
8 70 504.5 307.6
8 71 509.0 281.9
8 72 519.8 330.1
8 73 168.4 390.5
8 74 167.8 373.8
9 2 522.0 290.0
9 3 494.0 332.2
9 9 236.8 263.0
9 10 250.8 244.7
9 11 258.1 226.5
9 12 264.0 323.8
9 13 280.3 307.2
9 14 377.7 157.0
9 15 451.8 404.5
9 16 594.4 270.2
9 23 115.5 348.0
9 24 537.4 166.2
9 26 369.5 184.3
9 27 330.9 195.9
9 28 374.5 277.1
9 29 215.0 213.8
9 30 267.0 208.3
9 31 199.0 333.8
9 32 170.7 317.5
9 34 430.9 281.6
9 35 597.9 55.8
9 36 575.0 176.5
9 37 578.9 196.9
9 38 561.1 151.6
9 39 598.0 172.9
9 40 372.8 331.3
9 41 360.3 237.9
9 42 308.1 360.2
9 43 281.8 352.8
9 45 546.6 361.8
9 46 560.7 402.3
9 48 628.2 226.7
9 49 118.4 188.7
9 50 95.0 212.5
9 51 552.7 32.9
9 52 571.9 4.8
9 53 638.7 96.0
9 57 561.2 302.2
9 58 517.5 379.1
9 59 199.1 181.7
9 60 186.8 164.6
9 61 590.3 34.9
9 66 333.8 388.6
9 67 350.4 404.8
9 68 320.0 403.8
9 69 490.3 286.9
9 70 504.5 307.6
9 71 509.0 281.9
9 72 519.8 330.1
9 73 168.4 390.5
9 74 167.8 373.8
10 2 522.0 290.0
10 3 494.0 332.2
10 9 225.9 271.4
10 10 242.4 257.9
10 11 245.7 236.0
10 12 249.4 323.4
10 13 267.8 312.7
10 14 358.7 158.5
10 15 450.3 405.1
10 16 574.3 262.2
10 17 587.3 287.6
10 23 104.9 349.7
10 24 539.5 157.1
10 26 390.1 184.6
10 27 341.2 194.0
10 28 401.3 270.7
10 29 235.5 205.6
10 30 289.9 204.8
10 31 219.8 335.8
10 32 181.6 319.7
10 34 440.8 278.6
10 35 598.1 50.0
10 36 576.1 182.2
10 37 584.1 201.8
10 38 560.5 157.9
10 39 598.1 172.6
10 40 381.9 356.9
10 41 360.4 256.8
10 42 313.5 349.1
10 43 297.1 335.1
10 45 551.4 356.6
10 46 574.8 400.5
10 49 107.3 191.0
10 50 85.8 214.5
10 51 557.6 23.3
10 53 632.1 84.3
10 57 566.4 311.6
10 58 527.4 384.9
10 59 184.3 183.0
10 60 171.6 166.1
10 61 588.1 36.2
10 66 333.8 388.6
10 67 350.4 404.8
10 68 320.0 403.8
10 69 490.3 286.9
10 70 504.5 307.6
10 71 509.0 281.9
10 72 519.8 330.1
10 73 168.4 390.5
10 74 167.8 373.8
11 2 522.0 290.0
11 3 494.0 332.2
11 9 225.1 272.2
11 10 230.0 252.4
11 11 225.3 231.3
11 12 236.0 317.2
11 13 249.7 307.2
11 14 346.9 160.1
11 15 449.6 404.5
11 16 562.0 257.4
11 17 560.1 278.2
11 23 86.9 352.5
11 24 544.7 148.6
11 26 400.9 186.2
11 27 358.6 191.1
11 28 420.2 265.4
11 29 251.3 200.9
11 30 303.5 204.0
11 31 236.0 337.6
11 32 201.9 324.3
11 34 456.7 274.0
11 35 596.9 55.8
11 36 575.4 183.9
11 37 587.9 205.8
11 38 560.3 166.6
11 39 599.4 176.3
11 40 381.6 371.6
11 41 360.1 275.0
11 42 330.3 338.8
11 43 307.5 326.1
11 45 549.6 363.8
11 46 579.0 394.5
11 49 92.4 194.4
11 50 78.8 216.6
11 51 558.0 11.7
11 53 628.8 72.1
11 57 577.1 327.3
11 58 542.2 393.5
11 59 159.8 184.9
11 60 145.7 168.4
11 61 587.4 39.7
11 62 537.2 2.8
11 66 333.8 388.6
11 67 350.4 404.8
11 68 320.0 403.8
11 69 490.3 286.9
11 70 504.5 307.6
11 71 509.0 281.9
11 72 519.8 330.1
11 73 168.4 390.5
11 74 167.8 373.8
12 2 522.0 290.0
12 3 494.0 332.2
12 9 223.5 273.0
12 10 219.9 254.3
12 11 216.2 230.0
12 12 225.9 312.3
12 13 238.5 300.0
12 14 326.8 162.5
12 15 451.9 403.3
12 16 545.5 251.5
12 17 549.8 273.1
12 23 71.8 354.8
12 24 551.3 140.1
12 26 415.2 189.5
12 27 379.9 187.7
12 28 433.4 260.1
12 29 262.7 200.1
12 30 323.9 204.5
12 31 244.9 339.2
12 32 221.0 327.9
12 33 40.5 273.7
12 34 472.8 269.5
12 35 597.9 55.8
12 36 576.2 186.6
12 37 590.3 208.6
12 38 561.6 173.4
12 39 601.5 183.3
12 40 382.7 382.6
12 41 359.4 288.4
12 42 342.6 331.4
12 43 317.9 316.3
12 45 549.3 358.5
12 46 584.5 388.1
12 49 79.6 196.6
12 50 72.7 218.6
12 51 558.0 0.7
12 53 624.9 57.6
12 54 634.4 81.4
12 57 585.5 336.8
12 58 551.2 398.2
12 59 148.1 188.6
12 60 133.5 170.9
12 61 588.6 33.8
12 62 536.7 14.8
12 66 333.8 388.6
12 67 350.4 404.8
12 68 320.0 403.8
12 69 481.5 286.4
12 70 504.5 307.6
12 71 509.0 281.9
12 72 519.8 330.1
12 73 168.4 390.5
12 74 167.8 373.8
13 2 522.0 290.0
13 3 494.0 332.2
13 9 219.3 273.1
13 10 216.5 254.4
13 11 202.0 232.7
13 12 205.2 313.1
13 13 225.8 303.3
13 14 304.6 165.9
13 15 450.3 405.1
13 16 523.2 243.3
13 17 535.2 265.4
13 18 604.1 275.4
13 24 557.8 131.4
13 26 433.4 193.8
13 27 393.1 186.2
13 28 454.0 251.7
13 29 282.8 199.4
13 30 350.5 205.1
13 31 255.8 342.1
13 32 231.7 328.1
13 33 51.4 271.3
13 34 481.8 267.1
13 35 592.9 55.9
13 36 579.9 192.2
13 37 594.7 212.3
13 38 560.3 180.4
13 39 602.3 187.7
13 40 384.3 405.1
13 41 356.8 303.1
13 42 354.0 325.1
13 43 331.9 303.3
13 45 555.9 344.9
13 46 587.9 381.8
13 49 70.1 197.3
13 50 64.4 219.1
13 53 623.1 45.9
13 54 618.4 76.7
13 57 600.8 345.6
13 58 566.8 406.2
13 59 133.6 195.8
13 60 121.8 174.3
13 61 589.1 36.1
13 62 540.4 26.0
13 66 333.8 388.6
13 67 350.4 404.8
13 68 320.0 403.8
13 69 477.3 288.0
13 70 504.5 307.6
13 71 509.0 281.9
13 72 519.8 330.1
13 73 168.4 390.5
13 74 167.8 373.8
14 2 522.0 290.0
14 3 494.0 332.2
14 9 221.6 270.7
14 10 215.1 249.3
14 11 190.5 238.1
14 12 192.0 312.4
14 13 206.3 293.8
14 14 293.7 170.2
14 15 447.1 402.2
14 16 513.2 237.8
14 17 527.3 258.3
14 18 585.7 270.4
14 19 611.2 248.6
14 20 620.9 231.6
14 24 565.6 123.8
14 26 447.1 195.3
14 27 407.2 185.7
14 28 464.7 246.8
14 29 305.7 198.6
14 30 364.2 205.2
14 31 265.0 342.4
14 32 250.2 327.7
14 33 65.6 267.9
14 34 489.8 264.7
14 35 595.4 53.6
14 36 582.9 196.8
14 37 600.5 216.8
14 38 555.6 188.0
14 39 601.3 188.6
14 40 382.1 418.9
14 41 346.2 314.1
14 42 364.2 319.4
14 43 343.6 294.5
14 45 555.7 336.0
14 46 588.0 373.8
14 49 61.6 198.9
14 50 54.4 219.1
14 53 621.4 30.6
14 54 607.7 75.2
14 59 116.5 204.1
14 60 109.5 177.7
14 61 589.8 32.6
14 62 546.1 40.1
14 66 333.8 388.6
14 67 350.4 404.8
14 68 320.0 403.8
14 69 477.3 288.0
14 70 504.5 307.6
14 71 509.0 281.9
14 72 519.8 330.1
14 73 168.4 390.5
14 74 167.8 373.8
15 2 522.0 290.0
15 3 494.0 332.2
15 9 226.0 273.0
15 10 208.3 250.6
15 11 184.6 232.5
15 12 177.1 311.4
15 13 192.1 292.7
15 14 280.8 175.4
15 15 438.4 401.6
15 16 499.6 229.2
15 17 516.4 248.6
15 18 565.6 264.1
15 19 596.0 249.8
15 20 610.9 232.3
15 24 574.8 118.0
15 26 457.7 194.0
15 27 429.9 185.1
15 28 475.0 241.0
15 29 318.8 198.0
15 30 382.7 205.2
15 31 275.0 339.1
15 32 268.6 326.5
15 33 78.2 265.5
15 34 497.9 265.9
15 35 586.7 76.4
15 36 584.1 199.0
15 37 605.9 220.9
15 38 554.4 192.3
15 39 601.4 190.0
15 40 381.2 427.0
15 41 338.0 330.5
15 42 376.9 310.2
15 43 354.2 287.4
15 45 555.2 321.2
15 46 587.1 354.7
15 49 53.6 201.1
15 50 42.8 219.2
15 53 618.8 17.4
15 54 608.8 77.0
15 59 105.8 207.7
15 60 100.0 180.3
15 61 586.8 37.4
15 62 548.1 52.3
15 66 333.8 388.6
15 67 350.4 404.8
15 68 320.0 403.8
15 69 477.3 288.0
15 70 504.5 307.6
15 71 509.0 281.9
15 72 519.8 330.1
15 73 168.4 390.5
15 74 167.8 373.8
16 2 522.0 290.0
16 3 494.0 332.2
16 9 222.8 274.6
16 10 205.1 251.5
16 11 178.2 233.2
16 12 154.2 309.9
16 13 181.3 292.8
16 14 267.8 181.8
16 15 427.8 403.5
16 16 492.4 223.8
16 17 509.8 253.3
16 18 555.0 257.1
16 19 585.3 249.6
16 20 598.8 233.3
16 24 584.5 113.6
16 26 473.8 191.2
16 27 445.9 183.6
16 28 481.0 244.3
16 29 334.4 197.2
16 30 407.2 205.0
16 31 289.1 334.6
16 32 278.8 323.7
16 33 87.7 264.8
16 34 506.5 267.6
16 35 600.8 64.9
16 36 586.1 201.9
16 37 610.6 224.5
16 38 555.3 193.8
16 39 604.5 194.1
16 40 379.9 436.8
16 41 327.2 339.0
16 42 392.0 297.6
16 43 369.2 277.7
16 45 557.2 312.3
16 46 586.8 344.0
16 49 45.4 199.5
16 50 31.0 219.2
16 53 610.9 14.0
16 54 585.8 70.9
16 59 95.2 210.5
16 60 87.6 183.8
16 61 595.6 38.4
16 62 549.6 67.8
16 66 333.8 388.6
16 67 350.4 404.8
16 68 320.0 403.8
16 69 477.3 288.0
16 70 504.5 307.6
16 71 509.0 281.9
16 72 519.8 330.1
16 73 168.4 390.5
16 74 167.8 373.8
17 2 522.0 290.0
17 3 494.0 332.2
17 9 222.1 275.4
17 10 208.9 255.4
17 11 186.6 241.7
17 12 143.1 311.2
17 13 162.0 292.6
17 14 261.5 189.5
17 15 410.3 406.6
17 16 484.7 218.6
17 17 507.3 253.3
17 18 537.0 244.9
17 19 574.7 248.2
17 20 589.4 233.0
17 24 588.1 105.6
17 26 486.2 189.7
17 27 457.9 180.6
17 28 485.2 247.2
17 29 359.7 196.0
17 30 419.8 203.3
17 31 298.8 333.6
17 32 297.4 317.3
17 33 98.1 263.5
17 34 521.4 271.4
17 35 590.0 69.6
17 36 590.3 206.9
17 37 615.5 228.2
17 38 550.2 196.2
17 39 609.5 199.9
17 40 379.6 442.4
17 41 319.7 349.7
17 42 399.6 288.9
17 43 381.7 271.6
17 44 501.9 13.8
17 45 560.2 301.5
17 46 586.9 331.4
17 49 37.5 194.7
17 50 20.7 219.3
17 54 567.8 64.1
17 55 632.2 1.3
17 59 82.1 214.1
17 60 73.7 187.6
17 61 599.9 32.4
17 62 549.9 81.5
17 66 333.8 388.6
17 67 350.4 404.8
17 68 320.0 403.8
17 69 477.3 288.0
17 70 504.5 307.6
17 71 509.0 281.9
17 72 519.8 330.1
17 73 168.4 390.5
17 74 167.8 373.8
18 2 522.0 290.0
18 3 494.0 332.2
18 9 210.0 272.5
18 10 207.2 252.2
18 11 186.6 241.7
18 12 133.9 313.8
18 13 143.8 293.0
18 14 254.7 198.5
18 15 400.6 409.3
18 16 473.6 218.4
18 17 507.1 240.6
18 18 528.3 240.1
18 19 564.3 247.1
18 20 580.6 232.0
18 24 589.5 94.1
18 26 499.6 188.9
18 27 478.3 175.6
18 28 492.2 250.0
18 29 378.5 194.5
18 30 436.7 199.5
18 31 314.5 333.0
18 32 315.4 311.8
18 33 110.5 261.3
18 34 527.8 273.2
18 35 587.3 59.5
18 36 596.1 212.4
18 37 620.8 232.2
18 38 539.4 200.3
18 39 614.4 205.6
18 40 387.7 439.2
18 41 310.1 364.8
18 42 411.6 273.6
18 43 390.5 268.4
18 44 490.9 31.0
18 45 563.3 292.4
18 46 586.8 319.3
18 49 33.3 190.7
18 54 552.2 58.5
18 59 71.2 216.7
18 60 63.6 190.1
18 61 585.6 33.8
18 62 547.5 92.1
18 66 333.8 388.6
18 67 350.4 404.8
18 68 320.0 403.8
18 69 477.3 288.0
18 70 504.5 307.6
18 71 509.0 281.9
18 72 519.8 330.1
18 73 168.4 390.5
18 74 167.8 373.8
19 2 522.0 290.0
19 3 494.0 332.2
19 9 203.1 271.1
19 10 205.0 252.4
19 11 186.7 242.5
19 12 122.7 317.2
19 13 134.1 294.9
19 14 249.2 207.8
19 15 385.5 413.8
19 16 457.5 218.5
19 17 499.0 236.7
19 18 520.7 234.7
19 19 554.6 246.8
19 20 571.0 231.1
19 24 591.0 82.2
19 26 520.1 187.9
19 27 498.0 170.4
19 28 499.1 252.5
19 29 390.1 192.3
19 30 456.6 194.9
19 31 334.6 332.3
19 32 327.0 309.6
19 33 120.8 262.4
19 34 537.1 275.6
19 35 589.2 59.4
19 36 601.6 218.2
19 38 525.8 205.6
19 39 619.3 211.1
19 40 387.7 439.2
19 41 299.0 382.2
19 42 420.3 268.0
19 43 399.4 265.5
19 44 483.0 42.5
19 45 571.1 274.8
19 46 586.0 309.4
19 49 33.0 188.2
19 54 541.8 55.5
19 59 59.9 218.9
19 60 47.9 193.8
19 61 586.4 39.7
19 62 549.0 100.8
19 63 637.7 12.8
19 65 639.7 45.5
19 66 333.8 388.6
19 67 350.4 404.8
19 68 320.0 403.8
19 69 477.3 288.0
19 70 504.5 307.6
19 71 509.0 281.9
19 72 519.8 330.1
19 73 168.4 390.5
19 74 167.8 373.8
20 2 522.0 290.0
20 3 494.0 332.2
20 9 197.5 279.2
20 10 194.9 259.1
20 11 186.1 238.2
20 12 112.3 319.9
20 13 123.0 297.9
20 14 247.2 216.2
20 15 373.5 418.1
20 16 447.3 216.0
20 17 476.0 231.4
20 18 512.3 233.3
20 19 543.7 246.3
20 20 562.2 229.8
20 24 587.9 70.8
20 26 534.4 186.8
20 27 509.3 166.5
20 28 508.8 254.1
20 29 410.1 188.2
20 30 468.2 191.6
20 31 346.6 333.1
20 32 351.3 305.5
20 33 128.9 267.1
20 34 548.1 277.9
20 35 593.7 52.4
20 36 604.3 225.5
20 38 515.1 207.2
20 39 624.1 216.7
20 40 387.7 439.2
20 41 296.2 392.2
20 42 425.2 265.8
20 43 406.5 270.7
20 44 473.5 57.1
20 45 573.4 262.3
20 46 584.6 291.9
20 49 30.3 186.6
20 54 529.6 52.0
20 56 635.2 120.6
20 59 38.9 222.9
20 60 25.7 198.9
20 61 587.8 37.4
20 62 556.3 110.3
20 63 627.6 22.3
20 65 637.2 39.4
20 66 333.8 388.6
20 67 350.4 404.8
20 68 320.0 403.8
20 69 482.2 287.1
20 70 504.5 307.6
20 71 509.0 281.9
20 72 519.8 330.1
20 73 168.4 390.5
20 74 167.8 373.8
21 2 522.0 290.0
21 3 494.0 332.2
21 9 193.9 277.7
21 10 188.0 258.4
21 11 180.5 234.9
21 12 103.9 321.4
21 13 109.2 301.6
21 14 244.4 222.6
21 15 366.2 423.0
21 16 431.1 209.6
21 17 460.8 229.8
21 18 495.2 235.9
21 19 535.0 244.7
21 20 553.1 228.2
21 24 576.1 68.7
21 26 540.7 187.2
21 27 521.2 161.1
21 28 519.3 256.3
21 29 432.3 183.6
21 30 488.1 186.0
21 31 360.3 335.7
21 32 364.5 305.9
21 33 137.9 273.0
21 34 557.0 281.3
21 35 586.0 56.0
21 36 606.7 233.6
21 38 492.5 208.9
21 40 387.7 439.2
21 41 297.7 409.4
21 42 430.5 263.8
21 43 418.3 281.7
21 44 464.3 68.6
21 45 572.0 250.4
21 46 579.5 287.0
21 49 23.2 185.9
21 54 519.1 48.0
21 56 629.6 110.4
21 59 22.8 226.0
21 60 12.1 202.1
21 61 592.1 31.3
21 62 562.2 119.5
21 63 618.4 41.9
21 65 636.2 35.5
21 66 333.8 388.6
21 67 350.4 404.8
21 68 320.0 403.8
21 69 482.2 287.1
21 70 504.5 307.6
21 71 509.0 281.9
21 72 519.8 330.1
21 73 168.4 390.5
21 74 167.8 373.8
22 2 522.0 290.0
22 3 494.0 332.2
22 9 180.6 278.0
22 10 178.5 257.8
22 11 181.8 238.3
22 12 94.6 322.8
22 13 98.5 304.4
22 14 242.5 228.1
22 15 357.1 429.1
22 16 415.4 204.5
22 17 430.1 233.4
22 18 482.7 236.0
22 19 523.9 242.5
22 20 540.8 225.8
22 24 569.3 60.9
22 26 545.4 186.1
22 27 532.5 157.5
22 28 530.8 263.5
22 29 444.7 180.9
22 30 504.5 180.4
22 31 383.6 340.1
22 32 383.5 309.7
22 33 146.2 278.1
22 34 574.3 288.8
22 35 591.7 52.5
22 36 609.3 242.1
22 38 478.5 208.1
22 40 387.7 439.2
22 41 300.1 418.1
22 42 437.7 261.6
22 43 425.7 291.4
22 44 454.8 77.0
22 45 569.0 238.7
22 46 581.4 268.6
22 49 15.6 185.6
22 54 501.9 40.5
22 56 623.8 103.9
22 61 599.9 22.8
22 62 570.3 133.4
22 63 608.8 58.9
22 65 637.7 36.4
22 66 333.8 388.6
22 67 350.4 404.8
22 68 320.0 403.8
22 69 482.2 287.1
22 70 504.5 307.6
22 71 509.0 281.9
22 72 519.8 330.1
22 73 168.4 390.5
22 74 167.8 373.8
23 2 522.0 290.0
23 3 494.0 332.2
23 9 175.2 275.8
23 10 172.6 257.9
23 11 175.4 235.9
23 12 83.1 324.5
23 13 90.2 306.4
23 14 245.2 235.1
23 15 350.0 429.8
23 16 403.8 203.5
23 17 414.9 235.0
23 18 461.1 234.8
23 19 514.5 240.8
23 20 527.7 223.3
23 21 609.6 216.4
23 24 561.7 52.0
23 26 551.0 181.3
23 27 540.7 157.1
23 28 545.0 271.6
23 29 458.5 177.2
23 30 513.7 176.8
23 31 398.0 343.4
23 32 397.7 313.9
23 33 157.4 285.1
23 34 594.9 297.8
23 35 591.0 55.9
23 36 611.9 250.8
23 38 456.3 203.9
23 40 387.7 439.2
23 41 304.2 430.1
23 42 441.8 259.6
23 43 440.1 312.7
23 44 441.6 88.3
23 45 559.8 231.5
23 46 577.8 263.7
23 49 8.2 185.3
23 54 488.6 36.7
23 56 617.9 97.3
23 61 588.1 36.2
23 62 574.0 144.8
23 63 594.9 74.3
23 66 333.8 388.6
23 67 350.4 404.8
23 68 320.0 403.8
23 69 482.2 287.1
23 70 504.5 307.6
23 71 509.0 281.9
23 72 519.8 330.1
23 73 168.4 390.5
23 74 167.8 373.8
24 2 522.0 290.0
24 3 494.0 332.2
24 9 161.8 276.1
24 10 161.0 254.9
24 11 171.4 238.6
24 12 70.4 326.4
24 13 80.2 308.8
24 14 250.8 245.9
24 15 342.0 434.3
24 16 384.1 202.2
24 17 385.6 237.8
24 18 447.8 232.3
24 19 505.3 239.1
24 20 517.7 222.0
24 21 599.9 211.6
24 24 559.0 42.0
24 26 563.1 180.6
24 27 552.2 159.0
24 28 561.5 276.3
24 29 477.7 171.8
24 30 522.4 173.1
24 31 410.5 347.7
24 32 411.2 322.2
24 33 172.7 294.7
24 35 590.0 56.0
24 36 614.3 258.8
24 38 433.7 199.7
24 40 387.7 439.2
24 41 311.3 439.1
24 42 447.5 258.7
24 43 449.7 321.8
24 44 430.8 97.4
24 45 541.3 217.9
24 46 572.9 246.7
24 54 481.7 36.2
24 56 611.7 91.0
24 61 591.1 31.3
24 62 577.7 159.2
24 63 593.2 86.1
24 66 333.8 388.6
24 67 350.4 404.8
24 68 320.0 403.8
24 69 482.2 287.1
24 70 504.5 307.6
24 71 503.9 278.1
24 72 519.8 330.1
24 73 168.4 390.5
24 74 167.8 373.8
25 2 522.0 290.0
25 3 494.0 332.2
25 9 160.0 275.3
25 10 159.1 259.1
25 11 158.1 237.2
25 12 59.6 328.0
25 13 68.4 311.6
25 14 257.6 257.7
25 15 342.6 437.1
25 16 369.3 201.5
25 17 367.0 239.2
25 18 433.2 227.0
25 19 494.1 237.1
25 20 507.6 220.9
25 21 584.3 218.7
25 24 555.9 32.5
25 26 565.1 179.6
25 27 556.8 154.9
25 28 576.4 280.5
25 29 491.6 169.8
25 30 528.9 164.3
25 31 430.5 354.5
25 32 429.6 333.3
25 33 183.0 296.9
25 35 589.0 60.6
25 36 616.4 266.0
25 38 420.6 197.6
25 40 387.7 439.2
25 41 311.9 440.7
25 42 456.8 259.2
25 43 469.4 338.6
25 44 420.6 106.2
25 45 530.8 211.7
25 46 563.6 241.0
25 54 479.6 36.7
25 56 604.7 84.5
25 61 588.3 30.2
25 62 588.6 164.0
25 63 595.8 98.3
25 64 622.4 12.6
25 66 333.8 384.9
25 67 350.4 404.8
25 68 320.0 403.8
25 69 482.2 287.1
25 70 504.5 307.6
25 71 503.9 278.1
25 72 519.8 330.1
25 73 168.4 390.5
25 74 167.8 373.8
