1 1 520.1 287.0
1 2 494.0 332.2
1 3 306.7 433.2
1 4 30.2 229.7
1 5 29.1 247.2
1 6 235.8 247.1
1 7 244.7 230.8
1 8 160.2 254.5
1 9 325.5 359.4
1 10 347.7 341.6
1 11 452.7 375.9
1 12 460.1 355.9
1 13 627.6 255.2
1 21 48.8 271.6
1 22 523.2 131.8
1 23 171.6 209.5
1 24 147.7 214.7
1 25 411.7 324.6
1 26 476.0 343.8
1 27 144.1 322.4
1 30 527.7 163.1
1 31 381.4 439.9
1 32 359.2 440.6
1 33 78.5 203.0
1 34 403.3 153.4
1 35 385.1 167.4
1 38 562.1 152.0
1 39 536.0 184.7
1 44 619.5 160.4
1 45 322.7 375.6
1 46 337.5 401.7
1 47 303.4 397.8
1 48 481.8 290.2
1 49 504.5 307.6
1 50 495.4 280.6
1 51 519.8 330.1
1 52 168.4 390.5
1 53 167.8 373.8
2 1 520.1 287.0
2 2 494.0 332.2
2 3 309.4 426.5
2 4 20.4 230.8
2 6 226.1 247.3
2 7 234.1 231.1
2 8 143.2 253.0
2 9 312.6 357.6
2 10 338.5 339.8
2 11 449.8 374.5
2 12 452.7 355.9
2 13 618.2 253.4
2 21 53.4 277.6
2 22 536.0 126.6
2 23 175.0 214.8
2 24 157.8 224.1
2 25 427.3 326.8
2 26 504.2 352.0
2 27 157.5 319.5
2 30 524.5 166.4
2 31 381.4 439.9
2 32 359.2 440.6
2 33 65.0 206.4
2 34 391.5 150.7
2 35 386.9 167.4
2 38 557.4 160.7
2 39 532.2 189.7
2 44 618.7 167.1
2 45 311.5 377.1
2 46 323.8 398.0
2 47 295.7 394.6
2 48 481.8 290.2
2 49 504.5 307.6
2 50 495.4 280.6
2 51 519.8 330.1
2 52 168.4 390.5
2 53 167.8 373.8
3 1 520.1 287.0
3 2 494.0 332.2
3 3 314.9 416.2
3 6 217.7 249.2
3 7 224.6 231.9
3 8 127.9 251.7
3 9 303.3 355.1
3 10 323.9 337.1
3 11 449.5 378.0
3 12 447.2 358.1
3 13 609.4 252.2
3 14 617.1 226.3
3 21 56.6 283.7
3 22 555.1 118.2
3 23 171.6 209.5
3 24 161.9 222.2
3 25 445.6 333.6
3 26 514.8 357.3
3 27 169.5 316.5
3 30 517.1 170.1
3 31 381.4 439.9
3 32 359.2 440.6
3 33 54.9 209.4
3 34 382.3 148.9
3 35 388.7 169.3
3 38 552.0 169.0
3 39 524.0 193.9
3 44 620.2 161.4
3 45 300.0 372.2
3 46 313.8 394.3
3 47 282.0 387.5
3 48 481.8 290.2
3 49 504.5 307.6
3 50 495.4 280.6
3 51 519.8 330.1
3 52 168.4 390.5
3 53 167.8 373.8
4 1 520.1 287.0
4 2 494.0 332.2
4 3 328.0 392.3
4 6 208.3 252.5
4 7 214.7 233.2
4 8 117.4 250.9
4 9 289.0 351.4
4 10 305.5 333.6
4 11 452.5 377.3
4 12 444.7 357.8
4 13 598.2 251.2
4 14 605.3 220.7
4 21 59.4 288.7
4 22 570.2 113.5
4 23 176.6 205.6
4 24 176.4 221.7
4 25 473.4 343.9
4 26 537.1 371.0
4 27 194.6 310.1
4 30 510.6 173.6
4 31 381.4 439.9
4 32 359.2 440.6
4 33 44.8 212.9
4 34 367.6 143.3
4 35 385.1 168.4
4 38 545.4 176.6
4 39 515.7 197.9
4 41 529.1 10.3
4 42 420.5 31.6
4 44 614.1 169.3
4 45 285.5 367.0
4 46 306.2 389.6
4 47 271.0 384.6
4 48 477.5 291.8
4 49 504.5 307.6
4 50 495.4 280.6
4 51 519.8 330.1
4 52 168.4 390.5
4 53 167.8 373.8
5 1 520.1 287.0
5 2 494.0 332.2
5 3 333.3 380.9
5 6 197.4 256.9
5 7 200.3 235.2
5 8 103.0 249.7
5 9 276.6 348.1
5 10 292.7 330.9
5 11 447.9 378.7
5 12 445.5 352.3
5 13 584.4 250.1
5 14 592.4 215.2
5 15 636.3 236.4
5 21 66.1 293.3
5 22 584.3 113.3
5 23 182.1 205.1
5 24 186.7 223.3
5 25 485.6 348.9
5 26 566.9 389.3
5 27 226.1 302.1
5 30 505.3 176.3
5 31 381.4 439.9
5 32 359.2 440.6
5 33 32.1 217.4
5 34 357.1 143.0
5 35 381.2 173.3
5 38 540.0 184.7
5 39 507.3 201.9
5 40 504.2 5.8
5 41 526.5 18.9
5 42 427.6 40.7
5 44 619.6 167.1
5 45 273.9 363.3
5 46 294.5 381.8
5 47 264.6 382.2
5 48 477.5 291.8
5 49 504.5 307.6
5 50 495.4 280.6
5 51 519.8 330.1
5 52 168.4 390.5
5 53 167.8 373.8
6 1 520.1 287.0
6 2 488.6 332.3
6 3 343.4 356.6
6 6 186.6 260.3
6 7 187.2 237.0
6 8 91.7 249.0
6 9 268.1 345.7
6 10 283.5 328.7
6 11 451.6 378.6
6 12 443.8 358.0
6 13 574.0 248.2
6 14 583.6 213.2
6 15 628.1 234.0
6 21 73.4 298.7
6 22 611.6 113.6
6 23 190.9 204.1
6 24 196.1 223.4
6 25 513.2 360.2
6 26 581.4 398.2
6 27 245.1 298.4
6 30 496.7 177.6
6 31 381.4 439.9
6 32 359.2 440.6
6 34 345.2 150.7
6 35 379.5 171.4
6 38 535.4 191.9
6 39 499.7 205.7
6 40 505.5 12.6
6 41 522.9 25.0
6 42 431.9 50.9
6 44 619.7 163.3
6 45 263.1 360.7
6 46 284.5 376.5
6 47 246.6 377.3
6 48 477.5 291.8
6 49 497.7 309.9
6 50 495.4 280.6
6 51 519.8 330.1
6 52 168.4 390.5
6 53 167.8 373.8
7 1 520.1 287.0
7 2 488.6 332.3
7 3 353.8 331.0
7 6 177.3 261.2
7 7 178.4 238.2
7 8 80.8 248.5
7 9 257.6 343.1
7 10 269.6 325.6
7 11 450.0 379.9
7 12 441.4 358.7
7 13 566.5 245.4
7 14 573.5 210.6
7 15 619.4 231.7
7 21 80.1 304.7
7 22 627.3 113.1
7 23 203.0 202.3
7 24 207.7 223.3
7 25 528.0 367.4
7 27 258.5 297.9
7 28 56.8 326.8
7 30 485.8 177.5
7 31 381.4 439.9
7 32 359.2 440.6
7 34 336.8 146.3
7 35 377.7 170.5
7 38 527.9 194.2
7 39 494.2 208.8
7 40 501.6 17.2
7 41 514.5 29.4
7 42 434.0 60.3
7 44 617.2 166.2
7 45 246.4 356.7
7 46 275.2 373.7
7 47 241.0 374.9
7 48 477.5 291.8
7 49 497.3 307.7
7 50 495.4 280.6
7 51 519.8 330.1
7 52 168.4 390.5
7 53 167.8 373.8
8 1 520.1 287.0
8 2 484.1 331.0
8 3 357.1 319.7
8 6 168.5 260.7
8 7 170.6 240.0
8 8 66.3 247.9
8 9 245.8 340.0
8 10 254.2 321.9
8 11 450.1 378.6
8 12 445.0 360.6
8 13 558.6 241.9
8 14 563.4 208.9
8 15 610.9 230.7
8 16 622.5 213.2
8 17 623.6 251.9
8 21 87.2 308.0
8 23 216.8 200.4
8 24 219.9 223.3
8 25 543.7 379.3
8 27 286.3 296.8
8 28 65.1 327.2
8 30 474.6 176.7
8 31 381.4 439.9
8 32 359.2 440.6
8 34 324.9 151.3
8 35 375.9 170.5
8 38 522.8 194.3
8 39 490.6 211.4
8 40 491.7 19.8
8 41 509.6 31.0
8 42 436.9 66.6
8 44 619.4 164.3
8 45 236.5 353.2
8 46 261.3 369.8
8 47 235.8 372.6
8 48 477.5 291.8
8 49 496.9 309.9
8 50 495.4 280.6
8 51 519.8 330.1
8 52 168.4 390.5
8 53 167.8 373.8
9 1 520.1 287.0
9 2 484.1 331.0
9 3 362.7 296.4
9 6 159.2 260.6
9 7 163.2 242.1
9 8 54.8 247.4
9 9 237.1 336.6
9 10 244.2 318.5
9 11 450.2 378.0
9 12 450.3 354.5
9 13 550.4 238.6
9 14 555.0 208.8
9 15 600.4 229.3
9 16 615.1 211.5
9 17 609.8 251.7
9 21 95.0 307.7
9 23 227.7 200.0
9 24 229.8 223.3
9 25 567.7 397.4
9 27 301.9 297.9
9 28 73.8 327.7
9 30 481.4 179.6
9 31 381.4 439.9
9 32 359.2 440.6
9 34 312.9 156.0
9 35 368.7 166.8
9 38 519.4 194.4
9 39 501.1 207.4
9 40 481.1 21.1
9 41 502.1 37.0
9 42 435.2 75.0
9 44 618.8 163.3
9 45 227.1 348.5
9 46 252.3 366.3
9 47 229.4 369.4
9 48 477.5 291.8
9 49 497.4 307.0
9 50 495.4 280.6
9 51 519.8 330.1
9 52 168.4 390.5
9 53 167.8 373.8
10 1 520.1 287.0
10 2 484.1 331.0
10 3 369.4 272.4
10 6 149.9 260.1
10 7 155.3 242.5
10 8 41.6 246.5
10 9 229.4 332.8
10 10 237.0 315.2
10 11 448.3 375.5
10 12 443.3 356.0
10 13 542.2 236.9
10 14 548.5 208.5
10 15 588.1 227.5
10 16 608.3 209.8
10 17 599.6 252.0
10 21 102.9 305.9
10 23 238.3 200.6
10 24 241.9 223.8
10 27 321.4 302.8
10 28 82.7 328.2
10 30 478.0 184.1
10 31 381.4 439.9
10 32 359.2 440.6
10 34 303.6 159.6
10 35 361.6 166.4
10 38 511.3 194.4
10 39 498.0 211.1
10 40 472.8 28.8
10 41 491.9 46.1
10 42 430.3 85.3
10 44 619.6 167.1
10 45 216.8 343.8
10 46 246.6 363.2
10 47 223.8 366.4
10 48 477.5 291.8
10 49 498.0 308.5
10 50 495.4 280.6
10 51 519.8 330.1
10 52 168.4 390.5
10 53 167.8 373.8
11 1 520.1 287.0
11 2 484.1 331.0
11 3 375.6 261.8
11 6 141.0 258.7
11 7 146.8 240.8
11 8 26.4 245.5
11 9 220.5 328.5
11 10 230.1 312.2
11 11 437.8 370.6
11 12 445.9 346.5
11 13 534.0 235.9
11 14 541.5 208.8
11 15 577.8 228.1
11 16 600.0 210.8
11 17 585.5 252.6
11 21 110.6 303.3
11 23 253.0 201.5
11 24 259.7 224.8
11 27 352.7 310.8
11 28 91.1 328.6
11 29 43.0 304.0
11 30 476.3 184.3
11 31 381.4 439.9
11 32 359.2 440.6
11 34 293.5 165.2
11 35 360.2 172.5
11 38 507.7 193.8
11 39 501.6 210.1
11 40 466.1 38.7
11 41 480.6 56.1
11 42 425.4 95.6
11 44 623.1 164.2
11 45 209.4 341.9
11 46 241.8 360.4
11 47 219.6 363.8
11 48 477.5 291.8
11 49 498.4 306.2
11 50 495.4 280.6
11 51 519.8 330.1
11 52 168.4 390.5
11 53 167.8 373.8
12 1 520.1 287.0
12 2 484.1 331.0
12 3 389.3 243.6
12 6 133.5 256.7
12 7 139.4 238.6
12 9 212.8 324.3
12 10 223.1 309.0
12 11 432.4 365.5
12 12 442.4 343.9
12 13 526.1 234.5
12 14 533.4 210.0
12 15 569.8 230.7
12 16 592.2 211.8
12 17 575.5 252.4
12 21 118.4 302.3
12 23 269.5 202.5
12 24 274.1 224.6
12 27 365.6 317.6
12 28 99.1 329.0
12 29 52.9 301.9
12 30 478.5 181.5
12 31 381.4 439.9
12 32 359.2 440.6
12 34 283.5 168.7
12 35 355.8 172.9
12 38 508.4 189.2
12 39 501.1 207.4
12 40 458.2 46.3
12 41 471.5 64.8
12 42 420.0 105.1
12 44 619.4 168.1
12 45 205.5 341.1
12 46 235.3 358.0
12 47 215.0 361.4
12 48 477.5 291.8
12 49 497.2 308.5
12 50 495.4 280.6
12 51 519.8 330.1
12 52 168.4 390.5
12 53 167.8 373.8
13 1 520.1 287.0
13 2 484.1 331.0
13 3 407.2 220.1
13 6 128.0 254.7
13 7 133.7 236.1
13 9 203.6 318.6
13 10 215.7 305.3
13 11 428.0 365.0
13 12 439.0 340.5
13 13 518.1 233.6
13 14 528.1 210.8
13 15 563.3 233.9
13 16 586.0 211.5
13 17 564.5 251.6
13 21 126.3 304.2
13 23 282.1 203.1
13 24 284.5 222.8
13 27 377.6 335.6
13 28 106.5 330.0
13 29 66.9 299.2
13 30 473.5 185.3
13 31 381.4 439.9
13 32 359.2 440.6
13 34 274.7 166.5
13 35 352.2 173.9
13 38 502.4 188.4
13 39 500.6 205.7
13 40 448.5 51.1
13 41 462.9 74.1
13 42 415.9 115.0
13 44 619.0 166.2
13 45 205.2 341.4
13 46 230.2 356.4
13 47 208.9 358.9
13 48 471.0 294.7
13 49 490.8 304.2
13 50 495.4 280.6
13 51 519.8 330.1
13 52 168.4 390.5
13 53 167.8 373.8
14 1 520.1 287.0
14 2 484.1 331.0
14 3 416.9 208.7
14 6 123.9 252.8
14 7 128.2 234.0
14 9 190.3 309.9
14 10 206.2 300.5
14 11 428.0 365.0
14 12 442.5 343.2
14 13 509.7 234.2
14 14 521.9 211.9
14 15 556.2 234.1
14 16 579.2 213.8
14 17 551.1 250.7
14 21 133.2 307.9
14 23 291.5 203.8
14 24 301.1 220.6
14 27 393.0 357.9
14 28 113.4 331.4
14 29 78.1 296.0
14 30 471.8 184.4
14 31 381.4 439.9
14 32 359.2 440.6
14 34 279.9 166.8
14 35 340.3 175.1
14 38 496.4 186.7
14 39 499.1 203.9
14 40 438.7 55.4
14 41 453.7 83.8
14 42 408.4 120.5
14 44 613.8 169.1
14 45 205.2 341.5
14 46 229.8 355.8
14 47 200.9 355.8
14 48 468.7 303.3
14 49 485.5 297.9
14 50 495.4 280.6
14 51 519.8 330.1
14 52 168.4 390.5
14 53 167.8 373.8
15 1 520.1 287.0
15 2 484.1 331.0
15 3 430.8 193.1
15 6 118.2 251.9
15 7 121.3 233.4
15 9 178.6 303.6
15 10 194.6 294.6
15 11 437.6 366.0
15 12 444.5 345.9
15 13 503.1 235.2
15 14 514.3 213.5
15 15 556.1 234.7
15 16 578.7 220.6
15 17 545.7 252.4
15 21 138.4 311.7
15 23 301.7 206.0
15 24 320.6 217.6
15 27 401.5 366.2
15 28 120.1 331.9
15 29 86.6 291.7
15 30 473.0 182.6
15 31 381.4 439.9
15 32 359.2 440.6
15 34 282.8 170.6
15 35 339.4 174.2
15 38 499.0 181.1
15 39 499.4 202.1
15 40 431.5 63.9
15 41 444.9 90.1
15 42 400.1 121.9
15 44 614.6 169.1
15 45 201.7 340.5
15 46 229.4 355.5
15 47 190.3 351.6
15 48 460.8 302.7
15 49 486.4 296.9
15 50 491.1 276.9
15 51 519.8 330.1
15 52 168.4 390.5
15 53 167.8 373.8
16 1 520.1 287.0
16 2 484.1 331.0
16 3 451.1 170.8
16 6 110.5 251.9
16 7 113.0 234.2
16 9 169.9 300.5
16 10 184.6 289.8
16 11 448.8 365.8
16 12 455.1 346.3
16 13 499.9 235.6
16 14 510.4 215.1
16 15 547.7 231.8
16 16 568.6 223.3
16 17 537.5 249.8
16 18 574.8 416.2
16 21 144.6 313.6
16 23 311.4 206.8
16 24 332.2 212.7
16 27 419.9 383.4
16 28 127.0 330.7
16 29 101.7 283.5
16 30 476.1 186.2
16 31 381.4 439.9
16 32 359.2 440.6
16 34 280.0 169.7
16 35 341.3 171.3
16 38 496.5 180.2
16 39 502.0 202.1
16 40 425.5 74.0
16 41 438.4 94.2
16 42 393.1 120.7
16 43 560.0 0.2
16 44 614.9 168.2
16 45 195.1 338.2
16 46 224.2 354.9
16 47 181.4 349.6
16 48 448.5 303.3
16 49 483.9 296.4
16 50 488.4 273.0
16 51 519.8 330.1
16 52 168.4 390.5
16 53 167.8 373.8
17 1 520.1 287.0
17 2 484.1 331.0
17 3 463.0 160.7
17 6 103.1 252.0
17 7 104.9 235.0
17 9 159.7 296.0
17 10 176.2 285.8
17 11 461.8 368.7
17 12 466.5 346.6
17 13 497.6 235.9
17 14 505.5 215.7
17 15 544.2 230.9
17 16 564.9 226.1
17 17 537.9 250.1
17 18 564.1 410.9
17 21 152.5 312.9
17 23 319.4 202.8
17 24 342.4 204.0
17 27 432.4 392.2
17 28 133.9 328.0
17 29 114.0 276.5
17 30 472.0 184.7
17 31 381.4 439.9
17 32 359.2 440.6
17 34 277.3 168.8
17 35 337.7 168.5
17 38 499.6 177.3
17 39 509.3 194.7
17 40 419.2 83.4
17 41 432.4 98.0
17 42 389.4 124.2
17 44 614.0 168.2
17 45 189.6 335.3
17 46 212.5 353.8
17 47 167.0 347.2
17 48 438.0 306.6
17 49 476.8 296.3
17 50 484.2 268.4
17 51 519.8 330.1
17 52 168.4 390.5
17 53 167.8 373.8
18 1 520.1 287.0
18 2 484.1 331.0
18 3 480.6 149.6
18 6 97.7 251.5
18 7 97.3 235.6
18 9 149.8 293.3
18 10 166.2 279.9
18 11 473.9 367.7
18 12 478.7 351.1
18 13 492.1 236.7
18 14 497.8 214.2
18 15 541.7 230.9
18 16 560.9 232.1
18 17 532.3 249.2
18 18 549.2 407.5
18 21 160.9 311.2
18 23 330.4 196.5
18 24 355.3 192.4
18 27 449.9 396.5
18 28 142.3 328.3
18 29 122.7 270.3
18 30 474.7 185.5
18 31 381.4 439.9
18 32 359.2 440.6
18 34 277.3 169.8
18 35 336.7 169.4
18 37 633.9 103.8
18 38 501.9 180.1
18 39 529.2 191.5
18 40 410.9 90.1
18 41 424.7 103.8
18 42 388.6 133.2
18 44 616.0 167.2
18 45 184.3 333.5
18 46 200.0 352.9
18 47 150.9 345.4
18 48 429.0 309.4
18 49 468.1 296.5
18 50 479.4 269.4
18 51 519.8 330.1
18 52 168.4 390.5
18 53 167.8 373.8
19 1 520.1 287.0
19 2 484.1 331.0
19 3 502.2 135.9
19 6 92.8 251.3
19 7 89.5 236.6
19 9 141.5 295.1
19 10 155.9 275.0
19 11 493.4 370.4
19 12 496.0 347.2
19 13 484.6 237.4
19 14 491.4 210.0
19 15 538.8 228.4
19 16 552.2 229.7
19 17 531.8 251.1
19 18 535.3 403.9
19 19 608.3 307.3
19 21 169.7 314.4
19 23 343.5 189.0
19 24 361.0 183.8
19 27 476.6 402.9
19 28 150.7 330.2
19 29 138.3 258.2
19 30 480.1 187.4
19 31 381.4 439.9
19 32 359.2 440.6
19 34 278.1 167.8
19 35 337.6 172.3
19 37 624.1 107.7
19 38 505.0 177.2
19 39 536.8 188.6
19 40 402.3 98.1
19 41 418.9 109.1
19 42 386.3 140.4
19 44 612.7 166.3
19 45 175.1 334.8
19 46 189.0 352.6
19 47 142.3 347.5
19 48 424.7 311.0
19 49 459.3 296.5
19 50 475.1 269.1
19 51 519.8 330.1
19 52 168.4 390.5
19 53 167.8 373.8
20 1 520.1 287.0
20 2 484.1 331.0
20 3 514.6 128.7
20 6 86.3 252.7
20 7 81.6 238.4
20 9 131.0 298.8
20 10 147.3 275.2
20 11 515.1 373.1
20 12 513.0 349.5
20 13 481.2 235.3
20 14 486.7 211.0
20 15 528.9 228.0
20 16 549.6 231.6
20 17 527.5 252.0
20 18 527.1 401.0
20 19 603.3 281.6
20 20 622.2 282.9
20 21 178.0 310.3
20 23 350.2 180.6
20 24 367.1 174.0
20 27 488.4 405.6
20 28 160.1 324.9
20 29 153.4 248.0
20 30 487.2 190.2
20 31 381.4 439.9
20 32 359.2 440.6
20 34 280.9 168.7
20 35 336.7 171.4
20 37 620.4 111.2
20 38 502.4 176.3
20 39 549.7 190.1
20 40 393.1 102.1
20 41 412.3 113.7
20 42 388.9 146.8
20 44 616.5 165.3
20 45 159.9 337.4
20 46 174.8 352.4
20 47 131.0 351.0
20 48 426.2 310.9
20 49 450.7 295.8
20 50 474.2 268.3
20 51 519.8 330.1
20 52 168.4 390.5
20 53 167.8 373.8
21 1 520.1 287.0
21 2 484.1 331.0
21 3 538.3 117.4
21 6 79.0 255.0
21 7 75.5 240.1
21 9 119.5 302.5
21 10 137.6 277.0
21 11 535.2 369.2
21 12 533.8 343.6
21 13 481.1 233.7
21 14 483.1 218.4
21 15 523.5 226.8
21 16 544.7 230.8
21 17 526.7 251.1
21 18 513.2 396.1
21 19 600.4 269.7
21 20 619.5 265.6
21 21 193.4 316.8
21 23 352.9 172.3
21 24 372.4 165.1
21 27 514.4 411.8
21 28 166.2 322.6
21 29 163.9 244.9
21 30 491.4 192.1
21 31 381.4 439.9
21 32 359.2 440.6
21 34 280.0 169.7
21 35 336.7 176.1
21 36 638.2 141.0
21 37 621.4 111.9
21 38 503.4 181.9
21 39 558.2 191.7
21 40 382.1 102.8
21 41 401.0 119.7
21 42 392.9 151.5
21 44 614.0 168.2
21 45 150.2 338.6
21 46 165.6 354.2
21 47 121.5 354.0
21 48 423.7 311.4
21 49 436.6 294.2
21 50 469.1 270.0
21 51 519.8 330.1
21 52 168.4 390.5
21 53 167.8 373.8
22 1 520.1 287.0
22 2 484.1 331.0
22 3 555.4 105.2
22 6 73.2 257.0
22 7 72.3 241.3
22 9 110.5 304.0
22 10 126.2 279.0
22 11 547.4 368.8
22 12 547.8 343.9
22 13 482.1 239.0
22 14 479.6 223.3
22 15 520.1 227.9
22 16 538.5 228.3
22 17 526.8 251.4
22 18 502.0 391.9
22 19 594.7 248.1
22 20 616.2 250.0
22 21 201.5 317.3
22 23 354.6 165.4
22 24 376.4 158.2
22 27 531.2 415.3
22 28 174.7 325.5
22 29 184.3 241.2
22 30 495.4 193.7
22 31 381.4 439.9
22 32 359.2 440.6
22 34 278.5 175.5
22 35 336.7 175.2
22 36 616.0 145.5
22 37 619.1 113.2
22 38 507.1 180.9
22 39 556.2 189.8
22 40 370.2 103.5
22 41 385.3 128.2
22 42 396.9 155.1
22 44 614.0 168.2
22 45 135.6 340.2
22 46 152.6 357.4
22 47 109.2 357.4
22 48 415.2 313.1
22 49 426.4 293.7
22 50 461.8 272.7
22 51 519.8 330.1
22 52 168.4 390.5
22 53 167.8 373.8
23 1 509.1 290.3
23 2 484.1 331.0
23 3 560.7 92.0
23 6 68.7 258.5
23 7 69.7 242.3
23 9 99.4 304.7
23 10 116.0 281.0
23 11 572.1 367.3
23 12 572.0 344.5
23 13 482.1 245.9
23 14 476.3 225.5
23 15 513.9 223.1
23 16 535.5 228.2
23 17 524.0 249.5
23 18 493.6 388.2
23 19 588.9 227.1
23 20 610.7 235.8
23 21 214.4 324.3
23 23 357.8 164.2
23 24 376.1 165.7
23 27 554.4 418.5
23 28 188.2 329.8
23 29 210.8 236.4
23 30 502.7 195.6
23 31 381.4 439.9
23 32 359.2 440.6
23 34 281.1 172.6
23 35 337.6 178.0
23 36 603.5 145.6
23 37 610.8 116.5
23 38 509.2 179.0
23 39 557.1 193.7
23 40 359.7 103.9
23 41 374.2 129.6
23 42 406.3 160.8
23 44 617.8 167.1
23 45 125.1 341.7
23 46 143.1 358.4
23 47 91.6 362.4
23 48 403.2 315.6
23 49 414.9 293.5
23 50 455.5 275.2
23 51 519.8 330.1
23 52 168.4 390.5
23 53 167.8 373.8
24 1 503.8 282.2
24 2 486.0 333.7
24 3 567.6 74.1
24 6 63.2 260.3
24 7 64.0 243.3
24 9 86.0 305.7
24 10 107.3 283.0
24 11 585.4 368.0
24 12 587.0 345.4
24 13 482.5 251.4
24 14 474.9 229.0
24 15 511.2 222.1
24 16 533.7 228.0
24 17 518.6 245.5
24 18 476.7 380.5
24 19 585.3 217.3
24 20 604.6 220.0
24 21 220.8 324.9
24 23 359.1 152.2
24 24 381.9 148.3
24 28 196.7 334.8
24 29 224.8 233.7
24 30 512.3 192.8
24 31 381.4 439.9
24 32 359.2 440.6
24 34 280.2 172.6
24 35 338.5 178.9
24 36 583.2 143.5
24 37 591.9 123.9
24 38 516.8 181.6
24 39 556.9 195.0
24 40 346.9 103.6
24 41 359.3 128.7
24 42 417.6 167.5
24 44 618.3 165.2
24 45 105.3 345.2
24 46 129.9 359.0
24 47 83.2 366.3
24 48 392.8 317.5
24 49 403.4 293.6
24 50 447.5 281.4
24 51 520.0 326.9
24 52 168.4 390.5
24 53 167.8 373.8
25 1 491.9 286.0
25 2 488.5 335.5
25 3 567.1 61.3
25 6 56.2 262.6
25 7 55.8 244.4
25 9 76.8 307.3
25 10 94.4 286.0
25 12 603.5 348.2
25 13 488.1 256.5
25 14 476.1 235.0
25 15 504.0 222.4
25 16 529.7 223.7
25 17 515.1 241.3
25 18 456.9 371.6
25 19 579.3 202.3
25 20 601.0 208.5
25 21 230.4 331.7
25 23 366.5 150.2
25 24 387.3 141.8
25 28 204.2 341.5
25 29 239.3 230.6
25 30 515.0 197.6
25 31 381.4 439.9
25 32 359.2 440.6
25 34 279.3 172.6
25 35 337.6 174.2
25 36 568.8 144.2
25 37 577.6 127.2
25 38 525.9 185.1
25 39 555.5 193.9
25 40 336.2 105.8
25 41 345.6 129.1
25 42 430.2 170.3
25 44 617.8 167.1
25 45 89.6 348.2
25 46 113.2 359.7
25 47 70.9 372.5
25 48 382.9 318.8
25 49 391.6 294.3
25 50 436.0 291.0
25 51 520.2 328.0
25 52 168.4 390.5
25 53 167.8 373.8
