1 1 385.8 272.3
1 2 482.4 222.8
1 3 273.2 350.3
1 4 116.6 273.2
1 5 570.9 251.0
1 6 580.4 283.2
1 7 541.4 376.8
1 8 561.5 354.3
1 9 609.6 203.2
1 10 49.7 199.4
1 11 45.3 214.2
1 12 28.6 215.4
1 13 22.3 234.2
1 14 498.7 140.4
1 15 470.5 152.0
1 16 445.0 140.6
1 21 403.9 402.8
1 22 386.3 429.1
1 38 176.4 67.4
1 39 155.4 69.0
1 40 195.0 116.8
1 41 176.8 125.6
1 42 331.8 316.3
1 43 185.5 349.8
1 44 314.1 351.9
1 45 348.1 337.3
1 46 633.3 214.1
1 48 467.4 317.9
1 49 322.7 381.3
1 50 350.4 404.8
1 51 320.0 403.8
1 52 460.7 392.1
1 53 452.6 376.6
1 54 488.1 290.8
1 55 507.0 306.8
1 56 519.1 279.3
1 57 532.5 305.4
1 58 168.4 390.5
1 59 167.8 373.8
2 1 397.6 270.0
2 2 494.5 222.9
2 3 280.9 340.4
2 4 123.0 268.8
2 5 547.5 249.0
2 6 572.3 280.6
2 7 531.0 373.8
2 8 551.5 352.2
2 9 609.0 194.6
2 10 60.2 199.0
2 11 53.0 214.1
2 12 36.3 213.3
2 13 29.8 231.8
2 14 506.6 136.8
2 15 478.7 152.1
2 16 454.0 143.3
2 21 405.1 405.2
2 22 386.3 429.1
2 38 168.7 53.0
2 39 147.9 58.2
2 40 191.0 105.0
2 41 173.3 113.2
2 42 333.4 318.4
2 43 184.8 350.5
2 44 317.0 353.5
2 45 350.4 337.9
2 46 632.7 206.7
2 48 464.1 323.4
2 49 322.7 381.3
2 50 350.4 404.8
2 51 320.0 403.8
2 52 460.7 392.1
2 53 452.6 376.6
2 54 488.1 290.8
2 55 507.0 306.8
2 56 519.1 279.3
2 57 532.5 305.4
2 58 168.4 390.5
2 59 167.8 373.8
3 1 416.7 266.5
3 2 513.3 223.0
3 3 294.1 323.4
3 4 129.1 263.7
3 5 508.2 245.4
3 6 562.9 277.5
3 7 514.6 369.0
3 8 536.4 349.0
3 9 608.8 185.8
3 10 73.8 199.1
3 11 58.5 213.8
3 12 43.2 211.0
3 13 36.4 228.8
3 14 512.0 134.3
3 15 485.8 152.3
3 16 462.8 147.2
3 21 407.4 403.9
3 22 389.2 423.1
3 23 85.3 342.8
3 25 497.2 2.7
3 38 159.2 36.5
3 39 139.3 45.0
3 40 186.5 90.0
3 41 169.5 96.7
3 42 332.6 317.7
3 43 181.8 346.4
3 44 316.7 349.2
3 45 350.3 340.0
3 46 632.6 200.7
3 48 462.7 327.2
3 49 322.7 381.3
3 50 350.4 404.8
3 51 320.0 403.8
3 52 460.7 392.1
3 53 452.6 376.6
3 54 488.1 290.8
3 55 507.0 306.8
3 56 510.6 281.8
3 57 532.5 305.4
3 58 168.4 390.5
3 59 167.8 373.8
4 1 433.7 263.1
4 2 530.7 223.1
4 3 303.3 312.4
4 4 136.3 260.7
4 5 492.9 241.8
4 6 554.7 275.8
4 7 504.8 364.9
4 8 525.6 346.7
4 9 608.3 176.9
4 10 85.5 197.9
4 11 66.1 214.4
4 12 50.1 209.0
4 13 42.6 225.9
4 14 514.9 132.9
4 15 494.2 152.5
4 16 471.3 145.0
4 17 564.4 406.9
4 21 407.7 408.1
4 22 390.5 421.0
4 23 94.2 340.8
4 25 492.4 22.8
4 38 150.3 26.6
4 39 130.4 34.4
4 40 181.1 77.3
4 41 164.0 83.2
4 42 329.4 323.6
4 43 174.6 346.0
4 44 317.9 351.2
4 45 348.8 341.4
4 46 632.9 196.0
4 48 457.2 330.6
4 49 322.7 381.3
4 50 350.4 404.8
4 51 320.0 403.8
4 52 460.7 392.1
4 53 452.6 376.6
4 54 488.1 290.8
4 55 507.0 306.8
4 56 510.6 281.8
4 57 532.5 305.4
4 58 168.4 390.5
4 59 167.8 373.8
5 1 444.3 260.6
5 2 541.7 223.2
5 3 311.0 303.8
5 4 144.2 259.5
5 5 460.8 229.9
5 6 546.5 272.9
5 7 495.6 358.9
5 8 515.7 344.6
5 9 606.8 168.3
5 10 94.3 194.9
5 11 75.2 216.2
5 12 58.1 207.6
5 13 50.0 224.6
5 14 515.4 132.7
5 15 501.1 152.3
5 16 477.6 140.8
5 17 534.2 394.9
5 18 580.3 338.2
5 21 405.7 406.3
5 22 394.3 417.0
5 23 101.9 337.8
5 25 484.7 46.0
5 38 139.8 14.4
5 39 120.6 25.7
5 40 174.2 66.1
5 41 157.1 73.4
5 42 331.8 322.8
5 43 166.8 345.4
5 44 317.9 349.8
5 45 350.3 340.0
5 46 632.7 191.1
5 48 450.3 333.6
5 49 322.7 381.3
5 50 350.4 404.8
5 51 320.0 403.8
5 52 460.7 392.1
5 53 452.6 376.6
5 54 488.1 290.8
5 55 507.0 306.8
5 56 510.6 281.8
5 57 532.5 305.4
5 58 168.4 390.5
5 59 167.8 373.8
6 1 460.7 256.2
6 2 559.3 223.3
6 3 324.4 288.1
6 4 146.0 262.7
6 5 430.6 219.1
6 6 538.1 270.0
6 7 481.3 349.6
6 8 499.9 341.4
6 9 605.1 161.8
6 10 105.2 189.9
6 11 84.5 218.9
6 12 67.4 206.9
6 13 58.8 224.9
6 14 513.3 133.7
6 15 504.2 151.7
6 16 479.7 139.7
6 17 519.8 388.4
6 18 568.6 330.8
6 21 405.3 403.3
6 22 389.8 418.6
6 23 107.7 333.0
6 24 84.6 368.9
6 25 479.6 59.3
6 34 16.7 192.5
6 38 129.3 4.7
6 39 108.8 14.8
6 40 165.1 49.5
6 41 150.1 62.1
6 42 334.2 322.7
6 43 158.8 344.4
6 44 320.3 346.4
6 45 347.2 341.5
6 46 631.3 185.0
6 48 443.7 336.5
6 49 322.7 381.3
6 50 350.4 404.8
6 51 320.0 403.8
6 52 460.7 392.1
6 53 452.6 376.6
6 54 488.1 290.8
6 55 507.0 306.8
6 56 510.6 281.8
6 57 532.5 305.4
6 58 168.4 390.5
6 59 167.8 373.8
7 1 483.8 250.0
7 2 582.6 223.4
7 3 336.0 277.2
7 4 146.3 264.3
7 5 415.1 214.7
7 6 531.4 273.9
7 7 473.0 344.2
7 8 489.1 338.2
7 9 603.8 159.3
7 10 117.4 184.6
7 11 93.4 220.0
7 12 78.4 206.6
7 13 68.1 226.1
7 14 515.2 141.1
7 15 494.7 155.4
7 16 483.5 143.8
7 17 502.8 377.9
7 18 560.2 327.8
7 19 593.0 313.2
7 21 410.4 402.0
7 22 391.9 418.6
7 23 115.2 325.2
7 24 108.3 363.0
7 25 475.3 73.9
7 34 25.5 191.8
7 35 21.1 220.0
7 39 97.3 5.5
7 40 155.2 35.6
7 41 142.0 52.3
7 42 336.5 320.5
7 43 150.8 344.1
7 44 323.0 348.7
7 45 350.3 340.7
7 46 628.7 177.8
7 48 436.5 339.4
7 49 328.7 383.1
7 50 350.4 404.8
7 51 320.0 403.8
7 52 460.7 392.1
7 53 452.6 376.6
7 54 488.1 290.8
7 55 507.0 306.8
7 56 510.6 281.8
7 57 532.5 305.4
7 58 168.4 390.5
7 59 167.8 373.8
8 1 498.4 246.3
8 2 594.9 223.9
8 3 346.3 272.5
8 4 146.6 261.0
8 5 378.5 204.6
8 6 527.8 277.7
8 7 461.9 336.8
8 8 481.3 334.3
8 9 603.0 160.7
8 10 127.4 182.6
8 11 101.8 218.3
8 12 89.0 205.6
8 13 77.8 227.6
8 14 514.7 144.1
8 15 495.0 153.4
8 16 484.8 140.7
8 17 482.0 365.2
8 18 550.9 325.4
8 19 586.2 314.1
8 21 414.8 401.3
8 22 394.3 415.0
8 23 123.3 318.0
8 24 121.3 360.9
8 25 469.3 86.0
8 34 34.1 190.9
8 35 31.7 219.4
8 40 144.7 27.8
8 41 132.0 45.1
8 42 338.9 319.7
8 43 142.9 345.1
8 44 325.9 351.9
8 45 349.6 338.6
8 46 625.4 171.8
8 48 429.2 341.9
8 49 328.7 383.1
8 50 350.4 404.8
8 51 320.0 403.8
8 52 460.7 392.1
8 53 452.6 376.6
8 54 488.2 295.3
8 55 507.0 306.8
8 56 510.6 281.8
8 57 532.5 305.4
8 58 168.4 390.5
8 59 167.8 373.8
9 1 511.0 243.4
9 2 616.0 225.2
9 3 366.0 264.2
9 4 141.6 257.0
9 5 354.4 198.3
9 6 527.9 277.6
9 7 446.4 326.6
9 8 469.8 328.7
9 9 602.6 161.2
9 10 133.8 182.0
9 11 111.4 215.5
9 12 97.5 203.0
9 13 86.9 227.8
9 14 515.2 141.1
9 15 496.0 152.4
9 16 492.6 129.0
9 17 472.0 359.5
9 18 541.3 323.5
9 19 579.4 316.5
9 21 426.6 405.8
9 22 397.8 416.0
9 23 132.2 314.4
9 24 146.5 356.9
9 25 459.2 95.5
9 34 42.9 190.8
9 35 43.1 218.8
9 40 129.6 17.4
9 41 118.7 36.0
9 42 338.1 320.5
9 43 132.8 346.7
9 44 327.4 354.0
9 45 351.9 338.6
9 46 621.9 167.4
9 48 421.1 350.5
9 49 328.7 383.1
9 50 350.4 404.8
9 51 320.0 403.8
9 52 460.7 392.1
9 53 452.6 376.6
9 54 488.2 295.3
9 55 507.0 306.8
9 56 510.6 281.8
9 57 532.5 305.4
9 58 168.4 390.5
9 59 167.8 373.8
10 1 533.3 237.9
10 2 632.5 226.2
10 3 384.0 256.7
10 4 146.0 262.7
10 5 338.2 195.4
10 6 528.3 277.2
10 7 437.2 321.5
10 8 460.2 323.5
10 9 602.6 157.3
10 10 136.5 181.5
10 11 122.3 212.1
10 12 105.3 199.7
10 13 96.1 226.5
10 14 516.5 139.1
10 15 505.5 156.1
10 16 493.8 129.4
10 17 449.1 346.9
10 18 533.0 323.2
10 19 572.9 320.5
10 20 587.2 330.9
10 21 446.4 407.6
10 22 417.5 417.9
10 23 150.9 307.6
10 24 160.8 355.2
10 25 444.8 109.4
10 33 594.4 2.0
10 34 52.1 191.5
10 35 52.7 218.5
10 40 110.8 4.4
10 41 105.1 26.7
10 42 339.7 320.4
10 43 121.6 348.4
10 44 327.4 354.9
10 45 346.4 342.2
10 46 620.3 160.9
10 48 408.7 352.9
10 49 333.1 384.9
10 50 350.4 404.8
10 51 320.0 403.8
10 52 460.7 392.1
10 53 452.6 376.6
10 54 488.2 295.3
10 55 507.0 306.8
10 56 510.6 281.8
10 57 532.5 305.4
10 58 168.4 390.5
10 59 167.8 373.8
11 1 552.9 233.7
11 3 394.7 252.3
11 4 149.0 260.2
11 5 305.0 189.6
11 6 525.1 280.5
11 7 423.4 315.2
11 8 452.7 318.4
11 9 603.0 149.0
11 10 142.1 181.3
11 11 132.2 209.9
11 12 112.9 196.2
11 13 108.0 224.4
11 14 520.3 138.0
11 15 507.1 158.0
11 16 493.6 125.1
11 17 429.9 336.6
11 18 522.7 323.4
11 19 570.4 323.1
11 20 582.4 334.3
11 21 460.0 412.0
11 22 438.6 418.4
11 23 164.6 303.3
11 24 186.7 353.3
11 25 434.1 117.3
11 33 584.8 5.4
11 34 60.5 192.9
11 35 61.4 218.6
11 41 94.4 19.3
11 42 341.3 321.8
11 43 112.7 349.6
11 44 326.0 354.5
11 45 351.9 340.7
11 46 621.1 151.4
11 48 405.9 360.3
11 49 333.1 384.9
11 50 350.4 404.8
11 51 320.0 403.8
11 52 460.7 392.1
11 53 452.6 376.6
11 54 488.2 295.3
11 55 507.0 306.8
11 56 510.6 281.8
11 57 532.5 305.4
11 58 168.4 390.5
11 59 167.8 373.8
12 1 563.9 232.9
12 3 414.2 244.5
12 4 149.0 265.1
12 5 281.3 184.3
12 6 521.6 287.7
12 7 404.2 306.2
12 8 438.4 308.7
12 9 604.4 132.6
12 10 152.6 181.3
12 11 142.4 208.6
12 12 121.3 194.2
12 13 121.5 222.0
12 14 520.5 137.0
12 15 520.3 165.5
12 16 495.1 123.9
12 17 419.1 331.9
12 18 512.8 323.0
12 19 571.4 324.2
12 20 580.5 336.3
12 21 476.2 401.6
12 22 457.7 420.9
12 23 178.4 300.6
12 24 207.0 352.8
12 25 418.4 126.8
12 33 576.7 8.8
12 34 68.3 194.2
12 35 69.8 219.2
12 41 82.0 11.2
12 42 343.7 318.9
12 43 103.4 350.7
12 44 323.2 352.9
12 45 347.3 339.4
12 46 622.8 138.6
12 48 405.4 360.8
12 49 333.1 384.9
12 50 350.4 404.8
12 51 320.0 403.8
12 52 460.7 392.1
12 53 452.6 376.6
12 54 488.2 295.3
12 55 507.0 306.8
12 56 510.6 281.8
12 57 532.5 305.4
12 58 168.4 390.5
12 59 167.8 373.8
13 1 580.2 232.5
13 3 436.1 235.6
13 4 146.3 264.3
13 5 266.9 178.6
13 6 521.6 287.7
13 7 393.8 301.4
13 8 425.3 299.8
13 9 605.5 114.2
13 10 169.2 181.4
13 11 159.3 206.3
13 12 130.9 192.9
13 13 132.5 221.1
13 14 521.0 133.9
13 15 528.3 166.4
13 16 501.5 121.3
13 17 395.3 322.3
13 18 505.2 321.0
13 19 569.5 324.9
13 20 575.2 338.2
13 21 490.0 402.3
13 22 475.0 428.4
13 23 199.3 296.5
13 24 230.0 356.9
13 25 400.9 137.2
13 33 567.7 11.0
13 34 76.4 193.2
13 35 78.0 218.9
13 41 69.9 2.5
13 42 346.0 310.1
13 43 90.9 352.2
13 44 318.9 350.1
13 45 348.8 338.0
13 46 624.6 124.4
13 48 399.0 368.0
13 49 330.9 386.2
13 50 350.4 404.8
13 51 320.0 403.8
13 52 460.7 392.1
13 53 452.6 376.6
13 54 488.2 295.3
13 55 507.0 306.8
13 56 510.6 281.8
13 57 532.5 305.4
13 58 168.4 390.5
13 59 167.8 373.8
14 1 604.1 231.9
14 3 447.3 229.7
14 4 148.7 263.4
14 5 234.5 165.8
14 6 526.1 285.3
14 7 381.0 295.5
14 8 417.3 294.5
14 9 604.4 103.5
14 10 183.0 181.4
14 11 177.0 204.1
14 12 142.3 191.3
14 13 143.4 221.3
14 14 521.6 135.9
14 15 537.5 165.1
14 16 510.1 118.2
14 17 375.9 313.3
14 18 496.1 318.7
14 19 563.1 325.6
14 20 567.5 340.3
14 21 501.1 403.8
14 22 496.9 426.1
14 23 210.4 293.9
14 24 257.5 361.3
14 25 389.9 143.8
14 33 559.5 11.1
14 34 85.2 190.6
14 35 86.3 217.1
14 42 339.1 307.6
14 43 76.0 354.1
14 44 313.2 346.3
14 45 340.3 334.7
14 46 624.6 113.3
14 48 391.9 369.2
14 49 330.9 386.2
14 50 350.4 404.8
14 51 320.0 403.8
14 52 460.7 392.1
14 53 452.6 376.6
14 54 488.2 295.3
14 55 507.0 306.8
14 56 510.6 281.8
14 57 532.5 305.4
14 58 168.4 390.5
14 59 167.8 373.8
15 1 623.0 231.5
15 3 462.2 220.5
15 4 145.7 261.1
15 5 212.0 154.3
15 6 526.1 285.3
15 7 363.1 287.3
15 8 404.1 285.4
15 9 603.0 93.0
15 10 193.8 181.3
15 11 188.1 203.8
15 12 153.1 190.0
15 13 160.3 221.8
15 14 531.9 126.9
15 15 547.3 164.0
15 16 516.8 115.8
15 17 368.1 305.9
15 18 488.1 315.6
15 19 555.9 326.4
15 20 559.7 342.9
15 21 519.7 400.3
15 22 517.8 425.5
15 23 226.2 289.9
15 24 272.7 360.6
15 25 372.6 161.9
15 33 556.8 8.2
15 34 94.6 187.2
15 35 94.9 214.7
15 42 334.2 305.3
15 43 63.8 355.5
15 44 307.8 344.8
15 45 335.7 333.4
15 46 623.4 99.0
15 47 637.9 122.6
15 48 385.9 369.0
15 49 330.9 386.2
15 50 350.4 404.8
15 51 320.0 403.8
15 52 460.7 392.1
15 53 452.6 376.6
15 54 488.2 295.3
15 55 507.0 306.8
15 56 510.6 281.8
15 57 532.5 305.4
15 58 168.4 390.5
15 59 167.8 373.8
16 3 481.9 208.3
16 4 145.6 265.2
16 5 202.2 142.4
16 6 526.1 285.3
16 7 352.5 282.1
16 8 389.8 276.0
16 9 601.5 82.5
16 10 209.1 181.0
16 11 202.5 204.0
16 12 163.0 189.0
16 13 178.3 222.2
16 14 534.5 130.6
16 15 557.2 163.1
16 16 528.7 115.2
16 17 358.6 297.0
16 18 483.1 312.7
16 19 549.7 327.4
16 20 552.1 345.3
16 21 537.5 396.9
16 22 532.2 416.9
16 23 244.7 284.9
16 24 304.1 358.6
16 25 357.0 162.2
16 26 620.4 175.9
16 28 601.9 335.6
16 33 558.5 3.6
16 34 104.0 185.2
16 35 103.8 212.0
16 42 328.4 303.5
16 44 304.2 344.9
16 45 325.5 332.2
16 46 621.9 81.0
16 47 634.3 113.5
16 48 379.5 372.8
16 49 330.9 386.2
16 50 350.4 404.8
16 51 320.0 403.8
16 52 460.7 392.1
16 53 452.6 376.6
16 54 490.6 295.3
16 55 507.0 306.8
16 56 510.6 281.8
16 57 532.5 305.4
16 58 168.4 390.5
16 59 167.8 373.8
17 3 494.1 201.9
17 4 146.4 260.2
17 5 183.4 118.9
17 6 528.3 282.2
17 7 340.9 275.3
17 8 380.8 271.2
17 9 600.5 70.8
17 10 225.4 180.9
17 11 221.3 204.3
17 12 177.9 187.2
17 13 190.2 222.5
17 14 546.3 132.4
17 15 566.2 159.4
17 16 543.5 111.8
17 17 344.8 292.7
17 18 480.5 311.1
17 19 543.9 328.3
17 20 544.6 346.1
17 21 542.4 397.5
17 22 538.0 415.7
17 23 254.9 281.1
17 24 318.9 357.7
17 25 347.0 161.4
17 26 598.9 176.6
17 28 592.3 339.5
17 33 557.8 5.0
17 34 112.7 184.8
17 35 112.6 210.1
17 42 319.2 302.3
17 44 305.7 341.7
17 45 318.4 327.4
17 46 620.8 68.8
17 47 635.7 103.6
17 48 373.6 370.1
17 49 330.9 386.2
17 50 350.4 404.8
17 51 320.0 403.8
17 52 460.7 392.1
17 53 452.6 376.6
17 54 490.6 295.3
17 55 507.0 306.8
17 56 514.2 284.0
17 57 532.5 305.4
17 58 168.4 390.5
17 59 167.8 373.8
18 3 507.8 195.7
18 4 146.3 264.3
18 5 167.0 97.7
18 6 526.1 285.3
18 7 323.7 265.0
18 8 368.6 264.4
18 9 600.3 54.5
18 10 236.9 181.2
18 11 234.3 204.4
18 12 193.5 185.8
18 13 202.9 222.9
18 14 553.2 130.2
18 15 574.0 153.2
18 16 550.1 111.7
18 17 331.8 289.0
18 18 475.9 308.3
18 19 537.4 328.6
18 20 536.4 345.9
18 21 546.8 397.8
18 22 543.9 415.0
18 23 271.9 275.4
18 24 352.6 355.6
18 25 335.9 164.6
18 26 584.9 174.0
18 28 582.3 343.4
18 33 553.6 13.7
18 34 119.6 184.2
18 35 121.9 208.8
18 42 303.4 300.4
18 44 308.3 337.4
18 45 314.2 322.1
18 46 620.1 52.3
18 47 639.0 93.9
18 48 373.4 376.2
18 49 330.9 386.2
18 50 350.4 404.8
18 51 320.0 403.8
18 52 460.7 392.1
18 53 452.6 376.6
18 54 490.6 295.3
18 55 507.0 306.8
18 56 514.2 284.0
18 57 532.5 305.4
18 58 168.4 390.5
18 59 167.8 373.8
19 3 523.3 189.0
19 4 146.6 261.0
19 5 158.7 85.4
19 6 526.1 285.3
19 7 311.8 261.2
19 8 353.2 256.3
19 9 597.2 41.9
19 10 248.4 181.5
19 11 246.3 204.4
19 12 204.6 186.0
19 13 223.2 223.8
19 14 566.0 121.7
19 15 579.5 146.7
19 16 561.5 106.2
19 17 312.9 284.9
19 18 474.6 312.0
19 19 530.1 328.3
19 20 525.9 345.9
19 21 554.0 397.2
19 22 551.2 415.0
19 23 282.6 268.4
19 24 373.1 354.4
19 25 329.4 165.7
19 26 561.6 168.9
19 27 570.3 385.1
19 28 574.1 345.7
19 29 580.4 367.5
19 33 549.9 18.3
19 34 124.6 183.3
19 35 132.8 207.0
19 42 292.2 299.3
19 44 303.8 342.6
19 45 311.3 325.5
19 46 618.0 37.6
19 48 368.9 377.6
19 49 330.9 386.2
19 50 350.4 404.8
19 51 320.0 403.8
19 52 460.7 392.1
19 53 452.6 376.6
19 54 490.6 295.3
19 55 507.0 306.8
19 56 514.2 284.0
19 57 532.5 305.4
19 58 168.4 390.5
19 59 167.8 373.8
20 3 534.1 185.6
20 4 145.0 261.9
20 5 146.7 65.0
20 6 526.1 285.3
20 7 303.0 261.8
20 8 342.9 253.8
20 9 590.6 35.9
20 10 262.9 181.9
20 11 265.6 204.6
20 12 223.4 186.3
20 13 241.2 224.1
20 14 579.3 120.4
20 15 586.9 149.5
20 16 570.6 108.1
20 17 297.2 281.3
20 18 474.6 312.0
20 19 521.3 327.9
20 20 516.2 345.4
20 21 548.6 401.3
20 22 542.8 419.6
20 23 289.5 250.2
20 24 399.3 353.2
20 25 325.8 170.6
20 26 545.2 165.6
20 27 546.6 378.8
20 28 561.7 350.3
20 29 564.2 364.7
20 30 584.4 355.6
20 33 548.9 17.7
20 34 131.1 183.4
20 35 144.1 205.3
20 42 285.4 297.0
20 44 303.8 343.3
20 45 314.4 323.9
20 46 612.9 26.1
20 48 366.7 377.0
20 49 330.9 386.2
20 50 350.4 404.8
20 51 320.0 403.8
20 52 460.7 392.1
20 53 452.6 376.6
20 54 490.6 295.3
20 55 507.0 306.8
20 56 514.2 284.0
20 57 532.5 305.4
20 58 168.4 390.5
20 59 167.8 373.8
21 3 546.2 181.5
21 4 146.4 260.2
21 5 132.1 41.5
21 6 526.1 285.3
21 7 294.1 262.0
21 8 333.2 253.2
21 9 583.8 34.0
21 10 273.3 183.7
21 11 284.8 204.6
21 12 242.2 187.5
21 13 252.0 223.4
21 14 589.2 122.3
21 15 594.9 146.3
21 16 577.3 112.1
21 17 279.8 275.7
21 18 474.6 312.0
21 19 511.1 327.5
21 20 508.0 343.9
21 21 556.2 402.3
21 22 553.7 423.4
21 23 298.4 236.2
21 24 422.5 351.8
21 25 313.9 170.9
21 26 517.7 160.4
21 27 535.7 376.8
21 28 561.8 352.9
21 29 541.3 360.5
21 30 574.7 359.3
21 33 549.7 26.5
21 34 139.6 184.6
21 35 153.8 204.4
21 36 37.9 234.8
21 37 31.2 215.9
21 42 282.3 297.6
21 44 313.7 338.2
21 45 312.8 319.7
21 46 604.6 8.0
21 48 364.4 378.3
21 49 330.9 386.2
21 50 350.4 404.8
21 51 320.0 403.8
21 52 460.7 392.1
21 53 452.6 376.6
21 54 490.6 295.3
21 55 507.0 306.8
21 56 514.2 284.0
21 57 532.5 305.4
21 58 168.4 390.5
21 59 167.8 373.8
22 3 557.6 174.9
22 4 145.3 263.5
22 5 120.9 29.9
22 6 526.1 285.3
22 7 284.3 260.5
22 8 323.3 252.1
22 9 579.7 29.4
22 10 281.7 185.8
22 11 296.7 203.9
22 12 252.8 190.5
22 13 264.6 221.4
22 14 600.4 113.8
22 15 606.1 149.1
22 16 584.3 105.7
22 17 260.5 270.6
22 18 474.6 312.0
22 19 502.0 326.8
22 20 494.4 341.1
22 21 570.4 399.5
22 22 563.5 420.2
22 23 308.3 231.9
22 24 444.9 348.5
22 25 300.2 168.3
22 26 502.8 159.6
22 27 518.7 374.4
22 28 551.1 357.2
22 29 531.0 357.8
22 30 565.5 363.4
22 33 549.5 31.2
22 34 148.9 185.3
22 35 163.7 203.9
22 36 49.0 236.3
22 37 43.1 215.0
22 42 284.2 302.6
22 44 336.5 341.3
22 45 312.0 320.4
22 48 362.8 380.9
22 49 330.9 386.2
22 50 350.4 404.8
22 51 320.0 403.8
22 52 460.7 392.1
22 53 452.6 376.6
22 54 490.6 295.3
22 55 507.0 306.8
22 56 514.2 284.0
22 57 532.5 305.4
22 58 168.4 390.5
22 59 167.8 373.8
23 3 574.4 165.9
23 4 146.7 261.9
23 5 97.9 12.3
23 6 526.1 285.3
23 7 270.0 258.1
23 8 304.0 249.7
23 9 579.8 18.4
23 10 289.6 187.8
23 11 310.5 202.3
23 12 267.5 195.1
23 13 280.3 218.8
23 14 607.5 111.5
23 15 620.9 147.8
23 16 586.2 105.6
23 17 244.8 271.7
23 18 474.6 312.0
23 19 493.9 325.9
23 20 480.7 338.3
23 22 581.4 413.7
23 23 317.8 229.4
23 24 463.0 348.6
23 25 281.8 168.7
23 26 474.6 159.0
23 27 506.3 372.7
23 28 541.4 360.9
23 29 513.3 353.1
23 30 557.6 368.6
23 33 547.8 28.5
23 34 158.3 184.9
23 35 175.3 203.0
23 36 60.8 237.7
23 37 55.1 214.2
23 42 282.6 305.5
23 44 351.0 344.5
23 45 311.3 326.9
23 48 362.8 380.3
23 49 330.9 386.2
23 50 350.4 404.8
23 51 320.0 403.8
23 52 460.7 392.1
23 53 452.6 376.6
23 54 490.6 295.3
23 55 507.0 306.8
23 56 514.2 284.0
23 57 532.5 305.4
23 58 168.4 390.5
23 59 167.8 373.8
24 3 582.8 156.4
24 4 144.9 261.1
24 6 526.1 285.3
24 7 259.8 256.0
24 8 290.2 247.5
24 9 581.7 6.5
24 10 298.0 190.2
24 11 331.8 199.9
24 12 280.4 199.5
24 13 291.8 219.1
24 14 612.2 111.4
24 15 631.1 146.8
24 16 591.5 107.7
24 17 214.8 274.1
24 18 474.6 312.0
24 19 483.5 325.0
24 20 471.4 336.7
24 23 330.9 227.3
24 24 471.6 356.9
24 25 265.3 168.1
24 26 459.7 159.1
24 27 498.4 373.1
24 28 534.0 366.2
24 29 504.0 349.2
24 30 545.6 376.3
24 31 607.1 286.8
24 32 550.8 0.4
24 33 547.3 26.7
24 34 166.8 187.4
24 35 186.4 202.5
24 36 70.7 237.7
24 37 65.0 213.7
24 42 283.6 310.1
24 44 369.8 351.4
24 45 313.2 325.6
24 48 362.0 381.6
24 49 330.9 386.2
24 50 350.4 404.8
24 51 320.0 403.8
24 52 460.7 392.1
24 53 452.6 376.6
24 54 490.6 295.3
24 55 507.0 306.8
24 56 514.2 284.0
24 57 532.5 305.4
24 58 168.4 390.5
24 59 167.8 373.8
25 3 586.6 147.9
25 4 146.5 265.1
25 6 526.1 285.3
25 7 245.8 252.3
25 8 276.3 244.6
25 10 307.0 192.9
25 11 348.3 198.4
25 12 289.5 203.3
25 13 302.1 221.5
25 14 614.7 116.6
25 16 594.8 109.7
25 17 200.2 275.5
25 18 474.6 312.0
25 19 472.6 323.8
25 20 454.5 334.1
25 23 339.2 223.0
25 24 477.8 362.0
25 25 247.0 169.5
25 26 432.5 160.1
25 27 494.6 369.5
25 28 523.4 374.0
25 29 495.1 343.8
25 30 536.0 382.9
25 31 602.3 271.8
25 32 541.8 4.4
25 33 549.7 31.6
25 34 173.8 193.2
25 35 195.7 202.7
25 36 80.0 236.6
25 37 74.9 213.8
25 42 284.2 314.8
25 44 389.4 359.6
25 45 311.9 326.7
25 48 363.5 382.2
25 49 330.9 386.2
25 50 350.4 404.8
25 51 320.0 403.8
25 52 465.2 400.5
25 53 453.3 376.6
25 54 490.6 295.3
25 55 507.0 306.8
25 56 514.2 284.0
25 57 532.5 305.4
25 58 168.4 390.5
25 59 167.8 373.8
