1 1 165.7 175.1
1 2 508.5 342.5
1 3 519.2 362.5
1 4 104.4 265.3
1 5 610.0 256.6
1 6 533.3 128.4
1 7 131.3 297.8
1 8 116.0 334.2
1 9 552.0 356.5
1 10 580.2 338.0
1 19 445.7 228.8
1 20 563.9 343.2
1 22 443.0 253.2
1 23 480.8 258.0
1 24 487.5 229.6
1 28 214.8 188.3
1 29 220.8 209.8
1 30 611.4 6.3
1 37 567.1 421.1
1 38 167.3 392.4
1 39 612.1 299.0
1 41 162.1 375.9
2 1 165.3 172.2
2 2 514.0 350.4
2 3 529.4 363.2
2 4 95.6 267.3
2 5 624.7 257.0
2 6 556.4 128.1
2 7 140.0 296.7
2 8 130.0 331.0
2 9 541.8 348.1
2 10 571.6 321.6
2 12 631.7 228.0
2 19 445.7 228.8
2 20 572.6 345.9
2 22 443.0 253.2
2 23 480.8 258.0
2 24 487.5 229.6
2 28 213.1 189.2
2 29 225.3 212.8
2 30 622.4 11.8
2 38 167.3 392.4
2 41 162.1 375.9
3 1 166.9 170.2
3 2 521.4 361.5
3 3 541.7 363.6
3 4 84.1 270.6
3 6 570.2 119.6
3 7 154.6 294.9
3 8 141.8 328.8
3 9 532.1 340.8
3 10 564.7 314.2
3 12 626.1 206.2
3 19 445.7 228.8
3 20 579.2 349.2
3 21 22.0 196.2
3 22 451.4 253.0
3 23 480.8 258.0
3 24 487.5 229.6
3 28 212.2 189.3
3 29 225.4 213.7
3 38 167.3 392.4
3 41 162.1 375.9
4 1 166.6 168.3
4 2 527.8 368.1
4 3 552.4 364.2
4 4 68.7 275.2
4 6 589.1 109.8
4 7 175.5 292.4
4 8 151.1 327.8
4 9 523.9 336.0
4 10 553.3 302.0
4 11 32.7 246.6
4 12 622.0 196.5
4 19 445.7 228.8
4 20 586.7 352.9
4 21 29.2 197.9
4 22 451.4 253.0
4 23 480.8 258.0
4 24 487.5 229.6
4 28 213.5 193.0
4 29 228.2 214.5
4 34 627.3 91.5
4 38 167.3 392.4
4 41 162.1 375.9
5 1 167.4 167.3
5 2 539.7 380.5
5 3 559.6 365.1
5 4 54.1 279.4
5 6 607.8 110.5
5 7 190.3 290.6
5 8 168.8 325.9
5 9 508.6 326.7
5 10 544.8 295.9
5 11 42.4 242.0
5 12 615.2 181.6
5 19 445.7 228.8
5 21 35.8 199.2
5 22 451.4 253.0
5 23 480.8 258.0
5 24 487.5 229.6
5 28 210.4 197.7
5 29 229.6 210.9
5 34 616.7 81.3
5 38 167.3 392.4
5 41 162.1 375.9
6 1 167.8 170.2
6 2 548.4 387.3
6 3 567.1 365.9
6 4 43.7 282.5
6 6 625.4 99.8
6 7 201.2 289.4
6 8 193.5 323.4
6 9 496.7 321.0
6 10 532.0 290.3
6 11 56.1 235.3
6 12 608.0 166.4
6 19 445.7 228.8
6 21 44.2 199.6
6 22 451.4 253.0
6 23 480.8 258.0
6 24 487.5 229.6
6 28 209.8 200.4
6 29 229.8 212.7
6 31 636.1 8.2
6 34 601.1 67.0
6 38 167.3 392.4
6 41 162.1 375.9
7 1 171.3 169.2
7 2 566.3 394.2
7 3 574.6 366.7
7 7 221.0 287.0
7 8 209.1 322.2
7 9 483.7 318.1
7 10 513.8 282.5
7 11 68.2 229.8
7 12 603.1 157.4
7 13 636.4 150.1
7 19 445.7 228.8
7 21 52.8 199.7
7 22 451.4 253.0
7 23 480.8 258.0
7 24 487.5 229.6
7 28 209.8 200.4
7 29 225.5 214.6
7 31 621.0 22.9
7 34 589.6 63.2
7 38 167.3 392.4
7 41 162.1 375.9
8 1 169.2 174.0
8 7 244.4 284.3
8 8 220.4 322.1
8 9 458.7 312.5
8 10 502.9 280.0
8 11 77.4 226.6
8 12 595.2 145.0
8 13 627.1 137.2
8 19 445.7 228.8
8 21 60.7 199.8
8 22 451.4 253.0
8 23 480.8 258.0
8 24 487.5 229.6
8 28 206.9 198.7
8 29 229.7 211.8
8 31 610.2 35.6
8 34 570.8 58.7
8 38 167.3 392.4
8 41 162.1 375.9
9 1 168.2 173.1
9 7 258.5 283.2
9 8 240.5 321.9
9 9 442.6 309.3
9 10 482.3 277.7
9 11 91.6 222.2
9 12 587.1 130.9
9 13 618.2 123.6
9 14 601.7 244.6
9 15 615.4 217.1
9 16 626.7 171.2
9 19 445.7 228.8
9 21 69.0 199.9
9 22 451.4 253.0
9 23 480.8 258.0
9 24 487.5 229.6
9 28 209.4 196.8
9 29 229.7 211.8
9 31 593.4 55.8
9 34 558.5 54.5
9 38 167.3 392.4
9 41 162.1 375.9
10 1 165.9 170.2
10 7 269.6 283.4
10 8 264.0 321.8
10 9 429.3 307.3
10 10 460.0 275.1
10 11 108.4 216.8
10 12 584.3 120.0
10 13 614.1 113.6
10 14 579.8 227.0
10 15 596.5 206.3
10 16 606.0 170.7
10 19 445.7 228.8
10 21 78.1 199.8
10 22 451.4 253.0
10 23 480.8 258.0
10 24 487.5 229.6
10 28 212.4 199.5
10 29 230.6 211.8
10 31 581.8 67.5
10 32 595.3 2.7
10 34 540.5 46.3
10 38 167.3 392.4
10 40 577.1 334.2
10 41 162.1 375.9
11 1 165.3 172.2
11 7 287.4 283.7
11 8 278.5 321.9
11 9 403.6 303.6
11 10 448.1 273.8
11 11 118.5 212.6
11 12 581.9 103.3
11 13 609.1 98.7
11 14 569.3 217.8
11 15 587.7 198.9
11 16 593.5 169.7
11 17 601.1 265.2
11 19 445.7 228.8
11 21 88.3 200.1
11 22 451.4 253.0
11 23 480.8 258.0
11 24 487.5 229.6
11 28 211.5 199.5
11 29 227.3 214.5
11 31 561.9 86.8
11 32 601.0 24.1
11 34 523.5 39.0
11 35 632.5 104.3
11 38 167.3 392.4
11 40 555.9 329.9
11 41 162.1 375.9
12 1 167.3 173.1
12 7 303.9 283.8
12 8 290.1 322.4
12 9 384.8 300.7
12 10 425.0 271.4
12 11 131.3 206.5
12 12 578.9 85.6
12 13 603.8 82.7
12 14 557.6 207.3
12 15 572.4 185.7
12 16 569.6 167.1
12 17 588.4 238.2
12 19 445.7 228.8
12 21 99.2 200.5
12 22 451.4 253.0
12 23 480.8 258.0
12 24 487.5 229.6
12 28 210.4 197.7
12 29 228.0 212.7
12 31 548.9 98.4
12 32 608.4 34.0
12 33 630.4 6.8
12 34 510.4 35.0
12 35 621.9 102.0
12 38 167.3 392.4
12 40 538.0 327.5
12 41 162.1 375.9
13 1 169.0 172.1
13 7 314.1 283.4
13 8 311.8 323.5
13 9 374.5 298.9
13 10 408.3 268.8
13 11 149.5 197.7
13 12 575.3 74.3
13 13 600.2 71.8
13 14 543.9 194.0
13 15 566.2 176.0
13 16 555.5 166.6
13 17 577.6 214.0
13 19 445.7 228.8
13 21 108.7 199.4
13 22 451.4 253.0
13 23 480.8 258.0
13 24 487.5 229.6
13 25 617.5 240.0
13 28 211.8 202.2
13 29 229.8 212.7
13 31 529.6 114.7
13 32 619.2 40.4
13 33 635.1 16.9
13 34 490.9 29.7
13 35 611.6 99.5
13 38 167.3 392.4
13 40 519.2 320.9
13 41 162.1 375.9
14 1 160.0 167.5
14 7 327.7 282.3
14 8 331.4 324.2
14 9 359.7 296.4
14 10 393.6 264.4
14 11 161.8 191.7
14 12 569.7 57.4
14 13 595.4 56.6
14 14 539.7 185.9
14 15 562.6 165.2
14 16 535.4 167.1
14 17 572.1 204.1
14 19 445.7 228.8
14 21 117.8 197.0
14 22 451.4 253.0
14 23 483.7 255.5
14 24 487.5 229.6
14 25 606.5 235.8
14 28 205.3 200.5
14 29 227.0 211.9
14 31 510.5 129.9
14 32 627.0 48.0
14 34 480.7 21.9
14 35 601.0 98.8
14 38 167.3 392.4
14 40 502.1 312.0
14 41 162.1 375.9
15 1 155.6 169.5
15 7 342.6 281.2
15 8 342.1 323.7
15 9 349.8 293.6
15 10 370.0 257.3
15 11 174.8 184.6
15 12 563.8 41.1
15 13 590.4 41.7
15 14 537.8 180.8
15 15 557.9 155.4
15 16 516.7 167.5
15 17 570.7 204.8
15 19 454.4 227.7
15 21 128.7 194.4
15 22 451.4 253.0
15 23 483.7 255.5
15 24 487.5 229.6
15 25 597.2 231.6
15 26 602.0 274.4
15 28 212.8 203.1
15 29 227.1 212.7
15 31 494.2 138.8
15 32 634.2 57.4
15 34 469.7 7.4
15 35 582.4 99.1
15 36 631.9 87.2
15 38 167.3 392.4
15 40 480.6 308.9
15 41 162.1 375.9
16 1 140.1 169.9
16 7 360.7 280.8
16 8 360.0 322.2
16 9 331.6 288.4
16 10 359.3 253.0
16 11 197.0 172.3
16 12 558.6 29.7
16 13 586.2 31.0
16 14 534.9 173.8
16 15 551.2 141.7
16 16 504.0 167.5
16 17 572.3 211.1
16 19 454.4 227.7
16 21 139.0 191.5
16 22 451.4 253.0
16 23 483.7 255.5
16 24 487.5 229.6
16 25 591.1 228.3
16 26 587.8 264.7
16 28 207.1 200.5
16 29 226.6 216.3
16 31 465.1 154.5
16 35 570.0 96.6
16 36 616.2 84.1
16 38 167.3 392.4
16 40 466.8 299.6
16 41 162.1 375.9
17 1 132.2 174.3
17 7 371.0 280.9
17 8 384.3 320.1
17 9 319.7 282.8
17 10 344.1 246.7
17 11 210.4 168.2
17 12 549.9 12.4
17 13 579.7 18.3
17 14 528.6 158.6
17 15 544.0 132.6
17 16 483.8 167.4
17 17 569.4 219.1
17 19 454.4 227.7
17 21 147.8 187.8
17 22 451.4 253.0
17 23 483.7 255.5
17 24 487.5 229.6
17 25 585.2 225.1
17 26 578.8 261.4
17 28 207.5 204.1
17 29 228.2 214.5
17 31 450.5 161.5
17 35 557.0 91.2
17 36 605.4 81.4
17 38 167.3 392.4
17 40 452.3 293.9
17 41 162.1 375.9
18 1 123.0 181.9
18 7 389.0 281.0
18 8 398.9 319.0
18 9 309.4 274.5
18 10 330.3 240.6
18 11 231.4 166.9
18 13 572.2 3.6
18 14 520.8 140.2
18 15 529.9 115.5
18 16 471.1 167.5
18 17 562.9 228.8
18 18 595.6 297.7
18 19 454.4 227.7
18 21 160.2 181.7
18 22 451.4 253.0
18 23 483.7 255.5
18 24 487.5 229.6
18 25 587.8 232.3
18 26 566.3 257.1
18 28 208.8 199.5
18 29 227.0 211.9
18 31 421.9 173.8
18 35 544.3 85.0
18 36 590.1 76.9
18 38 167.3 392.4
18 40 433.0 286.0
18 41 162.1 375.9
19 1 108.7 194.4
19 7 399.9 282.6
19 8 411.9 318.6
19 9 294.4 262.6
19 10 320.9 235.7
19 11 258.4 165.1
19 14 515.5 130.6
19 15 519.2 103.8
19 16 456.1 167.6
19 17 566.8 233.2
19 18 558.3 303.0
19 19 454.4 227.7
19 21 173.3 176.1
19 22 451.4 253.0
19 23 483.7 255.5
19 24 484.8 230.5
19 25 587.8 232.3
19 26 562.0 253.6
19 28 207.9 199.6
19 29 227.2 213.6
19 31 402.3 183.2
19 35 534.2 77.4
19 36 576.6 73.4
19 38 167.3 392.4
19 40 416.6 278.7
19 41 162.1 375.9
20 1 96.9 202.8
20 7 421.3 287.1
20 8 435.2 318.3
20 9 286.7 253.6
20 10 306.0 228.6
20 11 271.5 163.5
20 14 509.1 118.7
20 15 507.9 93.5
20 16 434.1 167.7
20 17 570.4 234.8
20 18 536.0 307.5
20 19 454.4 227.7
20 21 183.9 174.4
20 22 451.4 253.0
20 23 483.7 255.5
20 24 484.8 230.5
20 25 592.9 232.2
20 26 562.0 253.6
20 28 206.3 201.4
20 29 230.4 210.0
20 31 385.1 195.2
20 35 519.5 66.1
20 36 563.8 71.6
20 38 167.3 392.4
20 40 404.1 269.5
20 41 162.1 375.9
21 1 87.1 206.4
21 7 440.1 289.8
21 8 450.4 316.5
21 9 279.2 240.6
21 10 294.0 221.3
21 11 292.0 161.0
21 14 501.9 106.6
21 15 490.8 78.0
21 16 418.1 168.4
21 17 574.0 236.5
21 18 513.8 317.6
21 19 454.4 227.7
21 21 202.5 173.2
21 22 451.4 253.0
21 23 483.7 255.5
21 24 484.8 230.5
21 25 592.9 232.2
21 26 557.9 253.7
21 28 207.9 199.6
21 29 231.0 207.4
21 31 362.7 213.2
21 35 511.6 58.5
21 36 545.7 69.3
21 38 167.3 392.4
21 40 391.3 262.6
21 41 162.1 375.9
22 1 71.8 211.8
22 7 452.1 287.7
22 8 459.1 313.0
22 9 268.3 221.6
22 10 287.5 214.7
22 11 314.7 157.6
22 14 494.5 99.6
22 15 480.6 69.7
22 16 406.5 169.8
22 17 576.8 240.1
22 18 491.8 326.6
22 19 454.4 227.7
22 21 225.6 171.5
22 22 451.4 253.0
22 23 483.7 255.5
22 24 484.8 230.5
22 25 592.9 232.2
22 26 557.6 251.3
22 28 201.5 198.8
22 29 227.6 200.9
22 31 347.1 216.5
22 35 505.0 51.5
22 36 535.5 64.3
22 38 167.3 392.4
22 40 371.5 256.5
22 41 162.1 375.9
23 1 51.5 219.0
23 7 475.4 282.6
23 8 469.7 308.6
23 9 262.6 210.1
23 10 280.9 208.1
23 11 326.2 153.0
23 14 485.1 91.1
23 15 467.3 59.4
23 16 387.1 172.2
23 17 576.8 240.1
23 18 465.6 331.2
23 19 458.0 232.8
23 21 238.7 169.4
23 22 451.4 253.0
23 23 483.7 255.5
23 24 484.8 230.5
23 25 592.9 232.2
23 26 557.6 251.3
23 28 202.5 206.9
23 29 225.3 202.8
23 31 317.3 230.9
23 35 498.1 44.6
23 36 525.4 56.4
23 38 167.3 392.4
23 40 355.5 258.5
23 41 162.1 375.9
24 1 35.2 224.7
24 7 492.8 279.9
24 8 478.7 305.8
24 9 257.6 196.8
24 10 275.2 200.8
24 11 344.1 144.2
24 14 474.0 81.0
24 15 448.1 44.8
24 16 369.5 174.6
24 17 579.5 239.2
24 18 439.6 334.9
24 19 459.8 239.5
24 21 252.4 166.6
24 22 451.4 253.0
24 23 483.7 255.5
24 24 484.8 230.5
24 25 592.9 232.2
24 26 553.5 254.7
24 27 634.2 156.1
24 28 198.7 199.6
24 29 221.7 193.7
24 31 291.7 239.2
24 35 490.5 37.5
24 36 514.9 48.7
24 38 167.3 392.4
24 40 342.8 262.1
24 41 162.1 375.9
25 7 503.0 280.5
25 8 491.3 302.2
25 9 251.1 180.3
25 10 268.8 190.2
25 11 366.0 133.1
25 14 464.2 74.7
25 15 434.2 34.1
25 16 358.5 176.8
25 17 579.5 239.2
25 18 415.6 333.9
25 19 465.3 249.4
25 21 270.6 162.8
25 22 451.4 253.0
25 23 483.7 255.5
25 24 484.8 230.5
25 25 592.9 232.2
25 26 553.5 254.7
25 27 622.6 155.0
25 28 194.3 191.6
25 29 218.4 181.7
25 31 272.2 245.6
25 35 481.9 28.5
25 36 507.1 43.5
25 38 167.3 392.4
25 40 321.9 260.2
25 41 162.1 375.9
