1 1 397.2 147.6
1 2 244.2 203.5
1 3 139.7 279.0
1 4 280.6 242.9
1 5 348.4 360.6
1 6 371.5 349.6
1 7 457.0 372.3
1 8 471.5 348.5
1 17 301.6 442.2
1 18 320.3 440.5
1 19 520.4 211.4
1 20 534.4 224.2
1 21 539.4 188.5
1 22 474.9 298.7
1 23 495.9 307.0
1 24 344.7 438.7
1 25 617.0 75.6
1 26 227.9 349.1
1 27 361.5 166.0
1 28 231.0 183.5
1 30 210.7 270.9
1 31 417.5 194.9
1 32 375.9 199.5
1 33 52.6 14.1
1 34 208.1 149.6
1 39 511.4 181.7
1 40 553.6 98.2
1 41 549.7 13.7
1 42 254.0 227.6
1 43 625.6 119.1
1 50 381.5 125.6
1 51 168.4 390.5
1 52 167.8 373.8
2 1 397.3 145.6
2 2 230.4 203.7
2 3 127.2 288.0
2 4 267.5 253.2
2 5 335.3 356.8
2 6 362.4 346.8
2 7 442.8 365.9
2 8 457.9 342.4
2 17 301.6 442.2
2 18 320.3 440.5
2 19 519.2 208.8
2 20 537.3 222.4
2 21 540.3 193.0
2 22 475.9 297.1
2 23 495.9 307.0
2 24 344.7 438.7
2 25 624.5 72.8
2 26 233.9 348.4
2 27 364.2 165.0
2 28 239.5 179.2
2 30 194.9 272.1
2 31 422.9 201.9
2 32 385.1 203.4
2 33 30.7 0.8
2 34 217.9 157.9
2 39 508.3 184.6
2 40 550.7 108.5
2 41 559.8 12.7
2 42 249.1 229.6
2 43 619.8 109.9
2 50 381.5 125.6
2 51 164.3 392.5
2 52 167.8 373.8
3 1 399.0 147.5
3 2 210.7 204.6
3 3 98.1 288.7
3 4 249.3 260.2
3 5 326.4 354.3
3 6 349.8 342.9
3 7 431.1 359.4
3 8 442.0 335.7
3 17 301.6 442.2
3 18 320.3 440.5
3 19 518.5 212.4
3 20 538.2 222.4
3 21 537.7 197.6
3 22 473.2 299.4
3 23 495.9 307.0
3 24 344.7 438.7
3 25 636.0 70.7
3 26 229.8 345.4
3 27 364.2 165.0
3 28 250.0 173.8
3 30 173.1 272.6
3 31 428.5 209.1
3 32 397.1 209.9
3 34 228.2 165.0
3 39 503.1 189.3
3 40 546.3 117.0
3 41 570.1 10.6
3 42 241.7 229.0
3 43 615.3 98.0
3 44 636.6 126.5
3 50 381.5 125.6
3 51 164.3 392.5
3 52 167.8 373.8
4 1 398.4 143.6
4 2 183.2 205.8
4 3 74.8 292.9
4 4 230.7 269.6
4 5 311.5 350.2
4 6 331.4 337.2
4 7 408.5 346.7
4 8 414.7 324.0
4 17 301.6 442.2
4 18 320.3 440.5
4 19 519.3 207.9
4 20 537.0 224.1
4 21 537.0 196.8
4 22 472.4 299.5
4 23 497.0 304.8
4 24 344.7 438.7
4 26 224.7 342.4
4 27 364.2 165.0
4 28 259.9 170.1
4 30 155.5 278.6
4 31 434.2 215.1
4 32 408.1 215.4
4 34 237.7 168.9
4 39 509.5 189.9
4 40 543.7 122.9
4 41 580.5 6.9
4 42 235.1 228.6
4 43 609.7 87.4
4 44 630.9 114.0
4 49 357.8 129.2
4 50 381.5 125.6
4 51 164.3 392.5
4 52 167.8 373.8
5 1 397.2 147.6
5 2 169.2 207.0
5 3 44.8 298.9
5 4 221.1 281.8
5 5 292.0 345.0
5 6 319.2 333.4
5 7 391.3 337.4
5 8 399.9 317.5
5 17 301.6 442.2
5 18 320.3 440.5
5 19 521.3 211.4
5 20 538.7 224.1
5 21 536.1 196.8
5 22 476.7 297.1
5 23 496.9 305.5
5 24 344.7 438.7
5 26 225.0 348.1
5 27 364.2 165.0
5 28 271.0 167.9
5 30 141.5 279.8
5 31 438.8 220.2
5 32 415.9 219.2
5 34 247.3 172.9
5 39 513.1 189.2
5 40 539.8 129.5
5 41 590.2 3.2
5 42 238.3 230.1
5 43 602.1 81.1
5 44 626.8 103.4
5 46 638.4 49.2
5 47 636.4 20.2
5 49 357.8 129.2
5 50 381.5 125.6
5 51 164.3 392.5
5 52 167.8 373.8
6 1 395.4 146.6
6 2 150.8 209.4
6 4 197.0 288.7
6 5 279.5 340.5
6 6 309.6 330.2
6 7 381.6 332.7
6 8 385.8 310.6
6 17 290.4 442.5
6 18 320.3 440.5
6 19 518.1 209.7
6 20 537.3 222.4
6 21 538.8 196.7
6 22 472.8 302.4
6 23 497.4 307.0
6 24 344.7 438.7
6 26 226.6 348.7
6 27 364.2 165.0
6 28 284.7 165.3
6 30 125.1 281.8
6 31 442.4 224.5
6 32 423.9 222.9
6 34 261.1 179.3
6 39 512.6 189.5
6 40 533.9 137.6
6 42 241.9 231.8
6 43 591.9 73.7
6 44 621.5 89.5
6 45 636.0 124.4
6 46 636.6 48.6
6 47 638.0 24.2
6 49 357.8 129.2
6 50 381.5 125.6
6 51 164.3 392.5
6 52 162.1 375.9
7 1 397.1 148.6
7 2 122.3 213.1
7 4 182.9 288.4
7 5 271.9 336.3
7 6 294.5 325.2
7 7 361.9 323.5
7 8 358.4 297.0
7 9 602.2 278.7
7 10 602.1 303.0
7 17 275.0 440.1
7 18 309.2 441.4
7 19 518.7 211.5
7 20 535.5 223.3
7 21 535.6 195.0
7 22 471.9 303.2
7 23 501.4 306.9
7 24 344.7 438.7
7 26 226.4 346.6
7 27 364.2 165.0
7 28 294.0 161.5
7 30 110.7 277.5
7 31 447.7 228.7
7 32 433.8 223.0
7 34 281.3 188.4
7 39 506.2 192.3
7 40 530.1 143.9
7 42 229.0 229.0
7 43 584.1 66.9
7 44 617.0 79.4
7 45 624.8 123.0
7 46 635.3 51.9
7 47 637.6 22.7
7 49 357.8 129.2
7 50 389.2 123.3
7 51 164.3 392.5
7 52 162.1 375.9
8 1 399.2 145.5
8 2 104.1 215.4
8 4 170.3 291.9
8 5 262.2 330.3
8 6 281.4 320.7
8 7 338.4 312.6
8 8 338.9 288.0
8 9 585.3 279.1
8 10 582.7 300.6
8 17 264.6 441.5
8 18 302.2 441.0
8 19 521.2 212.3
8 20 537.0 224.1
8 21 539.5 193.1
8 22 475.7 298.6
8 23 498.2 307.0
8 24 336.3 441.2
8 26 224.0 346.0
8 27 364.2 165.0
8 28 298.2 158.5
8 30 96.7 282.1
8 31 454.7 233.7
8 32 450.0 222.2
8 34 293.1 191.9
8 39 508.4 194.7
8 40 523.3 150.0
8 42 227.6 221.3
8 43 573.3 58.2
8 44 610.0 63.0
8 45 607.8 121.3
8 46 632.3 62.4
8 47 637.7 22.8
8 49 357.8 129.2
8 50 389.2 123.3
8 51 164.3 392.5
8 52 162.1 375.9
9 1 396.5 143.6
9 2 88.2 217.0
9 4 150.4 298.1
9 5 251.5 324.0
9 6 272.7 317.4
9 7 326.2 307.2
9 8 327.5 284.0
9 9 567.1 279.0
9 10 563.5 297.6
9 17 251.3 441.9
9 18 292.5 441.3
9 19 522.3 210.5
9 20 536.9 225.0
9 21 540.0 190.3
9 22 475.6 299.4
9 23 498.0 308.5
9 24 336.3 441.2
9 26 225.4 344.6
9 27 364.2 165.0
9 28 297.4 157.2
9 30 77.1 288.6
9 31 462.2 240.2
9 32 463.5 222.2
9 34 313.5 197.5
9 39 508.6 193.8
9 40 516.2 154.9
9 42 227.2 215.1
9 43 564.1 48.9
9 44 602.9 49.6
9 45 593.9 117.6
9 46 629.8 71.6
9 47 639.8 28.6
9 49 357.8 129.2
9 50 389.2 123.3
9 51 164.3 392.5
9 52 162.1 375.9
10 1 401.6 150.5
10 2 53.0 220.6
10 4 133.2 301.7
10 5 242.7 320.2
10 6 261.2 312.8
10 7 311.4 300.8
10 8 304.3 276.0
10 9 557.5 276.4
10 10 553.7 294.2
10 17 251.3 441.9
10 18 280.6 441.1
10 19 518.9 210.6
10 20 534.6 223.3
10 21 539.3 194.0
10 22 475.6 299.4
10 23 495.9 307.0
10 24 336.3 441.2
10 26 224.7 346.0
10 27 364.2 165.0
10 28 294.0 157.1
10 30 59.3 294.6
10 31 470.3 243.4
10 32 473.6 223.1
10 34 331.6 201.3
10 39 508.4 194.7
10 40 509.8 159.5
10 42 224.2 207.6
10 43 557.9 39.1
10 44 596.3 41.8
10 45 584.9 110.1
10 46 626.7 81.9
10 49 357.8 129.2
10 50 389.2 123.3
10 51 164.3 392.5
10 52 162.1 375.9
11 1 400.7 151.5
11 2 27.2 223.3
11 4 122.8 300.4
11 5 233.4 317.2
11 6 247.3 307.2
11 7 286.6 290.1
11 8 280.5 268.0
11 9 542.9 269.4
11 10 535.3 286.2
11 17 251.3 441.9
11 18 276.3 440.1
11 19 524.9 206.0
11 20 539.2 222.4
11 21 540.5 192.1
11 22 474.5 301.7
11 23 499.7 307.7
11 24 325.2 439.3
11 26 220.4 341.9
11 27 364.2 165.0
11 28 295.6 157.3
11 30 47.5 298.5
11 31 483.2 243.8
11 32 486.6 224.2
11 34 344.3 200.6
11 35 286.9 86.6
11 39 511.5 191.9
11 40 503.0 166.2
11 42 220.3 200.0
11 43 549.9 26.6
11 44 588.1 33.3
11 45 573.1 100.1
11 46 623.8 88.4
11 49 357.8 129.2
11 50 389.2 123.3
11 51 164.3 392.5
11 52 162.1 375.9
12 1 400.4 155.4
12 4 108.2 297.1
12 5 220.4 312.7
12 6 237.1 303.3
12 7 271.0 284.0
12 8 268.6 264.7
12 9 522.8 260.1
12 10 517.3 279.5
12 11 586.4 338.4
12 17 251.3 441.9
12 18 274.3 440.1
12 19 529.1 206.8
12 20 534.9 221.6
12 21 535.2 192.2
12 22 477.7 301.6
12 23 496.5 307.8
12 24 322.4 441.0
12 26 218.6 337.3
12 27 364.2 165.0
12 28 302.7 157.6
12 31 503.7 244.5
12 32 496.0 226.0
12 34 366.1 198.9
12 35 283.9 95.9
12 39 507.8 192.9
12 40 497.9 171.2
12 42 216.5 192.6
12 43 545.0 16.2
12 44 582.1 24.1
12 45 565.2 92.7
12 46 622.2 94.6
12 49 357.8 129.2
12 50 387.0 129.6
12 51 164.3 392.5
12 52 162.1 375.9
13 1 400.7 151.5
13 4 90.4 292.7
13 5 208.9 309.6
13 6 227.0 299.3
13 7 257.3 280.3
13 8 251.0 260.6
13 9 510.7 257.3
13 10 506.4 278.7
13 11 570.4 335.0
13 12 574.1 371.6
13 17 251.3 441.9
13 18 270.9 443.0
13 19 534.3 206.7
13 20 540.4 224.0
13 21 542.1 188.4
13 22 475.7 298.6
13 23 495.4 310.0
13 24 322.4 441.0
13 26 211.1 337.3
13 27 364.2 165.0
13 28 302.8 161.4
13 31 515.2 246.2
13 32 508.8 228.9
13 34 379.0 197.0
13 35 281.4 103.5
13 36 309.9 72.6
13 39 508.3 195.6
13 40 505.7 172.4
13 42 212.4 183.9
13 43 540.4 6.7
13 44 577.0 14.9
13 45 553.4 83.0
13 46 622.0 105.7
13 47 639.4 67.5
13 49 357.8 129.2
13 50 375.0 146.1
13 51 164.3 392.5
13 52 162.1 375.9
14 1 399.4 157.4
14 4 80.7 287.0
14 5 199.6 308.4
14 6 211.0 292.3
14 7 231.3 273.2
14 8 225.6 254.7
14 9 495.0 257.6
14 10 486.8 283.9
14 11 546.7 329.9
14 12 555.0 370.0
14 13 577.3 354.4
14 17 251.3 441.9
14 18 270.9 443.0
14 19 533.7 204.9
14 20 542.7 221.4
14 21 541.7 185.7
14 22 472.8 302.4
14 23 498.9 307.7
14 24 322.4 441.0
14 26 202.5 339.1
14 27 364.2 165.0
14 28 301.9 164.4
14 31 525.0 249.5
14 32 521.0 231.6
14 34 400.6 193.0
14 35 278.7 111.6
14 36 303.0 75.3
14 39 505.2 192.9
14 40 508.0 169.5
14 42 207.7 174.8
14 44 570.4 6.4
14 45 547.1 72.7
14 46 621.3 119.5
14 47 633.5 80.4
14 49 357.8 129.2
14 50 375.0 146.1
14 51 164.3 392.5
14 52 162.1 375.9
15 1 400.8 149.5
15 4 68.7 274.7
15 5 186.2 306.4
15 6 194.2 285.7
15 7 213.1 268.2
15 8 210.1 250.7
15 9 468.7 258.2
15 10 462.9 278.8
15 11 534.1 327.5
15 12 531.3 368.1
15 13 559.4 351.9
15 17 251.3 441.9
15 18 270.9 443.0
15 19 526.1 208.6
15 20 552.4 207.2
15 21 542.6 185.7
15 22 476.5 298.6
15 23 498.8 308.4
15 24 322.4 441.0
15 26 197.9 338.8
15 27 364.2 165.0
15 28 301.8 160.5
15 31 535.9 252.9
15 32 531.7 233.8
15 34 420.5 188.3
15 35 275.7 120.6
15 36 297.4 77.8
15 37 309.6 65.3
15 39 508.0 191.9
15 40 509.0 168.6
15 42 203.7 165.5
15 45 544.9 56.6
15 46 623.5 129.6
15 47 626.6 95.6
15 49 357.8 129.2
15 50 375.0 146.1
15 51 164.3 392.5
15 52 162.1 375.9
16 1 397.8 152.5
16 4 51.1 256.9
16 5 169.8 304.0
16 6 183.1 284.3
16 7 199.3 264.1
16 8 196.3 246.1
16 9 450.5 258.2
16 10 450.7 278.5
16 11 518.7 325.1
16 12 519.1 367.1
16 13 535.7 348.8
16 17 251.3 441.9
16 18 270.9 443.0
16 19 526.8 205.1
16 20 562.3 205.2
16 21 537.6 183.9
16 22 475.3 301.6
16 23 495.7 307.8
16 24 322.4 441.0
16 26 196.4 338.3
16 27 364.2 165.0
16 28 303.7 164.3
16 31 545.5 253.1
16 32 549.6 237.8
16 34 433.4 181.8
16 35 274.1 124.0
16 36 290.2 84.9
16 37 302.5 69.3
16 39 506.5 195.6
16 40 509.5 171.4
16 42 200.4 155.9
16 45 540.9 39.5
16 46 628.5 143.4
16 47 622.2 106.9
16 49 357.8 129.2
16 50 375.0 146.1
16 51 164.3 392.5
16 52 162.1 375.9
17 1 398.6 154.5
17 4 38.8 249.4
17 5 157.6 303.7
17 6 174.1 285.5
17 7 172.2 255.7
17 8 170.3 237.2
17 9 439.5 257.3
17 10 436.2 277.6
17 11 494.4 321.4
17 12 502.6 365.8
17 13 521.8 347.3
17 17 251.3 441.9
17 18 270.9 443.0
17 19 526.8 209.5
17 20 565.1 201.3
17 21 540.5 182.9
17 22 477.1 300.1
17 23 499.4 304.7
17 24 322.4 441.0
17 26 199.7 339.7
17 27 364.2 165.0
17 28 300.0 162.5
17 31 563.1 252.1
17 32 561.2 238.8
17 34 455.0 170.6
17 35 274.6 124.1
17 36 281.3 93.3
17 37 297.2 72.0
17 39 507.4 195.6
17 40 505.9 171.5
17 42 196.6 145.8
17 45 533.6 33.3
17 46 632.0 154.2
17 47 618.5 116.9
17 48 639.9 111.0
17 49 357.8 129.2
17 50 378.7 147.0
17 51 164.3 392.5
17 52 162.1 375.9
18 1 398.8 151.5
18 4 24.3 247.1
18 5 149.4 305.5
18 6 163.1 286.9
18 7 155.3 251.7
18 8 150.8 231.7
18 9 420.1 255.7
18 10 413.3 276.2
18 11 481.2 319.6
18 12 472.8 363.4
18 13 509.8 346.9
18 17 251.3 441.9
18 18 270.9 443.0
18 19 529.3 210.3
18 20 564.4 207.8
18 21 542.8 184.7
18 22 477.0 300.8
18 23 499.4 304.7
18 24 307.1 440.9
18 26 201.1 338.2
18 27 364.2 165.0
18 28 301.9 163.4
18 31 579.5 251.5
18 32 572.2 238.2
18 34 467.1 164.1
18 35 277.8 130.7
18 36 271.8 102.3
18 37 290.1 77.2
18 39 507.4 195.6
18 40 508.1 168.6
18 42 193.6 135.7
18 45 526.4 28.6
18 46 635.5 165.7
18 47 615.1 126.9
18 48 635.4 122.4
18 49 357.8 129.2
18 50 378.7 147.0
18 51 164.3 392.5
18 52 162.1 375.9
19 1 398.8 151.5
19 5 140.7 307.5
19 6 152.2 288.4
19 7 144.5 250.7
19 8 140.2 231.0
19 9 399.8 253.9
19 10 395.8 275.0
19 11 465.9 318.0
19 12 453.0 361.5
19 13 487.2 346.3
19 17 251.3 441.9
19 18 270.9 443.0
19 19 528.9 207.7
19 20 569.3 205.0
19 21 541.7 185.7
19 22 474.6 306.1
19 23 496.8 310.7
19 24 307.1 440.9
19 26 202.6 337.5
19 27 364.2 165.0
19 28 303.7 161.4
19 29 46.2 278.4
19 31 589.5 252.0
19 32 583.8 237.9
19 34 480.8 156.4
19 35 281.7 138.3
19 36 265.1 111.4
19 37 284.6 81.4
19 39 509.2 195.6
19 40 509.8 169.5
19 42 191.6 125.1
19 45 519.9 20.6
19 46 638.6 176.1
19 47 612.7 134.9
19 48 631.6 136.6
19 49 357.8 129.2
19 50 378.7 147.0
19 51 164.3 392.5
19 52 162.1 375.9
20 1 397.0 151.6
20 5 131.3 309.5
20 6 143.3 290.0
20 7 129.7 248.9
20 8 125.7 230.0
20 9 388.3 252.5
20 10 385.3 274.1
20 11 440.2 315.3
20 12 441.7 359.8
20 13 462.5 345.4
20 17 251.3 441.9
20 18 270.9 443.0
20 19 526.1 208.6
20 20 567.0 207.7
20 21 540.5 187.5
20 22 475.7 298.6
20 23 500.7 306.2
20 24 307.1 440.9
20 26 201.2 338.9
20 27 364.2 165.0
20 28 304.5 155.5
20 29 57.5 276.5
20 31 604.4 252.8
20 32 593.7 239.2
20 34 494.7 148.9
20 35 284.9 142.9
20 36 261.2 118.5
20 37 282.4 82.8
20 39 500.3 187.7
20 40 506.3 174.3
20 42 190.7 113.4
20 45 509.0 9.6
20 47 611.1 140.5
20 48 630.5 147.4
20 49 357.8 129.2
20 50 378.7 147.0
20 51 164.3 392.5
20 52 162.1 375.9
21 1 394.0 154.6
21 5 122.9 311.9
21 6 134.6 291.6
21 7 116.5 248.1
21 8 109.4 229.1
21 9 373.4 250.2
21 10 367.2 272.3
21 11 423.3 313.5
21 12 417.5 356.0
21 13 448.5 344.5
21 17 251.3 441.9
21 18 270.9 443.0
21 19 527.3 206.8
21 20 569.8 206.8
21 21 538.0 186.7
21 22 474.0 299.4
21 23 499.9 306.2
21 24 298.1 442.3
21 26 201.9 338.2
21 27 364.2 165.0
21 28 304.6 160.4
21 29 71.6 274.1
21 31 617.7 253.6
21 32 610.2 241.8
21 34 507.2 142.8
21 35 287.5 144.7
21 36 260.4 132.2
21 37 277.2 87.4
21 38 302.4 79.6
21 39 498.6 195.8
21 40 503.2 177.2
21 42 188.4 102.2
21 47 608.2 149.4
21 48 630.2 154.8
21 49 357.8 129.2
21 50 378.7 147.0
21 51 164.3 392.5
21 52 162.1 375.9
22 1 394.1 153.6
22 5 115.3 314.6
22 6 124.3 293.4
22 7 107.0 249.1
22 8 98.0 229.7
22 9 349.3 246.3
22 10 343.2 270.0
22 11 412.0 312.3
22 12 393.1 352.0
22 13 435.6 342.8
22 14 589.6 315.9
22 17 251.3 441.9
22 18 270.9 443.0
22 19 529.6 208.6
22 20 567.0 207.7
22 21 540.9 190.3
22 22 474.8 299.4
22 23 499.7 307.7
22 24 298.1 442.3
22 26 200.6 340.3
22 27 364.2 165.0
22 28 303.7 161.4
22 29 83.1 272.6
22 34 530.6 130.8
22 35 289.4 143.7
22 36 263.3 132.2
22 37 263.3 98.2
22 38 294.3 92.1
22 39 497.1 200.9
22 40 503.6 174.4
22 42 182.8 92.8
22 47 605.4 155.9
22 48 629.8 160.7
22 49 357.8 129.2
22 50 378.7 147.0
22 51 164.3 392.5
22 52 162.1 375.9
23 1 395.6 159.4
23 5 105.2 318.4
23 6 112.9 295.4
23 7 94.5 251.0
23 8 87.5 231.8
23 9 329.2 243.5
23 10 327.9 268.4
23 11 390.6 310.3
23 12 381.8 349.3
23 13 409.1 339.4
23 14 573.1 319.3
23 17 251.3 441.9
23 18 270.9 443.0
23 19 526.1 208.6
23 20 565.6 206.0
23 21 541.7 190.3
23 22 475.6 299.4
23 23 500.2 304.7
23 24 311.3 441.3
23 26 200.3 338.2
23 27 364.2 165.0
23 28 307.3 160.4
23 29 92.6 271.9
23 34 546.7 125.2
23 35 289.2 141.8
23 36 260.2 128.1
23 37 269.3 100.3
23 38 290.8 104.2
23 39 496.6 201.8
23 40 490.9 187.7
23 42 177.3 85.3
23 47 605.7 163.5
23 48 630.7 168.6
23 49 357.8 129.2
23 50 378.7 147.0
23 51 164.3 392.5
23 52 162.1 375.9
24 1 395.1 152.6
24 5 92.0 323.5
24 6 103.0 297.6
24 7 77.6 253.7
24 8 71.9 234.8
24 9 317.9 242.7
24 10 317.2 266.9
24 11 370.2 308.0
24 12 364.0 344.1
24 13 382.3 335.8
24 14 555.8 330.6
24 15 616.1 227.4
24 16 617.0 269.9
24 17 251.3 441.9
24 18 270.9 443.0
24 19 529.1 206.8
24 20 567.9 207.7
24 21 541.4 187.5
24 22 475.6 299.4
24 23 499.9 306.2
24 24 311.3 441.3
24 26 199.5 338.3
24 27 364.2 165.0
24 28 310.1 160.3
24 29 106.4 271.0
24 34 558.7 124.1
24 35 291.4 133.3
24 36 259.1 128.8
24 37 264.6 96.0
24 38 293.2 101.1
24 39 495.8 208.9
24 40 484.5 190.6
24 42 172.9 79.3
24 47 608.1 173.5
24 48 632.6 175.4
24 49 357.8 129.2
24 50 378.7 147.0
24 51 164.3 392.5
24 52 162.1 375.9
25 1 395.9 153.6
25 5 77.4 329.0
25 6 94.9 299.9
25 7 58.7 256.6
25 8 53.1 238.5
25 9 301.9 242.6
25 10 299.5 264.5
25 11 359.4 306.0
25 12 336.5 336.1
25 13 369.1 333.8
25 14 553.7 329.7
25 15 602.0 231.0
25 16 608.2 259.4
25 17 251.3 441.9
25 18 270.9 443.0
25 19 529.7 213.0
25 20 568.7 207.7
25 21 543.0 188.4
25 22 478.1 298.6
25 23 501.8 304.7
25 24 311.3 441.3
25 26 201.7 336.8
25 27 364.2 165.0
25 28 312.8 156.3
25 29 121.2 270.1
25 34 574.4 122.3
25 35 293.8 138.7
25 36 259.5 136.0
25 37 264.9 93.1
25 38 292.6 100.9
25 39 494.3 213.0
25 40 481.7 198.6
25 42 167.4 71.6
25 47 609.6 183.2
25 48 634.1 181.4
25 49 357.8 129.2
25 50 378.7 147.0
25 51 164.3 392.5
25 52 162.1 375.9
