1 1 344.3 149.7
1 2 576.4 95.9
1 3 309.6 149.2
1 4 573.6 363.6
1 5 256.8 240.6
1 6 261.0 267.4
1 7 275.3 281.1
1 8 234.2 317.5
1 9 582.1 130.5
1 10 595.3 267.9
1 11 599.4 291.8
1 19 445.7 228.8
1 20 354.5 297.1
1 21 559.5 210.5
1 22 443.0 253.2
1 23 480.2 256.4
1 24 487.5 229.6
1 25 165.8 338.6
1 26 465.8 183.9
1 29 448.3 307.5
1 30 162.0 31.7
1 31 168.5 171.4
1 32 159.8 188.4
1 33 278.8 221.3
1 34 329.4 203.2
1 35 632.8 92.9
1 38 328.6 294.7
1 39 551.5 162.9
1 40 339.2 163.9
1 41 167.3 392.4
1 42 162.1 375.9
2 1 335.0 152.9
2 2 586.4 83.3
2 3 307.2 141.9
2 4 591.5 363.3
2 5 268.5 239.4
2 6 273.6 267.8
2 7 262.0 283.3
2 8 255.9 319.8
2 9 567.5 108.4
2 10 571.4 271.2
2 11 579.4 292.1
2 19 445.7 228.8
2 20 353.7 295.6
2 21 581.2 213.6
2 22 443.0 253.2
2 23 480.2 256.4
2 24 487.5 229.6
2 25 151.7 339.9
2 26 450.9 185.1
2 29 457.3 311.7
2 30 164.4 33.0
2 31 151.8 172.6
2 32 148.8 192.1
2 33 278.8 222.2
2 34 308.1 201.9
2 35 632.2 93.8
2 38 331.0 296.2
2 39 570.4 167.2
2 40 329.4 172.5
2 41 167.3 392.4
2 42 162.1 375.9
3 1 322.0 155.1
3 2 596.2 72.1
3 3 305.0 132.6
3 5 283.2 237.8
3 6 290.0 268.3
3 7 242.1 285.0
3 8 267.7 321.1
3 9 552.4 82.7
3 10 548.7 274.3
3 11 559.3 292.7
3 19 445.7 228.8
3 20 352.9 297.1
3 21 600.2 206.1
3 22 443.0 253.2
3 23 480.2 256.4
3 24 487.5 229.6
3 25 142.9 340.6
3 26 428.1 187.9
3 27 613.4 234.7
3 29 470.7 312.1
3 30 169.7 33.3
3 31 141.3 176.8
3 32 132.8 198.6
3 33 270.9 220.6
3 34 291.1 197.7
3 35 632.1 94.1
3 38 333.5 297.6
3 39 588.0 176.3
3 40 318.6 178.4
3 41 167.3 392.4
3 42 162.1 375.9
4 1 318.1 148.4
4 2 604.6 63.3
4 3 301.2 124.6
4 5 297.1 236.6
4 6 302.5 268.1
4 7 222.2 286.0
4 8 291.5 323.7
4 9 549.7 69.0
4 10 536.5 276.0
4 11 545.4 294.5
4 12 63.3 340.3
4 19 445.7 228.8
4 20 354.5 297.1
4 21 624.6 208.2
4 22 443.0 253.2
4 23 480.2 256.4
4 24 487.5 229.6
4 25 133.6 341.0
4 26 401.5 191.1
4 27 593.9 248.9
4 29 481.4 319.0
4 30 178.8 32.9
4 31 125.0 184.0
4 32 120.4 203.9
4 33 263.8 219.0
4 34 268.7 196.4
4 35 626.4 99.5
4 37 627.8 64.9
4 38 330.2 297.7
4 39 610.2 183.2
4 40 309.9 173.2
4 41 167.3 392.4
4 42 162.1 375.9
5 1 303.5 153.6
5 2 612.3 53.6
5 3 297.9 119.7
5 5 307.9 236.2
5 6 312.7 266.9
5 7 208.3 284.0
5 8 317.8 326.7
5 9 546.5 47.4
5 10 517.3 278.4
5 11 518.2 298.3
5 12 77.6 333.3
5 19 445.7 228.8
5 20 357.0 296.3
5 22 443.0 253.2
5 23 480.2 256.4
5 24 487.5 229.6
5 25 122.9 341.3
5 26 388.3 192.5
5 27 577.6 260.8
5 29 490.9 323.1
5 30 185.3 33.0
5 31 112.9 188.6
5 32 110.8 208.9
5 33 246.1 214.6
5 34 241.1 188.6
5 35 620.0 105.8
5 37 615.6 79.9
5 38 332.7 297.6
5 39 638.1 180.1
5 40 294.4 174.3
5 41 167.3 392.4
5 42 162.1 375.9
6 1 299.8 155.6
6 2 621.0 46.3
6 3 302.7 119.9
6 5 318.8 236.4
6 6 329.3 264.8
6 7 179.6 279.2
6 8 330.5 328.1
6 9 542.4 19.0
6 10 490.3 281.9
6 11 501.8 300.2
6 12 92.3 326.7
6 19 445.7 228.8
6 20 357.0 296.3
6 22 443.0 253.2
6 23 480.2 256.4
6 24 487.5 229.6
6 25 112.7 341.9
6 26 364.3 194.7
6 27 566.1 269.4
6 29 503.4 327.0
6 30 190.4 33.1
6 31 99.7 192.7
6 32 97.5 216.3
6 33 225.0 215.5
6 34 223.8 189.3
6 35 617.6 108.8
6 36 636.1 117.7
6 37 605.5 86.8
6 38 331.9 296.1
6 40 286.2 176.9
6 41 167.3 392.4
6 42 162.1 375.9
7 1 288.7 153.9
7 2 632.6 41.5
7 3 310.5 122.2
7 5 336.5 236.6
7 6 347.8 262.5
7 7 164.5 277.6
7 8 349.0 330.3
7 10 476.9 283.5
7 11 488.0 301.5
7 12 102.2 324.1
7 13 617.0 219.6
7 19 445.7 228.8
7 20 357.0 296.3
7 22 443.0 253.2
7 23 480.2 256.4
7 24 487.5 229.6
7 25 104.1 343.2
7 26 348.1 197.3
7 27 550.5 280.9
7 29 511.9 326.8
7 30 198.8 31.2
7 31 80.9 198.4
7 32 87.1 220.4
7 33 211.2 215.2
7 34 198.1 190.2
7 35 615.5 111.2
7 36 629.3 125.2
7 37 594.0 94.9
7 38 333.5 298.4
7 40 283.8 179.1
7 41 167.3 392.4
7 42 162.1 375.9
8 1 280.5 151.3
8 3 315.4 123.6
8 5 353.5 237.0
8 6 359.6 261.7
8 7 152.1 277.1
8 8 377.9 333.8
8 10 461.4 282.4
8 11 464.4 304.0
8 12 115.3 322.4
8 13 599.5 216.7
8 19 445.7 228.8
8 20 357.0 296.3
8 22 443.0 253.2
8 23 480.2 256.4
8 24 487.5 229.6
8 25 95.1 345.3
8 26 330.5 203.5
8 27 529.1 290.5
8 29 523.0 329.3
8 30 205.7 29.3
8 31 69.8 201.5
8 32 75.9 223.0
8 33 184.7 214.1
8 34 185.5 191.0
8 35 609.1 116.1
8 36 624.9 130.9
8 37 583.0 101.7
8 38 332.7 299.2
8 40 278.6 179.4
8 41 167.3 392.4
8 42 162.1 375.9
9 1 271.4 153.6
9 3 319.7 124.9
9 5 363.8 237.9
9 6 370.5 261.7
9 7 136.0 276.4
9 8 394.6 335.4
9 10 441.2 279.7
9 11 447.5 304.8
9 12 135.7 319.5
9 13 576.3 212.8
9 19 445.7 228.8
9 20 357.0 296.3
9 22 443.0 253.2
9 23 480.2 256.4
9 24 487.5 229.6
9 25 80.9 348.6
9 26 305.2 212.1
9 27 514.0 302.1
9 29 534.8 330.2
9 30 209.0 28.4
9 31 55.2 205.3
9 32 59.0 227.0
9 33 171.5 216.0
9 34 168.8 191.8
9 35 601.4 122.0
9 36 618.7 136.7
9 37 572.3 106.8
9 38 331.0 297.7
9 40 270.2 178.7
9 41 167.3 392.4
9 42 162.1 375.9
10 1 270.0 150.8
10 3 326.8 127.1
10 5 374.5 238.6
10 6 385.1 261.7
10 7 125.0 277.0
10 8 413.6 340.5
10 10 429.9 279.0
10 11 435.9 303.6
10 12 150.0 318.5
10 13 561.5 210.0
10 19 445.7 228.8
10 20 357.0 296.3
10 22 443.0 253.2
10 23 480.2 256.4
10 24 487.5 229.6
10 25 65.7 352.2
10 26 291.9 215.0
10 27 496.2 314.3
10 29 549.4 334.8
10 30 216.0 26.5
10 31 34.3 210.7
10 32 41.7 231.1
10 33 152.7 221.4
10 34 154.8 193.2
10 35 597.0 126.7
10 36 610.8 142.8
10 37 556.6 114.1
10 38 333.5 297.6
10 40 263.2 179.0
10 41 167.3 392.4
10 42 162.1 375.9
11 1 266.2 150.4
11 3 334.5 129.9
11 5 386.7 239.3
11 6 395.5 261.7
11 7 114.0 278.8
11 8 435.9 340.6
11 10 411.3 278.4
11 11 412.7 301.2
11 12 163.2 319.4
11 13 549.4 207.2
11 14 617.1 206.5
11 19 445.7 228.8
11 20 357.0 296.3
11 22 443.0 253.2
11 23 480.2 256.4
11 24 487.5 229.6
11 25 55.9 354.5
11 26 264.1 219.3
11 27 474.6 317.0
11 29 562.0 338.7
11 31 19.1 214.7
11 32 30.1 233.9
11 33 140.2 225.0
11 34 143.4 195.3
11 35 591.8 130.4
11 36 605.1 148.3
11 37 542.1 120.6
11 38 331.0 300.7
11 40 261.4 179.0
11 41 167.3 392.4
11 42 162.1 375.9
12 1 267.9 148.3
12 3 338.4 132.4
12 5 395.9 241.9
12 6 404.5 265.2
12 7 97.4 281.5
12 8 451.5 338.8
12 10 392.6 277.8
12 11 397.2 298.0
12 12 191.0 321.5
12 13 525.9 201.3
12 14 613.7 194.4
12 19 445.7 228.8
12 20 357.0 296.3
12 22 443.0 253.2
12 23 480.2 256.4
12 24 487.5 229.6
12 26 243.9 223.6
12 27 453.5 322.6
12 28 630.4 171.4
12 29 571.0 341.2
12 33 127.6 228.6
12 34 125.6 198.3
12 35 583.3 133.3
12 36 597.8 152.5
12 37 531.6 124.8
12 38 332.6 300.7
12 40 267.5 177.2
12 41 167.3 392.4
12 42 162.1 375.9
13 1 264.8 159.3
13 3 338.6 134.5
13 5 406.3 247.0
13 6 414.0 272.9
13 7 82.9 283.8
13 8 476.5 340.9
13 10 380.8 272.6
13 11 386.7 292.0
13 12 217.2 323.7
13 13 505.3 196.6
13 14 609.9 182.7
13 19 445.7 228.8
13 20 357.0 296.3
13 22 443.0 253.2
13 23 480.2 256.4
13 24 487.5 229.6
13 26 229.9 229.8
13 27 429.2 323.9
13 28 621.1 155.4
13 29 585.4 345.3
13 33 112.8 232.9
13 34 110.0 201.6
13 35 576.0 135.5
13 36 588.6 155.9
13 37 518.5 130.2
13 38 334.3 301.4
13 40 267.1 184.3
13 41 167.3 392.4
13 42 162.1 375.9
14 1 268.1 151.3
14 3 336.0 136.1
14 5 421.6 255.0
14 6 421.4 278.2
14 7 73.1 284.9
14 8 507.1 338.5
14 10 364.8 257.9
14 11 367.7 280.8
14 12 229.6 325.2
14 13 494.2 195.2
14 14 605.9 174.4
14 15 59.9 321.5
14 19 445.7 228.8
14 20 357.0 296.3
14 22 443.0 253.2
14 23 480.2 256.4
14 24 487.5 229.6
14 26 206.5 240.2
14 27 405.0 321.7
14 28 613.5 145.3
14 33 103.3 236.4
14 34 100.8 205.2
14 35 571.2 136.9
14 36 579.4 159.7
14 37 506.1 135.0
14 38 331.0 301.5
14 40 268.1 185.2
14 41 167.3 392.4
14 42 162.1 375.9
15 1 267.3 154.3
15 3 336.6 136.4
15 5 433.8 260.1
15 6 432.1 285.9
15 7 57.9 286.5
15 8 526.8 339.0
15 10 354.0 251.0
15 11 352.9 272.7
15 12 252.5 328.6
15 13 477.7 193.1
15 14 601.9 165.6
15 15 73.9 317.8
15 19 445.7 228.8
15 20 349.7 297.2
15 22 443.0 253.2
15 23 480.2 256.4
15 24 487.5 229.6
15 26 194.0 243.5
15 27 385.3 322.7
15 28 603.9 135.9
15 33 89.3 242.1
15 34 90.1 210.3
15 35 564.7 138.7
15 36 570.2 162.9
15 37 495.5 138.5
15 38 331.8 302.9
15 40 268.1 186.1
15 41 167.3 392.4
15 42 162.1 375.9
16 1 263.8 157.4
16 3 341.0 135.2
16 5 444.0 262.1
16 6 446.5 295.9
16 7 42.0 288.1
16 8 539.2 338.3
16 10 333.5 238.1
16 11 342.3 268.6
16 12 284.6 333.4
16 13 458.2 190.9
16 14 597.5 154.9
16 15 88.0 313.9
16 19 445.7 228.8
16 20 349.7 297.2
16 22 443.0 253.2
16 23 480.2 256.4
16 24 487.5 229.6
16 26 174.3 246.5
16 27 361.8 323.6
16 28 590.1 122.3
16 33 76.6 247.1
16 34 77.7 216.1
16 35 555.6 141.2
16 36 560.8 165.1
16 37 480.4 143.6
16 38 333.4 304.4
16 40 267.2 185.2
16 41 167.3 392.4
16 42 162.1 375.9
17 1 262.8 157.4
17 3 349.5 132.5
17 5 461.6 265.5
17 6 456.2 298.7
17 8 564.6 336.9
17 10 319.0 229.6
17 11 322.1 261.1
17 12 299.8 335.9
17 13 446.1 191.7
17 14 591.6 147.4
17 15 96.8 310.9
17 16 621.4 209.1
17 19 445.7 228.8
17 20 349.7 297.2
17 22 443.0 253.2
17 23 480.2 256.4
17 24 487.5 229.6
17 26 155.9 248.4
17 27 348.0 322.8
17 28 580.6 114.7
17 33 66.5 250.4
17 34 68.2 219.9
17 35 543.8 144.6
17 36 549.0 167.7
17 37 467.4 147.6
17 38 331.8 305.2
17 40 270.7 183.3
17 41 167.3 392.4
17 42 162.1 375.9
18 1 262.8 156.4
18 3 365.7 128.2
18 5 479.9 268.8
18 6 473.3 300.7
18 8 588.6 335.6
18 10 306.4 223.3
18 11 300.6 252.8
18 12 317.2 339.5
18 13 432.0 194.7
18 14 583.5 141.9
18 15 109.8 305.8
18 16 591.3 201.5
18 19 445.7 228.8
18 20 349.7 297.2
18 22 443.0 253.2
18 23 480.2 256.4
18 24 487.5 229.6
18 26 143.7 247.4
18 27 318.2 320.6
18 28 571.7 109.8
18 33 50.6 255.7
18 34 57.1 223.9
18 35 530.7 148.4
18 36 535.7 170.6
18 37 455.9 150.6
18 38 335.0 305.1
18 40 270.2 191.7
18 41 167.3 392.4
18 42 162.1 375.9
19 1 260.8 154.5
19 3 379.8 123.0
19 5 490.7 269.9
19 6 495.2 303.1
19 10 285.9 213.2
19 11 289.4 247.6
19 12 347.3 345.7
19 13 410.8 199.3
19 14 571.5 133.9
19 15 127.2 298.9
19 16 568.4 197.0
19 19 445.7 228.8
19 20 349.7 297.2
19 22 443.0 253.2
19 23 480.2 256.4
19 24 487.5 229.6
19 26 123.0 245.4
19 27 301.6 319.9
19 28 562.2 104.2
19 33 38.3 259.8
19 34 40.8 229.7
19 35 520.0 150.9
19 36 525.5 172.2
19 37 438.8 155.0
19 38 331.8 311.1
19 40 268.1 185.2
19 41 167.3 392.4
19 42 162.1 375.9
20 1 262.5 167.2
20 3 389.9 116.7
20 5 504.2 270.9
20 6 507.1 302.9
20 10 273.1 213.5
20 11 271.6 234.5
20 12 366.0 348.0
20 13 395.1 202.8
20 14 560.4 126.6
20 15 138.6 295.5
20 16 543.9 197.1
20 19 445.7 228.8
20 20 349.7 297.2
20 22 443.0 253.2
20 23 480.2 256.4
20 24 487.5 229.6
20 26 108.1 244.4
20 27 284.3 320.4
20 28 555.3 96.9
20 34 29.2 233.8
20 35 510.8 152.9
20 36 515.7 173.5
20 37 425.0 158.4
20 38 332.6 306.7
20 40 264.6 188.1
20 41 167.3 392.4
20 42 162.1 375.9
21 1 261.6 167.2
21 3 402.5 108.8
21 5 524.8 272.7
21 6 522.7 300.9
21 10 255.0 199.1
21 11 245.5 226.4
21 12 379.5 345.8
21 13 383.9 205.9
21 14 552.4 121.7
21 15 153.9 292.8
21 16 507.9 197.5
21 19 445.7 228.8
21 20 349.7 297.2
21 22 443.0 253.2
21 23 480.2 256.4
21 24 487.5 229.6
21 26 97.4 244.1
21 27 261.4 321.2
21 28 545.1 85.5
21 35 501.7 155.2
21 36 505.3 174.9
21 37 412.6 160.9
21 38 332.6 308.9
21 40 267.5 190.8
21 41 167.3 392.4
21 42 162.1 375.9
22 1 264.3 151.4
22 3 412.0 101.8
22 5 542.1 273.3
22 6 547.8 297.8
22 10 233.6 188.6
22 11 224.6 214.6
22 12 410.1 340.9
22 13 364.5 211.5
22 14 544.6 116.7
22 15 180.4 288.1
22 16 492.4 197.7
22 17 51.9 323.8
22 19 445.7 228.8
22 20 349.7 297.2
22 22 443.0 253.2
22 23 480.2 256.4
22 24 487.5 229.6
22 26 83.3 243.7
22 27 249.5 322.9
22 28 535.9 74.4
22 35 492.6 156.9
22 36 495.4 176.1
22 37 391.7 164.8
22 38 332.6 308.9
22 40 267.1 184.3
22 41 167.3 392.4
22 42 162.1 375.9
23 1 273.9 139.7
23 3 424.2 91.7
23 5 552.5 271.6
23 6 566.8 295.0
23 10 225.7 179.0
23 11 215.9 205.6
23 12 438.9 335.5
23 13 344.4 217.1
23 14 536.4 111.8
23 15 195.7 284.8
23 16 459.5 198.1
23 17 63.3 321.0
23 19 445.7 228.8
23 20 349.7 297.2
23 22 443.0 253.2
23 23 480.2 256.4
23 24 487.5 229.6
23 26 72.9 244.5
23 27 224.4 327.6
23 28 528.4 64.9
23 35 483.1 157.9
23 36 486.2 177.1
23 37 376.0 168.8
23 38 333.4 308.9
23 40 274.9 173.6
23 41 167.3 392.4
23 42 162.1 375.9
24 1 282.6 137.0
24 3 437.2 81.6
24 5 565.8 268.2
24 6 577.1 292.9
24 10 214.6 162.2
24 11 202.9 189.5
24 12 451.0 331.3
24 13 332.7 219.5
24 14 528.3 107.7
24 15 212.6 279.8
24 16 436.7 198.9
24 17 79.0 317.0
24 18 65.1 349.4
24 19 445.7 228.8
24 20 350.6 291.1
24 22 443.0 253.2
24 23 480.2 256.4
24 24 487.5 229.6
24 26 52.1 247.5
24 27 204.5 331.4
24 28 514.9 50.8
24 35 471.7 159.1
24 36 477.1 177.9
24 37 363.9 174.6
24 38 334.2 309.6
24 40 283.0 173.5
24 41 167.3 392.4
24 42 162.1 375.9
25 1 296.4 132.0
25 3 446.4 76.6
25 5 585.1 263.3
25 6 592.0 289.6
25 10 203.0 143.8
25 11 187.9 169.9
25 12 467.4 323.4
25 13 317.0 222.2
25 14 519.1 103.7
25 15 242.7 270.9
25 16 420.2 201.5
25 17 89.4 314.8
25 18 76.4 347.4
25 19 445.7 228.8
25 20 350.6 291.1
25 22 443.0 253.2
25 23 480.2 256.4
25 24 487.5 229.6
25 26 33.0 250.2
25 27 190.7 334.3
25 28 510.6 37.6
25 35 459.4 160.4
25 36 468.1 178.8
25 37 344.1 184.5
25 38 332.6 308.1
25 40 297.7 174.8
25 41 167.3 392.4
25 42 162.1 375.9
