1 1 460.4 363.3
1 2 465.8 390.0
1 3 146.7 195.0
1 4 284.4 408.3
1 5 277.3 376.7
1 6 345.8 317.5
1 7 639.1 245.8
2 1 480.0 359.2
2 2 480.0 385.0
2 3 148.4 190.8
2 4 300.4 408.3
2 5 295.1 372.5
2 6 379.6 315.8
2 9 61.3 384.2
3 1 500.4 356.7
3 2 497.8 380.8
3 4 317.3 405.8
3 5 312.0 369.2
3 6 411.6 310.8
3 8 639.1 263.3
3 9 87.1 385.0
4 1 518.2 357.5
4 2 517.3 384.2
4 4 334.2 405.8
4 5 329.8 370.8
4 6 448.9 306.7
4 8 639.1 262.5
4 9 113.8 383.3
5 1 536.0 356.7
5 2 532.4 383.3
5 4 351.1 405.0
5 5 345.8 369.2
5 6 486.2 306.7
5 7 639.1 242.5
5 8 635.6 258.3
5 9 141.3 379.2
6 1 552.9 355.0
6 2 548.4 374.2
6 4 368.9 402.5
6 5 364.4 362.5
6 6 520.0 300.8
6 9 168.9 380.0
7 1 570.7 358.3
7 2 566.2 374.2
7 4 385.8 399.2
7 5 382.2 365.0
7 6 551.1 304.2
7 9 197.3 372.5
7 10 636.4 256.7
7 11 30.2 371.7
8 1 585.8 357.5
8 2 583.1 379.2
8 4 405.3 398.3
8 5 399.1 367.5
8 6 582.2 302.5
8 9 226.7 370.0
8 10 639.1 252.5
8 11 63.1 370.0
9 1 602.7 376.7
9 2 600.9 352.5
9 4 421.3 394.2
9 5 416.0 363.3
9 6 617.8 297.5
9 9 255.1 365.0
9 11 94.2 371.7
10 4 436.4 391.7
10 5 431.1 360.0
10 9 275.6 360.8
10 11 125.3 370.8
10 12 629.3 251.7
11 4 458.7 391.7
11 5 448.0 363.3
11 9 307.6 362.5
11 11 154.7 366.7
11 12 622.2 250.8
11 13 637.3 240.8
12 4 470.2 388.3
12 5 462.2 361.7
12 9 333.3 354.2
12 11 184.9 367.5
12 12 617.8 250.8
12 13 637.3 240.8
12 14 62.2 405.8
12 15 56.9 430.0
13 4 487.1 384.2
13 5 480.9 360.0
13 9 358.2 352.5
13 11 216.0 364.2
13 12 630.2 251.7
13 14 81.8 401.7
13 15 78.2 427.5
14 4 504.0 385.0
14 5 497.8 355.0
14 9 384.9 353.3
14 11 257.8 368.3
14 12 634.7 252.5
14 14 101.3 400.8
14 15 97.8 426.7
15 4 517.3 380.8
15 5 512.9 355.0
15 9 410.7 350.8
15 11 279.1 360.0
15 12 618.7 250.8
15 14 122.7 395.0
15 15 119.1 425.8
16 4 529.8 374.2
16 5 528.0 350.8
16 9 432.0 350.8
16 11 322.7 362.5
16 12 630.2 251.7
16 14 142.2 392.5
16 15 137.8 425.0
17 4 549.3 375.0
17 5 543.1 350.0
17 9 454.2 348.3
17 11 353.8 353.3
17 12 632.0 254.2
17 14 162.7 395.0
17 15 155.6 419.2
18 4 566.2 375.0
18 5 559.1 350.8
18 9 474.7 344.2
18 11 383.1 346.7
18 12 634.7 251.7
18 14 182.2 392.5
18 15 175.1 418.3
19 4 582.2 372.5
19 5 574.2 347.5
19 9 498.7 341.7
19 11 413.3 343.3
19 12 617.8 249.2
19 14 208.0 390.0
19 15 196.4 415.8
20 4 599.1 375.0
20 5 588.4 342.5
20 9 519.1 339.2
20 11 440.0 337.5
20 12 621.3 251.7
20 14 229.3 394.2
20 15 215.1 418.3
21 4 616.0 375.8
21 5 603.6 345.0
21 9 539.6 332.5
21 11 465.8 331.7
21 12 621.3 249.2
21 14 248.9 391.7
21 15 236.4 417.5
21 16 21.3 376.7
22 4 632.0 372.5
22 5 622.2 345.8
22 9 557.3 338.3
22 11 490.7 332.5
22 14 267.6 386.7
22 15 257.8 416.7
22 16 51.6 371.7
22 17 636.4 285.8
23 4 639.1 375.0
23 5 636.4 340.8
23 9 570.7 335.8
23 11 512.9 331.7
23 14 288.0 396.7
23 15 280.0 419.2
23 16 82.7 370.8
23 17 608.9 280.8
23 18 616.9 247.5
24 9 589.3 332.5
24 11 533.3 332.5
24 14 305.8 396.7
24 15 297.8 421.7
24 16 111.1 369.2
24 17 576.9 283.3
24 18 624.0 245.0
25 9 610.7 335.8
25 11 556.4 338.3
25 14 328.0 398.3
25 15 320.0 420.8
25 16 139.6 366.7
25 17 543.1 281.7
25 18 617.8 248.3
