1 1 624.9 304.2
1 2 598.2 271.7
1 3 557.3 379.2
1 4 254.2 396.7
1 5 68.4 390.8
1 6 92.4 301.7
1 7 46.2 309.2
2 1 611.6 304.2
2 2 582.2 274.2
2 3 540.4 380.8
2 4 283.6 396.7
2 5 95.1 376.7
2 6 92.4 301.7
2 7 46.2 309.2
3 1 596.4 305.8
3 2 567.1 278.3
3 3 521.8 386.7
3 4 304.9 388.3
3 5 121.8 361.7
3 6 93.3 300.8
3 7 46.2 309.2
4 1 580.4 300.8
4 2 550.2 279.2
4 3 504.0 391.7
4 4 329.8 388.3
4 5 150.2 347.5
4 6 93.3 300.8
4 7 47.1 309.2
5 1 564.4 300.8
5 2 534.2 279.2
5 3 493.3 396.7
5 4 352.9 385.0
5 5 177.8 332.5
5 6 89.8 304.2
5 7 47.1 309.2
6 1 548.4 303.3
6 2 516.4 280.0
6 3 489.8 397.5
6 4 376.0 379.2
6 5 203.6 317.5
6 6 86.2 306.7
6 7 47.1 309.2
7 1 531.6 300.8
7 2 497.8 277.5
7 3 487.1 397.5
7 4 399.1 376.7
7 5 231.1 304.2
7 6 85.3 306.7
7 7 47.1 309.2
8 1 514.7 302.5
8 2 480.9 275.0
8 3 486.2 397.5
8 4 420.4 372.5
8 5 256.0 290.0
8 6 85.3 306.7
8 7 47.1 309.2
9 1 497.8 305.8
9 2 459.6 271.7
9 3 481.8 397.5
9 4 442.7 367.5
9 5 280.9 276.7
9 6 85.3 306.7
9 7 47.1 309.2
10 1 476.4 305.8
10 2 440.0 271.7
10 3 481.8 397.5
10 4 469.3 365.8
10 5 306.7 262.5
10 6 85.3 306.7
10 7 47.1 309.2
11 1 456.0 308.3
11 2 424.0 272.5
11 3 481.8 397.5
11 4 492.4 363.3
11 5 329.8 248.3
11 6 85.3 306.7
11 7 47.1 309.2
12 1 432.9 311.7
12 2 404.4 274.2
12 3 481.8 397.5
12 4 514.7 365.8
12 5 353.8 234.2
12 6 85.3 306.7
12 7 47.1 309.2
13 1 414.2 310.0
13 2 377.8 274.2
13 3 481.8 397.5
13 4 536.0 366.7
13 5 375.1 219.2
13 6 85.3 307.5
13 7 47.1 309.2
14 1 389.3 314.2
14 2 358.2 277.5
14 3 483.6 397.5
14 4 560.0 365.0
14 5 394.7 202.5
14 6 85.3 307.5
14 7 47.1 309.2
15 1 368.9 315.8
15 2 338.7 280.8
15 5 412.4 188.3
15 6 85.3 307.5
15 7 47.1 309.2
16 1 347.6 314.2
16 2 318.2 285.0
16 5 423.1 171.7
16 6 85.3 307.5
16 7 47.1 309.2
17 1 325.3 320.0
17 2 299.6 289.2
17 5 439.1 158.3
17 6 85.3 307.5
17 7 47.1 309.2
18 1 304.0 322.5
18 2 272.9 294.2
18 5 456.9 145.0
18 6 85.3 307.5
18 7 47.1 309.2
19 1 281.8 322.5
19 2 253.3 295.8
19 6 85.3 307.5
19 7 47.1 309.2
20 1 260.4 329.2
20 2 232.0 301.7
20 6 85.3 307.5
20 7 47.1 309.2
21 1 238.2 332.5
21 2 212.4 303.3
21 6 85.3 307.5
21 7 47.1 309.2
22 1 217.8 335.0
22 2 191.1 306.7
22 6 85.3 307.5
22 7 47.1 309.2
23 1 197.3 345.8
23 2 170.7 315.8
23 6 85.3 307.5
23 7 47.1 309.2
24 1 176.0 350.8
24 2 152.0 325.8
24 6 85.3 307.5
24 7 47.1 309.2
25 1 156.4 355.0
25 2 131.6 330.8
25 6 85.3 307.5
25 7 47.1 309.2
25 8 90.7 422.5
