1 1 525.3 263.3
1 2 543.1 293.3
2 1 504.9 265.0
2 2 520.9 294.2
3 1 482.7 265.8
3 2 498.7 295.0
3 3 264.9 218.3
3 4 384.0 172.5
4 1 460.4 269.2
4 2 475.6 295.8
4 3 281.8 216.7
4 4 384.0 172.5
5 1 438.2 270.0
5 2 453.3 298.3
5 3 298.7 215.8
5 4 385.8 172.5
6 1 416.0 270.0
6 2 431.1 297.5
6 3 310.2 212.5
6 4 385.8 173.3
7 1 392.9 275.0
7 2 408.0 298.3
7 4 385.8 174.2
7 5 312.9 205.0
8 1 369.8 275.0
8 2 385.8 302.5
8 4 384.9 175.0
8 5 312.9 196.7
9 1 347.6 275.8
9 2 362.7 304.2
10 1 323.6 278.3
10 2 340.4 310.8
11 1 299.6 275.8
11 2 315.6 315.0
12 1 275.6 278.3
12 2 291.6 315.8
12 6 123.6 267.5
12 7 147.6 195.8
13 1 250.7 280.8
13 2 266.7 320.8
13 6 130.7 264.2
13 7 147.6 195.8
14 1 226.7 280.0
14 2 241.8 316.7
14 6 138.7 260.0
14 7 147.6 195.8
15 1 202.7 283.3
15 2 218.7 316.7
15 6 144.9 258.3
15 7 147.6 195.8
15 8 18.7 301.7
15 9 30.2 333.3
16 1 181.3 287.5
16 2 195.6 310.8
16 6 154.7 257.5
16 7 147.6 195.8
16 8 48.0 301.7
16 9 56.9 333.3
16 10 233.8 196.7
16 11 328.9 186.7
16 12 392.9 190.8
16 13 408.9 224.2
17 1 160.0 285.8
17 2 176.9 310.8
17 6 160.9 255.0
17 7 147.6 195.8
17 8 72.9 309.2
17 9 80.9 335.0
17 10 248.9 215.0
17 11 328.9 186.7
17 12 394.7 191.7
17 13 387.6 235.8
17 14 573.3 295.0
17 15 224.0 415.8
18 1 136.0 286.7
18 2 154.7 305.8
18 6 167.1 248.3
18 7 147.6 195.8
18 8 96.0 316.7
18 9 104.9 341.7
18 10 271.1 243.3
18 11 328.9 186.7
18 12 396.4 191.7
18 13 368.9 248.3
18 14 545.8 298.3
18 15 237.3 415.8
19 1 114.7 285.8
19 2 134.2 301.7
19 6 173.3 241.7
19 7 147.6 195.8
19 8 116.4 312.5
19 9 136.9 340.0
19 10 280.0 265.8
19 11 328.9 186.7
19 12 396.4 191.7
19 13 346.7 255.8
19 14 520.9 302.5
19 15 249.8 418.3
20 1 91.6 281.7
20 2 116.4 302.5
20 6 181.3 243.3
20 7 147.6 195.8
20 8 142.2 313.3
20 9 159.1 340.8
20 10 288.0 289.2
20 11 328.9 186.7
20 12 394.7 190.8
20 13 321.8 257.5
20 14 496.0 307.5
20 15 265.8 419.2
21 1 68.4 282.5
21 2 94.2 302.5
21 7 147.6 195.8
21 8 167.1 319.2
21 9 187.6 342.5
21 10 298.7 313.3
21 11 328.9 186.7
21 12 392.9 189.2
21 13 297.8 262.5
21 14 469.3 309.2
21 16 185.8 250.8
21 17 418.7 181.7
21 18 629.3 308.3
22 7 147.6 195.8
22 8 195.6 320.0
22 9 219.6 345.8
22 10 303.1 338.3
22 11 328.9 186.7
22 12 392.0 188.3
22 13 272.0 263.3
22 14 441.8 311.7
22 16 187.6 243.3
22 17 415.1 199.2
22 18 603.6 310.8
23 7 147.6 195.8
23 8 225.8 322.5
23 9 245.3 347.5
23 10 307.6 362.5
23 11 328.9 186.7
23 12 392.9 188.3
23 13 243.6 271.7
23 14 408.9 310.0
23 16 192.0 240.0
23 17 402.7 215.8
23 18 575.1 316.7
23 19 608.9 236.7
24 7 147.6 195.8
24 8 252.4 325.8
24 9 272.0 348.3
24 10 311.1 388.3
24 11 328.9 186.7
24 12 393.8 189.2
24 13 217.8 275.0
24 14 382.2 304.2
24 16 196.4 244.2
24 17 384.0 224.2
24 18 545.8 315.8
24 19 579.6 243.3
25 7 147.6 195.8
25 8 276.4 327.5
25 9 300.4 348.3
25 10 308.4 410.8
25 11 328.9 180.8
25 12 394.7 190.8
25 13 188.4 275.8
25 14 352.9 302.5
25 16 196.4 240.0
25 17 360.9 227.5
25 18 513.8 315.8
25 19 545.8 245.0
25 20 61.3 324.2
25 21 54.2 348.3
25 22 632.0 307.5
