1 1 199.1 301.7
1 2 140.4 265.8
1 3 256.0 337.5
1 4 353.8 354.2
1 5 475.6 155.8
1 6 491.6 149.2
1 7 528.0 116.7
1 8 403.6 165.8
1 9 72.0 298.3
1 10 12.4 245.8
2 1 168.9 297.5
2 2 112.0 269.2
2 3 275.6 320.0
2 4 386.7 353.3
2 5 475.6 155.8
2 6 491.6 149.2
2 7 536.9 116.7
2 8 403.6 165.8
2 9 44.4 300.8
2 10 13.3 245.8
3 3 302.2 300.0
3 4 417.8 350.0
3 5 475.6 155.8
3 6 491.6 149.2
3 7 542.2 116.7
3 8 403.6 165.8
4 3 321.8 281.7
4 4 447.1 348.3
4 5 475.6 155.8
4 6 491.6 149.2
4 7 552.9 118.3
4 8 403.6 165.8
5 3 344.0 267.5
5 4 481.8 345.8
5 5 475.6 155.8
5 6 491.6 149.2
5 7 576.9 115.0
5 8 403.6 165.8
6 3 361.8 248.3
6 4 507.6 340.0
6 5 475.6 155.8
6 6 491.6 149.2
6 7 593.8 114.2
6 8 403.6 165.8
7 3 381.3 235.8
7 4 541.3 336.7
7 5 475.6 155.8
7 6 491.6 149.2
7 8 403.6 165.8
8 3 404.4 222.5
8 4 565.3 332.5
8 5 475.6 155.8
8 6 491.6 149.2
8 8 403.6 165.8
9 3 428.4 210.8
9 5 475.6 155.8
9 6 491.6 149.2
9 8 403.6 165.8
10 3 452.4 200.8
10 5 475.6 155.8
10 6 491.6 149.2
10 8 403.6 165.8
11 3 474.7 190.0
11 5 475.6 155.8
11 6 491.6 149.2
11 8 403.6 165.8
12 3 494.2 181.7
12 5 475.6 155.8
12 6 491.6 150.0
12 8 403.6 165.8
13 3 518.2 169.2
13 5 475.6 155.8
13 6 491.6 150.0
13 8 403.6 165.8
14 3 531.6 156.7
14 5 475.6 155.8
14 6 491.6 150.0
14 8 403.6 165.8
15 5 475.6 155.8
15 6 491.6 150.0
15 8 403.6 165.8
15 11 576.0 235.8
15 12 579.6 274.2
15 13 620.4 260.0
16 5 475.6 155.8
16 6 491.6 150.0
16 8 403.6 165.8
16 11 541.3 235.0
16 12 570.7 278.3
16 13 605.3 255.8
17 5 475.6 155.8
17 6 491.6 150.0
17 8 403.6 165.8
17 11 504.0 237.5
17 12 558.2 280.0
17 13 586.7 250.8
18 5 475.6 155.8
18 6 491.6 150.0
18 8 403.6 165.8
18 11 468.4 242.5
18 12 540.4 280.0
18 13 562.7 251.7
18 14 364.4 412.5
18 15 363.6 371.7
18 16 202.7 400.8
19 5 475.6 155.8
19 6 491.6 150.0
19 8 408.0 162.5
19 11 431.1 245.0
19 12 519.1 283.3
19 13 536.0 253.3
19 14 392.0 410.8
19 15 386.7 370.8
19 16 236.4 392.5
20 5 475.6 155.8
20 6 491.6 150.0
20 8 403.6 165.8
20 11 394.7 250.8
20 12 495.1 285.0
20 13 509.3 255.8
20 14 411.6 405.8
20 15 408.9 369.2
20 16 269.3 386.7
21 5 475.6 155.8
21 6 491.6 150.0
21 8 403.6 165.8
21 11 358.2 254.2
21 12 466.7 284.2
21 13 481.8 258.3
21 14 432.9 404.2
21 15 431.1 365.8
21 16 304.9 380.0
22 5 475.6 155.8
22 6 491.6 150.0
22 8 408.0 160.8
22 11 321.8 258.3
22 12 438.2 287.5
22 13 451.6 259.2
22 14 455.1 402.5
22 15 453.3 365.0
22 16 340.4 373.3
23 5 475.6 155.8
23 6 491.6 150.0
23 8 409.8 162.5
23 11 281.8 261.7
23 12 409.8 285.8
23 13 420.4 260.0
23 14 476.4 397.5
23 15 473.8 365.0
23 16 376.9 370.8
24 5 475.6 155.8
24 6 491.6 150.0
24 8 403.6 165.8
24 11 241.8 270.8
24 12 377.8 286.7
24 13 388.4 260.8
24 14 498.7 395.8
24 15 496.0 363.3
24 16 412.4 362.5
24 17 90.7 309.2
24 18 163.6 390.0
25 5 475.6 155.0
25 6 491.6 149.2
25 8 403.6 165.8
25 11 199.1 270.8
25 12 344.9 289.2
25 13 352.0 261.7
25 14 520.9 394.2
25 15 519.1 363.3
25 16 451.6 354.2
25 17 124.4 313.3
25 18 196.4 388.3
