1 1 28.4 406.7
1 2 398.2 371.7
1 3 61.3 351.7
1 4 85.3 307.5
1 5 41.8 305.8
1 6 367.1 321.7
1 7 442.7 328.3
1 8 121.8 288.3
1 9 128.0 264.2
1 10 142.2 232.5
2 2 397.3 372.5
2 4 84.4 306.7
2 5 41.8 306.7
2 6 335.1 326.7
2 7 414.2 328.3
2 8 144.0 297.5
2 9 153.8 264.2
2 10 147.6 230.0
3 2 395.6 372.5
3 4 85.3 307.5
3 5 41.8 306.7
3 6 305.8 334.2
3 7 388.4 329.2
3 8 166.2 300.0
3 9 174.2 266.7
3 10 145.8 231.7
4 2 393.8 373.3
4 4 84.4 309.2
4 5 41.8 306.7
4 6 272.0 339.2
4 7 363.6 334.2
4 8 188.4 296.7
4 9 194.7 267.5
4 10 146.7 231.7
5 2 393.8 374.2
5 4 85.3 308.3
5 5 41.8 306.7
5 6 242.7 347.5
5 7 336.9 339.2
5 8 219.6 297.5
5 9 219.6 267.5
5 10 142.2 232.5
5 11 593.8 328.3
5 12 47.1 346.7
6 2 393.8 375.0
6 4 84.4 307.5
6 5 41.8 306.7
6 6 211.6 351.7
6 7 303.1 342.5
6 8 240.0 298.3
6 9 240.9 266.7
6 10 145.8 228.3
6 11 569.8 331.7
6 12 69.3 345.8
6 13 161.8 410.8
7 2 393.8 375.8
7 4 83.6 305.8
7 5 41.8 306.7
7 6 184.0 358.3
7 7 272.0 349.2
7 8 264.0 294.2
7 9 265.8 268.3
7 10 142.2 232.5
7 11 545.8 337.5
7 12 95.1 339.2
7 13 155.6 410.8
8 2 392.9 375.8
8 4 82.7 306.7
8 5 41.8 306.7
8 6 153.8 368.3
8 7 241.8 353.3
8 8 291.6 295.0
8 9 289.8 268.3
8 10 142.2 232.5
8 11 521.8 341.7
8 12 122.7 332.5
8 13 160.9 410.8
9 2 392.0 373.3
9 4 85.3 308.3
9 5 41.8 306.7
9 6 123.6 374.2
9 7 212.4 356.7
9 8 315.6 291.7
9 9 310.2 268.3
9 10 142.2 232.5
9 11 498.7 343.3
9 12 149.3 322.5
9 13 176.9 406.7
10 2 392.0 368.3
10 4 81.8 308.3
10 5 41.8 306.7
10 6 92.4 381.7
10 7 183.1 363.3
10 8 340.4 286.7
10 9 333.3 270.0
10 10 142.2 232.5
10 11 474.7 345.0
10 12 179.6 315.0
10 14 31.1 342.5
10 15 197.3 409.2
11 4 87.1 311.7
11 5 41.8 306.7
11 6 63.1 386.7
11 7 152.0 366.7
11 8 365.3 290.0
11 9 357.3 269.2
11 10 142.2 232.5
11 11 451.6 338.3
11 12 208.0 307.5
11 14 61.3 346.7
11 15 216.9 412.5
11 16 391.1 362.5
12 4 84.4 308.3
12 5 41.8 306.7
12 6 29.3 382.5
12 7 120.0 376.7
12 8 383.1 294.2
12 9 377.8 265.0
12 10 142.2 232.5
12 11 431.1 331.7
12 12 237.3 305.8
12 14 99.6 343.3
12 15 247.1 405.8
12 16 386.7 359.2
13 4 84.4 305.8
13 5 41.8 306.7
13 7 88.0 382.5
13 8 407.1 291.7
13 9 402.7 263.3
13 10 142.2 232.5
13 11 408.0 324.2
13 12 265.8 303.3
13 14 128.9 340.0
13 15 271.1 408.3
13 16 375.1 356.7
14 4 87.1 311.7
14 5 41.8 306.7
14 8 433.8 289.2
14 9 423.1 257.5
14 10 142.2 232.5
14 11 385.8 315.0
14 12 294.2 299.2
14 14 161.8 335.8
14 15 297.8 410.8
14 16 367.1 352.5
15 4 87.1 311.7
15 5 41.8 306.7
15 8 451.6 290.0
15 9 446.2 258.3
15 10 142.2 232.5
15 11 366.2 312.5
15 12 320.9 295.8
15 14 193.8 326.7
15 15 325.3 405.0
15 16 359.1 343.3
16 4 87.1 311.7
16 5 41.8 306.7
16 8 475.6 285.0
16 9 468.4 260.0
16 10 142.2 232.5
16 11 341.3 314.2
16 12 347.6 285.0
16 14 224.0 319.2
16 15 348.4 403.3
16 16 352.9 342.5
17 4 87.1 311.7
17 5 41.8 306.7
17 8 496.9 284.2
17 9 488.9 259.2
17 10 142.2 232.5
17 11 314.7 314.2
17 12 374.2 283.3
17 14 255.1 308.3
17 15 370.7 399.2
17 16 349.3 340.0
18 4 85.3 307.5
18 5 41.8 306.7
18 8 520.9 284.2
18 9 512.9 256.7
18 10 144.0 231.7
18 11 291.6 324.2
18 12 400.9 284.2
18 14 285.3 295.8
18 15 392.9 401.7
18 16 345.8 341.7
19 4 87.1 311.7
19 5 41.8 306.7
19 8 550.2 282.5
19 9 540.4 259.2
19 10 142.2 232.5
19 11 264.9 330.0
19 12 427.6 285.0
19 14 316.4 289.2
19 15 420.4 396.7
19 16 340.4 337.5
20 4 84.4 305.0
20 5 41.8 306.7
20 8 565.3 282.5
20 9 556.4 255.8
20 10 145.8 232.5
20 11 234.7 340.0
20 12 455.1 287.5
20 14 352.0 280.8
20 15 447.1 389.2
20 16 333.3 325.8
21 4 87.1 311.7
21 5 41.8 306.7
21 8 596.4 283.3
21 9 579.6 254.2
21 10 142.2 232.5
21 11 210.7 349.2
21 12 486.2 290.0
21 14 378.7 279.2
21 15 469.3 384.2
21 16 326.2 317.5
22 4 87.1 311.7
22 5 41.8 306.7
22 8 617.8 283.3
22 9 600.0 256.7
22 10 142.2 232.5
22 11 181.3 354.2
22 12 510.2 293.3
22 14 410.7 282.5
22 16 315.6 306.7
23 4 87.1 311.7
23 5 41.8 306.7
23 10 142.2 232.5
23 11 152.9 357.5
23 12 536.9 295.8
23 14 443.6 282.5
23 16 307.6 295.8
24 4 87.1 311.7
24 5 41.8 306.7
24 10 142.2 232.5
24 11 123.6 360.0
24 16 299.6 285.0
25 4 87.1 311.7
25 5 41.8 306.7
25 10 142.2 232.5
25 11 94.2 360.0
25 16 290.7 276.7
