1 1 456.0 228.3
1 2 149.3 211.7
1 3 557.3 190.0
1 4 583.1 191.7
1 5 560.0 345.0
1 6 575.1 375.0
1 7 98.7 313.3
1 8 595.6 280.8
1 9 430.2 271.7
1 10 234.7 361.7
1 11 232.9 395.8
1 12 388.4 402.5
2 1 462.2 225.0
2 2 149.3 211.7
2 3 557.3 189.2
2 4 583.1 191.7
2 5 579.6 345.0
2 6 593.8 373.3
2 7 67.6 317.5
2 8 595.6 280.8
2 9 464.0 269.2
2 10 259.6 356.7
2 11 263.1 390.0
2 12 408.0 390.8
2 13 8.9 400.0
3 1 465.8 217.5
3 2 149.3 211.7
3 3 558.2 188.3
3 4 583.1 191.7
3 5 603.6 340.8
3 6 614.2 372.5
3 7 33.8 317.5
3 8 595.6 280.8
3 9 496.9 264.2
3 10 285.3 354.2
3 11 286.2 383.3
3 12 426.7 395.0
3 13 32.9 388.3
4 2 149.3 211.7
4 3 556.4 188.3
4 4 583.1 191.7
4 8 595.6 280.8
4 9 528.0 259.2
4 10 312.0 350.0
4 11 312.9 381.7
4 12 445.3 393.3
4 13 55.1 384.2
4 14 283.6 411.7
5 2 149.3 211.7
5 3 560.0 195.0
5 4 583.1 191.7
5 8 595.6 280.8
5 9 554.7 255.0
5 10 340.4 348.3
5 11 342.2 378.3
5 12 464.0 388.3
5 13 76.4 376.7
5 14 274.7 395.0
5 15 42.7 281.7
5 16 54.2 259.2
6 2 149.3 211.7
6 3 557.3 189.2
6 4 584.9 188.3
6 8 595.6 280.8
6 9 589.3 250.8
6 10 365.3 348.3
6 11 367.1 376.7
6 12 481.8 387.5
6 13 98.7 365.0
6 14 276.4 375.8
6 15 74.7 279.2
6 16 86.2 257.5
6 17 617.8 308.3
7 2 149.3 211.7
7 3 556.4 189.2
7 4 583.1 191.7
7 8 595.6 280.8
7 9 615.1 243.3
7 10 391.1 345.8
7 11 390.2 376.7
7 12 499.6 386.7
7 13 122.7 363.3
7 14 274.7 360.8
7 15 111.1 285.8
7 16 118.2 259.2
7 17 592.9 314.2
8 2 149.3 211.7
8 3 560.0 195.0
8 4 583.1 191.7
8 8 595.6 280.8
8 10 416.9 347.5
8 11 418.7 379.2
8 12 519.1 385.0
8 13 140.4 359.2
8 14 267.6 345.8
8 15 144.0 285.0
8 16 151.1 257.5
8 17 558.2 314.2
9 2 149.3 211.7
9 3 560.0 195.0
9 4 583.1 191.7
9 8 595.6 280.8
9 10 445.3 345.0
9 11 452.4 376.7
9 12 535.1 384.2
9 13 157.3 353.3
9 14 266.7 332.5
9 15 177.8 275.0
9 16 185.8 251.7
9 17 529.8 315.0
10 2 149.3 211.7
10 3 560.0 195.0
10 4 583.1 191.7
10 8 595.6 280.8
10 10 472.0 343.3
10 11 478.2 379.2
10 12 557.3 390.8
10 13 173.3 351.7
10 14 268.4 319.2
10 15 212.4 271.7
10 16 218.7 250.8
10 17 496.9 313.3
11 2 149.3 211.7
11 3 557.3 189.2
11 4 583.1 191.7
11 8 595.6 280.8
11 10 496.0 342.5
11 11 509.3 380.8
11 12 576.0 389.2
11 13 187.6 348.3
11 14 266.7 308.3
11 15 245.3 267.5
11 16 256.9 245.0
11 17 465.8 316.7
12 2 150.2 215.0
12 3 556.4 190.8
12 4 583.1 191.7
12 8 595.6 280.8
12 10 515.6 342.5
12 11 523.6 380.8
12 12 594.7 390.0
12 13 201.8 344.2
12 14 258.7 295.8
12 15 281.8 261.7
12 16 284.4 242.5
12 17 435.6 317.5
12 18 222.2 412.5
13 2 150.2 215.0
13 3 560.0 195.0
13 4 583.1 191.7
13 8 594.7 280.8
13 10 545.8 337.5
13 11 557.3 377.5
13 12 608.0 390.8
13 13 214.2 345.8
13 14 256.0 281.7
13 15 314.7 254.2
13 16 317.3 235.8
13 17 404.4 313.3
13 18 254.2 406.7
14 2 150.2 215.0
14 3 560.0 195.0
14 4 583.1 191.7
14 8 592.9 275.0
14 13 227.6 350.0
14 14 257.8 266.7
14 15 353.8 255.8
14 16 351.1 234.2
14 17 368.0 315.8
14 18 287.1 410.0
15 2 150.2 215.0
15 3 554.7 190.8
15 4 583.1 191.7
15 8 592.0 274.2
15 13 242.7 354.2
15 14 256.0 252.5
15 15 387.6 253.3
15 16 384.0 231.7
15 17 335.1 311.7
15 18 320.0 401.7
16 2 150.2 212.5
16 3 557.3 189.2
16 4 583.1 191.7
16 13 256.0 355.8
16 14 248.0 230.8
16 15 415.1 253.3
16 16 418.7 230.0
16 17 298.7 314.2
16 18 350.2 400.0
17 2 150.2 206.7
17 3 553.8 188.3
17 4 583.1 191.7
17 13 272.9 366.7
17 14 254.2 220.0
17 15 446.2 252.5
17 16 447.1 230.8
17 17 268.4 314.2
17 18 378.7 402.5
17 19 574.2 308.3
17 20 579.6 257.5
17 21 592.9 273.3
18 2 150.2 203.3
18 3 560.0 195.0
18 4 583.1 191.7
18 13 286.2 369.2
18 14 250.7 207.5
18 15 474.7 250.8
18 16 482.7 229.2
18 17 226.7 314.2
18 18 407.1 395.8
18 19 542.2 306.7
18 20 556.4 259.2
18 21 598.2 269.2
19 2 150.2 203.3
19 3 552.9 191.7
19 4 583.1 191.7
19 13 301.3 366.7
19 14 246.2 195.0
19 15 502.2 244.2
19 16 513.8 223.3
19 17 192.0 316.7
19 18 439.1 395.8
19 19 512.9 309.2
19 20 534.2 267.5
19 21 600.9 267.5
20 2 150.2 203.3
20 3 560.0 194.2
20 4 583.1 191.7
20 13 311.1 367.5
20 14 245.3 184.2
20 15 528.9 243.3
20 16 538.7 229.2
20 17 156.4 316.7
20 18 466.7 395.8
20 19 485.3 311.7
20 20 507.6 271.7
20 21 597.3 265.8
21 2 158.2 202.5
21 3 564.4 190.8
21 4 586.7 188.3
21 13 324.4 368.3
21 14 247.1 178.3
21 15 558.2 246.7
21 16 574.2 223.3
21 17 120.9 320.0
21 18 497.8 393.3
21 19 458.7 314.2
21 20 476.4 277.5
21 21 594.7 266.7
22 2 155.6 200.0
22 3 568.0 186.7
22 4 590.2 184.2
22 13 333.3 365.8
22 14 247.1 178.3
22 15 586.7 245.8
22 16 598.2 222.5
22 17 87.1 322.5
22 18 526.2 390.8
22 19 429.3 319.2
22 20 443.6 281.7
22 21 593.8 267.5
23 2 157.3 199.2
23 3 568.0 180.0
23 4 590.2 178.3
23 13 339.6 365.0
23 14 247.1 178.3
23 15 615.1 244.2
23 16 630.2 220.0
23 17 51.6 324.2
23 18 556.4 392.5
23 19 398.2 318.3
23 20 411.6 282.5
23 21 593.8 265.8
24 2 162.7 188.3
24 13 348.4 365.8
24 18 584.0 385.0
24 19 367.1 317.5
24 20 378.7 284.2
25 2 164.4 179.2
25 18 607.1 383.3
25 19 336.0 318.3
25 20 345.8 285.0
25 22 363.6 358.3
