1 1 352.0 405.0
1 2 346.7 431.7
1 3 169.8 367.5
1 4 513.8 283.3
2 3 200.0 365.0
2 4 481.8 286.7
3 3 227.6 364.2
3 4 448.0 289.2
3 5 320.0 224.2
4 3 257.8 365.0
4 4 415.1 295.8
4 5 320.0 248.3
4 6 567.1 295.8
5 3 289.8 364.2
5 4 381.3 299.2
5 5 314.7 273.3
5 6 539.6 296.7
6 3 316.4 367.5
6 4 352.0 300.0
6 5 306.7 302.5
6 6 510.2 302.5
7 3 344.9 366.7
7 4 327.1 303.3
7 5 301.3 331.7
7 6 483.6 305.8
8 3 373.3 364.2
8 4 293.3 304.2
8 5 293.3 358.3
8 6 465.8 310.8
9 3 402.7 363.3
9 4 260.4 307.5
9 5 289.8 385.0
9 6 433.8 317.5
10 3 431.1 358.3
10 4 222.2 313.3
10 5 293.3 416.7
10 6 408.9 321.7
10 7 601.8 379.2
11 3 457.8 353.3
11 4 189.3 313.3
11 7 574.2 375.0
11 8 394.7 336.7
12 3 487.1 347.5
12 4 155.6 320.0
12 7 549.3 376.7
12 8 377.8 354.2
13 3 513.8 340.0
13 4 117.3 328.3
13 7 526.2 379.2
13 8 364.4 375.8
14 3 541.3 337.5
14 4 83.6 327.5
14 7 500.4 379.2
14 8 356.4 399.2
15 3 568.0 335.0
15 4 51.6 328.3
15 7 474.7 380.8
15 8 346.7 423.3
15 9 625.8 272.5
16 3 592.9 333.3
16 7 448.9 380.8
16 9 596.4 277.5
17 3 616.9 326.7
17 7 422.2 380.8
17 9 571.6 281.7
18 7 395.6 385.0
18 9 544.9 285.8
19 7 367.1 386.7
19 9 519.1 297.5
20 7 339.6 389.2
20 9 492.4 303.3
21 7 312.9 389.2
21 9 466.7 309.2
22 7 284.4 385.0
22 9 440.9 318.3
23 7 256.0 381.7
23 9 413.3 320.0
24 7 228.4 374.2
24 9 384.9 325.0
25 7 200.9 368.3
25 9 355.6 325.0
25 10 42.7 401.7
