1 1 451.6 245.8
1 2 412.4 357.5
1 3 400.0 380.0
1 4 148.4 204.2
1 5 440.9 298.3
1 6 445.3 325.8
1 7 495.1 282.5
1 8 584.9 280.8
1 9 584.9 255.0
2 1 448.9 248.3
2 2 437.3 358.3
2 3 423.1 384.2
2 4 148.4 204.2
2 5 414.2 302.5
2 6 418.7 325.8
2 7 456.9 280.0
2 8 565.3 288.3
2 9 557.3 258.3
3 1 448.9 248.3
3 2 459.6 355.8
3 3 447.1 385.0
3 4 148.4 204.2
3 5 386.7 304.2
3 6 392.9 330.8
3 7 428.4 273.3
3 8 541.3 294.2
3 9 533.3 264.2
4 1 448.9 248.3
4 2 483.6 360.8
4 3 471.1 382.5
4 4 148.4 204.2
4 5 361.8 309.2
4 6 368.0 335.8
4 7 392.0 264.2
4 8 517.3 300.0
4 9 511.1 269.2
5 1 448.9 248.3
5 2 504.9 360.8
5 3 495.1 389.2
5 4 148.4 204.2
5 5 335.1 312.5
5 6 341.3 338.3
5 7 359.1 260.8
5 8 493.3 303.3
5 9 485.3 275.8
6 1 448.9 248.3
6 4 148.4 204.2
6 5 308.4 312.5
6 6 314.7 344.2
6 7 326.2 256.7
6 8 468.4 305.8
6 9 455.1 282.5
6 10 161.8 394.2
6 11 157.3 431.7
7 1 448.9 248.3
7 4 148.4 204.2
7 5 284.4 316.7
7 6 288.9 345.8
7 7 296.9 255.8
7 8 442.7 320.0
7 9 434.7 280.0
7 10 188.4 391.7
7 11 183.1 431.7
7 12 565.3 193.3
7 13 587.6 189.2
8 1 448.9 248.3
8 4 148.4 204.2
8 5 260.4 320.8
8 6 262.2 346.7
8 7 264.9 252.5
8 8 413.3 313.3
8 9 407.1 283.3
8 10 214.2 389.2
8 11 211.6 430.0
8 12 565.3 193.3
8 13 587.6 189.2
9 1 448.9 248.3
9 4 148.4 204.2
9 5 234.7 321.7
9 6 234.7 348.3
9 7 224.9 254.2
9 8 385.8 316.7
9 9 381.3 285.8
9 10 240.0 390.0
9 11 239.1 430.8
9 12 565.3 193.3
9 13 587.6 189.2
9 14 554.7 310.0
9 15 568.9 334.2
10 1 449.8 244.2
10 4 148.4 204.2
10 5 202.7 325.0
10 6 203.6 347.5
10 7 200.0 257.5
10 8 358.2 317.5
10 9 357.3 285.8
10 10 265.8 385.0
10 11 264.9 430.8
10 12 565.3 193.3
10 13 587.6 189.2
10 14 528.9 307.5
10 15 539.6 330.0
10 16 530.7 255.8
11 1 449.8 244.2
11 4 148.4 204.2
11 5 175.1 325.0
11 6 178.7 348.3
11 7 168.0 263.3
11 8 330.7 318.3
11 9 325.3 286.7
11 10 291.6 384.2
11 11 291.6 420.0
11 12 565.3 193.3
11 13 587.6 189.2
11 14 493.3 311.7
11 15 511.1 336.7
11 16 494.2 260.8
11 17 569.8 268.3
11 18 584.0 300.0
11 19 589.3 326.7
12 1 448.0 240.0
12 4 148.4 204.2
12 5 148.4 325.8
12 6 150.2 353.3
12 7 123.6 269.2
12 8 302.2 320.8
12 9 301.3 286.7
12 10 317.3 383.3
12 11 319.1 408.3
12 12 565.3 193.3
12 13 587.6 189.2
12 14 466.7 307.5
12 15 482.7 337.5
12 16 456.0 265.0
12 17 549.3 269.2
12 18 562.7 300.8
12 19 567.1 328.3
12 20 332.4 196.7
13 1 447.1 238.3
13 4 148.4 204.2
13 5 121.8 330.8
13 6 119.1 355.8
13 7 91.6 276.7
13 8 273.8 321.7
13 9 272.0 287.5
13 10 344.0 380.0
13 11 344.9 399.2
13 12 565.3 193.3
13 13 587.6 189.2
13 14 438.2 307.5
13 15 451.6 342.5
13 16 416.0 264.2
13 17 529.8 271.7
13 18 542.2 304.2
13 19 546.7 330.0
13 20 332.4 196.7
14 1 452.4 239.2
14 4 148.4 204.2
14 5 101.3 333.3
14 6 96.0 360.8
14 7 56.9 282.5
14 8 244.4 325.8
14 9 242.7 288.3
14 10 370.7 382.5
14 11 361.8 399.2
14 12 565.3 193.3
14 13 587.6 189.2
14 14 410.7 305.8
14 15 421.3 342.5
14 16 379.6 260.8
14 17 511.1 273.3
14 18 522.7 305.8
14 19 524.4 335.8
14 20 339.6 185.0
15 1 457.8 237.5
15 4 148.4 204.2
15 5 71.1 333.3
15 6 71.1 362.5
15 7 20.4 294.2
15 8 215.1 327.5
15 9 206.2 291.7
15 10 396.4 380.0
15 11 387.6 402.5
15 12 565.3 193.3
15 13 587.6 189.2
15 14 383.1 308.3
15 15 389.3 342.5
15 16 342.2 261.7
15 17 488.9 274.2
15 18 500.4 306.7
15 19 500.4 335.8
15 20 344.0 184.2
16 1 456.0 240.8
16 4 148.4 204.2
16 5 42.7 334.2
16 6 44.4 363.3
16 8 186.7 330.0
16 9 187.6 295.0
16 10 420.4 378.3
16 11 416.0 403.3
16 12 565.3 193.3
16 13 587.6 189.2
16 14 356.4 307.5
16 15 356.4 340.8
16 16 308.4 263.3
16 17 465.8 280.8
16 18 479.1 309.2
16 19 477.3 335.8
16 20 353.8 181.7
16 21 204.4 415.0
17 1 464.0 231.7
17 4 148.4 204.2
17 5 12.4 336.7
17 6 16.0 367.5
17 8 156.4 333.3
17 9 146.7 297.5
17 10 444.4 378.3
17 11 442.7 406.7
17 12 565.3 193.3
17 13 587.6 189.2
17 14 326.2 309.2
17 15 321.8 340.0
17 16 271.1 267.5
17 17 442.7 282.5
17 18 455.1 310.0
17 19 453.3 336.7
17 20 360.9 180.8
17 21 239.1 406.7
18 1 460.4 235.8
18 4 148.4 204.2
18 8 120.9 328.3
18 9 115.6 300.0
18 10 469.3 372.5
18 11 471.1 402.5
18 12 565.3 193.3
18 13 587.6 189.2
18 14 294.2 312.5
18 15 290.7 345.0
18 16 228.4 262.5
18 17 416.9 281.7
18 18 432.0 309.2
18 19 429.3 335.0
18 20 373.3 168.3
18 21 273.8 405.0
19 1 452.4 237.5
19 4 148.4 204.2
19 8 93.3 332.5
19 9 88.0 298.3
19 10 495.1 370.8
19 11 497.8 399.2
19 12 565.3 193.3
19 13 587.6 189.2
19 14 263.1 311.7
19 15 260.4 348.3
19 16 202.7 277.5
19 17 397.3 283.3
19 18 408.0 310.8
19 19 406.2 336.7
19 20 377.8 160.8
19 21 307.6 403.3
20 1 451.6 240.0
20 4 148.4 204.2
20 8 64.9 334.2
20 9 54.2 298.3
20 10 518.2 366.7
20 11 524.4 399.2
20 12 565.3 193.3
20 13 587.6 189.2
20 14 232.9 315.0
20 15 229.3 350.8
20 16 161.8 289.2
20 17 369.8 285.8
20 18 384.0 309.2
20 19 381.3 340.0
20 20 384.9 167.5
20 21 337.8 401.7
20 22 617.8 297.5
20 23 385.8 129.2
21 1 454.2 234.2
21 4 152.0 205.0
21 8 32.9 332.5
21 9 25.8 305.0
21 10 542.2 360.0
21 11 548.4 398.3
21 12 565.3 193.3
21 13 587.6 189.2
21 14 201.8 315.8
21 15 198.2 353.3
21 16 128.0 294.2
21 17 346.7 283.3
21 18 360.0 308.3
21 19 355.6 340.8
21 20 393.8 168.3
21 21 371.6 401.7
21 22 595.6 302.5
21 23 384.9 131.7
22 1 453.3 235.8
22 4 152.0 205.8
22 10 567.1 357.5
22 11 568.9 395.8
22 12 565.3 193.3
22 13 587.6 189.2
22 14 171.6 315.0
22 15 167.1 351.7
22 16 97.8 302.5
22 17 322.7 285.0
22 18 335.1 310.8
22 19 331.6 344.2
22 20 399.1 169.2
22 21 408.0 405.0
22 22 571.6 309.2
22 23 384.9 131.7
23 1 455.1 235.0
23 4 146.7 205.8
23 10 593.8 348.3
23 11 599.1 396.7
23 12 565.3 193.3
23 13 587.6 189.2
23 14 140.4 318.3
23 15 135.1 350.8
23 16 64.9 315.0
23 17 296.9 290.0
23 18 310.2 313.3
23 19 306.7 345.8
23 20 414.2 155.0
23 21 445.3 413.3
23 22 546.7 314.2
23 23 384.9 128.3
24 1 452.4 235.0
24 4 143.1 205.8
24 10 617.8 347.5
24 11 620.4 388.3
24 12 565.3 193.3
24 13 587.6 189.2
24 14 109.3 318.3
24 15 104.0 350.8
24 17 270.2 287.5
24 18 286.2 315.8
24 19 282.7 345.8
24 20 421.3 152.5
24 21 476.4 410.0
24 22 522.7 319.2
24 23 384.9 131.7
24 24 14.2 398.3
24 25 4.4 425.0
25 1 453.3 235.0
25 4 141.3 206.7
25 12 565.3 193.3
25 13 587.6 189.2
25 14 75.6 319.2
25 15 65.8 356.7
25 17 245.3 288.3
25 18 261.3 318.3
25 19 256.9 350.0
25 20 430.2 153.3
25 21 512.0 411.7
25 22 497.8 323.3
25 23 384.9 131.7
25 24 29.3 395.8
25 25 28.4 427.5
