1 1 427.6 174.2
1 2 24.0 347.5
1 3 127.1 320.0
1 4 323.6 332.5
1 5 433.8 402.5
1 6 147.6 175.0
1 7 86.2 184.2
1 8 320.9 174.2
1 9 591.1 195.0
1 10 54.2 291.7
1 11 549.3 295.0
1 12 40.9 271.7
2 1 427.6 174.2
2 2 1.8 348.3
2 3 95.1 323.3
2 4 337.8 325.8
2 6 147.6 175.0
2 7 86.2 184.2
2 8 320.9 174.2
2 9 591.1 195.0
2 10 70.2 280.8
2 11 520.0 293.3
2 12 62.2 271.7
3 1 427.6 174.2
3 3 66.7 323.3
3 4 354.7 323.3
3 6 147.6 175.0
3 7 82.7 184.2
3 8 320.9 174.2
3 9 591.1 195.0
3 10 88.9 280.0
3 11 491.6 290.8
3 12 80.9 268.3
3 13 502.2 390.8
4 1 427.6 174.2
4 3 38.2 326.7
4 4 367.1 324.2
4 6 147.6 175.0
4 7 79.1 183.3
4 8 320.9 174.2
4 9 591.1 195.0
4 10 109.3 281.7
4 11 462.2 286.7
4 12 99.6 261.7
4 13 541.3 386.7
5 1 427.6 174.2
5 3 11.6 325.8
5 4 383.1 323.3
5 6 147.6 175.0
5 7 76.4 183.3
5 8 320.9 174.2
5 9 591.1 195.0
5 10 130.7 278.3
5 11 432.9 287.5
5 12 119.1 260.0
5 13 572.4 385.0
5 14 626.7 288.3
6 1 427.6 174.2
6 4 390.2 319.2
6 6 147.6 174.2
6 7 77.3 183.3
6 8 320.9 174.2
6 9 591.1 195.0
6 10 147.6 272.5
6 11 401.8 290.0
6 12 136.9 257.5
6 13 604.4 382.5
6 14 593.8 285.8
7 1 427.6 174.2
7 4 404.4 319.2
7 6 147.6 173.3
7 7 78.2 183.3
7 8 320.9 174.2
7 9 591.1 195.0
7 10 167.1 274.2
7 11 370.7 291.7
7 12 155.6 252.5
7 14 556.4 280.8
8 1 427.6 174.2
8 4 408.9 318.3
8 6 147.6 173.3
8 7 79.1 184.2
8 8 320.9 174.2
8 9 591.1 195.0
8 10 188.4 273.3
8 11 340.4 299.2
8 12 174.2 250.0
8 14 515.6 278.3
9 1 427.6 174.2
9 4 403.6 318.3
9 6 147.6 173.3
9 7 79.1 185.0
9 8 320.9 174.2
9 9 591.1 195.0
9 10 206.2 265.8
9 11 310.2 300.8
9 12 194.7 250.0
9 14 483.6 274.2
10 1 427.6 174.2
10 4 404.4 318.3
10 6 147.6 173.3
10 7 79.1 185.0
10 8 320.9 174.2
10 9 591.1 195.0
10 10 224.0 263.3
10 11 274.7 311.7
10 12 209.8 245.8
10 14 448.0 276.7
11 1 427.6 174.2
11 4 404.4 318.3
11 6 147.6 173.3
11 7 79.1 185.0
11 8 320.9 174.2
11 9 591.1 195.0
11 10 245.3 263.3
11 11 246.2 311.7
11 12 223.1 239.2
11 14 407.1 274.2
12 1 427.6 174.2
12 4 408.0 317.5
12 6 147.6 173.3
12 7 79.1 185.0
12 8 320.9 174.2
12 9 591.1 195.0
12 10 260.4 252.5
12 11 216.9 306.7
12 12 233.8 233.3
12 14 370.7 280.8
13 1 427.6 174.2
13 4 407.1 317.5
13 6 147.6 173.3
13 7 79.1 185.0
13 8 320.9 174.2
13 9 591.1 195.0
13 10 273.8 241.7
13 11 182.2 313.3
13 12 242.7 229.2
13 14 334.2 286.7
14 1 427.6 174.2
14 4 406.2 317.5
14 6 145.8 175.8
14 7 80.0 190.0
14 8 320.9 174.2
14 9 591.1 195.0
14 10 291.6 231.7
14 11 152.0 315.0
14 12 248.9 216.7
14 14 296.0 291.7
14 15 585.8 300.0
15 1 427.6 174.2
15 4 405.3 317.5
15 6 145.8 175.8
15 7 80.0 190.0
15 8 320.9 174.2
15 9 591.1 195.0
15 10 292.4 221.7
15 11 116.4 317.5
15 12 256.0 207.5
15 14 256.0 297.5
15 15 560.9 308.3
16 1 427.6 174.2
16 4 403.6 316.7
16 6 144.9 175.8
16 7 79.1 190.0
16 8 320.9 174.2
16 9 591.1 195.0
16 10 289.8 214.2
16 11 78.2 320.0
16 12 257.8 201.7
16 14 216.9 298.3
16 15 536.0 317.5
17 1 427.6 174.2
17 4 403.6 314.2
17 6 144.9 175.8
17 7 78.2 190.0
17 8 325.3 174.2
17 9 581.3 193.3
17 10 288.9 210.0
17 11 52.4 318.3
17 12 257.8 193.3
17 14 178.7 302.5
17 15 509.3 325.0
18 1 427.6 174.2
18 4 408.9 307.5
18 6 145.8 175.8
18 7 78.2 188.3
18 8 320.9 174.2
18 9 581.3 193.3
18 10 288.9 210.0
18 11 16.9 325.0
18 12 257.8 192.5
18 14 140.4 304.2
18 15 482.7 335.0
19 1 427.6 174.2
19 6 145.8 175.8
19 7 75.6 190.8
19 8 320.9 174.2
19 9 581.3 193.3
19 10 292.4 208.3
19 12 257.8 200.0
19 14 100.4 303.3
19 15 448.9 344.2
20 1 427.6 174.2
20 6 145.8 175.8
20 7 76.4 191.7
20 8 320.9 174.2
20 9 581.3 193.3
20 14 64.0 302.5
20 15 416.0 349.2
20 16 419.6 288.3
20 17 260.4 189.2
20 18 296.0 202.5
21 1 427.6 174.2
21 6 145.8 176.7
21 7 79.1 192.5
21 8 320.9 174.2
21 9 581.3 193.3
21 14 25.8 301.7
21 15 387.6 350.0
21 16 423.1 280.0
21 17 260.4 189.2
21 18 300.4 199.2
22 1 427.6 174.2
22 6 145.8 176.7
22 7 82.7 193.3
22 8 320.9 174.2
22 9 581.3 193.3
22 15 357.3 347.5
22 17 260.4 189.2
22 18 300.4 195.8
23 15 325.3 344.2
24 15 295.1 338.3
25 15 260.4 334.2
