1 1 304.0 277.5
1 2 607.1 328.3
2 1 331.6 276.7
2 2 575.1 325.0
3 1 360.0 276.7
3 2 541.3 325.8
4 1 388.4 275.0
4 2 507.6 323.3
5 1 414.2 273.3
5 2 475.6 325.8
5 3 380.4 397.5
5 4 211.6 403.3
6 1 442.7 272.5
6 2 443.6 324.2
6 3 401.8 395.8
6 4 235.6 401.7
7 1 470.2 270.8
7 2 410.7 320.0
7 3 418.7 395.0
7 4 261.3 400.0
8 1 496.0 270.8
8 2 376.9 320.0
8 3 438.2 382.5
8 4 285.3 399.2
8 5 617.8 338.3
9 1 525.3 271.7
9 2 341.3 315.8
9 3 457.8 380.0
9 4 309.3 397.5
9 5 591.1 334.2
10 1 552.0 270.8
10 2 306.7 319.2
10 3 477.3 378.3
10 4 333.3 395.8
10 5 562.7 328.3
11 1 577.8 273.3
11 2 272.9 320.0
11 3 498.7 375.0
11 4 353.8 395.0
11 5 535.1 327.5
12 2 239.1 321.7
12 3 517.3 374.2
12 4 377.8 393.3
12 5 508.4 324.2
13 2 205.3 325.8
13 3 535.1 371.7
13 4 400.9 391.7
13 5 480.9 320.0
14 2 170.7 327.5
14 3 550.2 363.3
14 4 417.8 390.8
14 5 453.3 320.8
15 2 132.4 328.3
15 3 558.2 361.7
15 4 431.1 395.0
15 5 425.8 320.0
16 2 103.1 332.5
16 5 399.1 320.0
17 2 68.4 332.5
17 5 372.4 321.7
18 5 344.0 318.3
19 5 319.1 316.7
20 5 291.6 315.8
21 5 262.2 314.2
21 6 37.3 278.3
22 5 233.8 317.5
22 6 64.9 278.3
23 5 202.7 315.0
23 6 91.6 278.3
23 7 11.6 375.0
24 5 176.0 314.2
24 6 118.2 280.0
24 7 35.6 369.2
25 5 151.1 317.5
25 6 144.0 282.5
25 7 63.1 365.0
