1 1 358.2 380.0
1 2 623.1 315.0
2 1 389.3 377.5
2 2 591.1 314.2
3 1 418.7 376.7
3 2 562.7 315.8
4 1 447.1 375.8
4 2 533.3 314.2
5 1 477.3 375.0
5 2 505.8 313.3
6 1 507.6 375.0
6 2 476.4 315.8
7 1 536.9 373.3
7 2 445.3 316.7
8 1 564.4 375.0
8 2 417.8 321.7
9 1 591.1 374.2
9 2 386.7 325.8
9 3 128.9 277.5
9 4 113.8 188.3
10 2 355.6 326.7
10 3 152.0 269.2
10 4 113.8 188.3
10 5 531.6 245.0
11 2 324.4 334.2
11 3 176.0 265.8
11 4 113.8 188.3
11 5 503.1 243.3
12 2 293.3 335.8
12 3 198.2 259.2
12 4 113.8 188.3
12 5 473.8 239.2
13 3 222.2 248.3
13 5 443.6 237.5
14 6 416.0 235.0
14 7 241.8 238.3
14 8 120.9 184.2
15 6 390.2 230.0
15 7 256.9 225.8
15 8 121.8 184.2
15 9 291.6 118.3
16 6 362.7 230.0
16 7 272.0 211.7
16 8 122.7 184.2
16 9 298.7 119.2
17 6 331.6 223.3
17 7 289.8 200.0
17 8 122.7 184.2
17 9 312.0 116.7
18 6 306.7 215.8
18 7 303.1 187.5
18 8 122.7 184.2
18 9 322.7 118.3
19 6 279.1 206.7
19 7 315.6 179.2
19 8 122.7 184.2
19 9 331.6 120.8
19 10 476.4 155.0
19 11 490.7 148.3
20 6 253.3 192.5
20 7 324.4 173.3
20 8 122.7 184.2
20 9 342.2 119.2
20 10 476.4 155.0
20 11 490.7 148.3
21 6 233.8 184.2
21 7 327.1 164.2
21 8 122.7 184.2
21 9 344.9 118.3
21 10 476.4 155.0
21 11 490.7 148.3
22 6 212.4 164.2
22 7 325.3 160.8
22 8 122.7 184.2
22 9 343.1 121.7
22 11 490.7 148.3
22 12 64.9 155.0
23 6 192.0 146.7
23 8 120.9 185.8
23 11 490.7 148.3
23 12 88.0 153.3
24 6 176.9 130.0
24 8 118.2 187.5
24 11 490.7 148.3
24 12 109.3 156.7
25 6 157.3 119.2
25 8 116.4 188.3
25 12 133.3 157.5
