1 1 525.3 263.3
1 2 529.8 285.0
2 1 494.2 268.3
2 2 498.7 290.0
2 3 304.9 222.5
2 4 233.8 403.3
2 5 134.2 382.5
3 1 461.3 270.0
3 2 466.7 291.7
3 3 327.1 220.8
3 4 262.2 396.7
3 5 164.4 377.5
4 1 431.1 273.3
4 2 436.4 295.8
4 3 352.0 220.0
4 4 288.0 395.0
4 5 193.8 372.5
5 1 399.1 273.3
5 2 404.4 295.8
5 3 377.8 216.7
5 4 314.7 392.5
5 5 222.2 369.2
5 6 146.7 376.7
6 1 368.9 275.0
6 2 375.1 296.7
6 3 401.8 217.5
6 4 340.4 391.7
6 5 250.7 367.5
6 6 174.2 375.0
7 1 335.1 273.3
7 2 340.4 297.5
7 3 426.7 219.2
7 4 365.3 390.8
7 5 280.9 363.3
7 6 201.8 368.3
7 7 128.0 405.8
8 1 303.1 272.5
8 2 309.3 295.8
8 3 450.7 218.3
8 4 391.1 387.5
8 5 311.1 357.5
8 6 228.4 364.2
8 7 157.3 404.2
8 8 78.2 368.3
9 1 270.2 275.8
9 2 275.6 299.2
9 3 473.8 220.8
9 4 416.0 384.2
9 5 336.9 347.5
9 6 258.7 361.7
9 7 188.4 408.3
9 8 107.6 363.3
9 9 543.1 183.3
9 10 616.9 180.8
9 11 631.1 198.3
10 1 235.6 276.7
10 2 241.8 299.2
10 3 497.8 221.7
10 4 438.2 382.5
10 5 365.3 335.0
10 6 284.4 353.3
10 7 216.0 410.8
10 8 139.6 350.8
10 9 543.1 183.3
10 10 616.9 180.8
10 11 624.0 198.3
11 1 202.7 279.2
11 2 209.8 301.7
11 3 526.2 217.5
11 4 464.0 379.2
11 5 391.1 324.2
11 6 311.1 346.7
11 7 245.3 411.7
11 8 174.2 351.7
11 9 543.1 183.3
11 10 616.9 180.8
11 11 620.4 198.3
12 1 168.9 278.3
12 2 176.0 300.8
12 3 549.3 219.2
12 4 489.8 377.5
12 5 414.2 310.8
12 6 336.9 338.3
12 7 280.0 417.5
12 8 205.3 345.0
12 9 543.1 183.3
12 10 616.9 180.8
12 11 627.6 197.5
13 1 136.0 276.7
13 2 140.4 300.0
13 3 571.6 220.0
13 4 513.8 375.0
13 5 438.2 300.0
13 6 359.1 325.8
13 7 308.4 417.5
13 8 236.4 340.8
13 9 543.1 183.3
13 10 616.9 180.8
13 11 622.2 197.5
14 1 97.8 277.5
14 2 104.9 303.3
14 3 593.8 218.3
14 4 541.3 376.7
14 5 460.4 290.0
14 6 385.8 318.3
14 7 335.1 423.3
14 8 268.4 339.2
14 9 543.1 183.3
14 10 616.9 180.8
14 11 619.6 197.5
15 1 65.8 278.3
15 2 75.6 304.2
15 3 615.1 220.8
15 4 568.9 376.7
15 5 483.6 278.3
15 6 409.8 310.0
15 8 301.3 337.5
15 9 543.1 183.3
15 10 616.9 180.8
15 11 618.7 197.5
16 1 33.8 285.8
16 2 37.3 310.8
16 3 636.4 220.0
16 4 590.2 373.3
16 5 504.9 269.2
16 6 432.0 301.7
16 8 332.4 340.8
16 9 543.1 183.3
16 10 616.9 180.8
16 11 628.4 195.0
16 12 344.9 399.2
17 1 4.4 284.2
17 4 615.1 370.8
17 5 523.6 257.5
17 6 462.2 297.5
17 8 366.2 338.3
17 9 543.1 183.3
17 10 616.9 180.8
17 11 630.2 195.0
17 12 374.2 387.5
18 4 634.7 369.2
18 5 541.3 249.2
18 6 486.2 290.8
18 8 393.8 330.0
18 9 543.1 183.3
18 10 616.9 180.8
18 11 627.6 197.5
18 12 405.3 380.0
19 5 560.0 239.2
19 6 511.1 290.0
19 8 424.9 334.2
19 9 543.1 183.3
19 10 616.9 180.8
19 11 623.1 195.8
19 12 435.6 372.5
20 5 573.3 228.3
20 6 535.1 288.3
20 8 456.0 331.7
20 9 543.1 183.3
20 10 616.9 180.8
20 11 624.9 196.7
20 12 465.8 365.8
21 5 582.2 225.8
21 6 558.2 281.7
21 8 485.3 330.0
21 9 543.1 183.3
21 10 616.9 180.8
21 11 623.1 196.7
21 12 496.9 363.3
22 5 593.8 220.8
22 6 583.1 278.3
22 8 513.8 325.8
22 9 543.1 183.3
22 10 616.9 180.8
22 11 620.4 196.7
22 12 529.8 360.8
23 5 592.0 218.3
23 6 605.3 270.0
23 8 541.3 326.7
23 9 543.1 183.3
23 10 616.9 180.8
23 11 624.9 197.5
23 12 557.3 362.5
24 5 593.8 217.5
24 6 626.7 255.0
24 8 569.8 327.5
24 9 543.1 183.3
24 10 616.9 180.8
24 11 621.3 197.5
24 12 586.7 361.7
25 5 594.7 217.5
25 9 543.1 183.3
25 10 616.9 180.8
25 11 619.6 197.5
