1 1 52.4 355.8
1 2 51.6 319.2
2 1 83.6 350.8
2 2 82.7 318.3
3 1 114.7 350.8
3 2 112.0 316.7
3 3 176.9 413.3
4 1 144.0 353.3
4 2 144.0 318.3
4 3 145.8 409.2
5 1 176.9 348.3
5 2 176.9 314.2
5 3 114.7 409.2
6 1 208.0 348.3
6 2 204.4 324.2
7 1 238.2 344.2
7 2 236.4 316.7
8 1 269.3 350.0
8 2 268.4 315.0
9 1 298.7 349.2
9 2 301.3 320.0
9 4 598.2 288.3
10 1 331.6 351.7
10 2 333.3 320.0
10 4 570.7 288.3
11 1 363.6 360.0
11 2 364.4 320.0
11 4 542.2 288.3
12 1 394.7 361.7
12 2 394.7 323.3
12 4 512.9 287.5
13 1 424.0 365.0
13 2 423.1 325.8
13 4 484.4 290.0
14 1 451.6 372.5
14 2 450.7 328.3
14 4 455.1 290.0
15 1 482.7 370.0
15 2 479.1 333.3
15 4 425.8 293.3
16 1 512.0 372.5
16 2 508.4 336.7
16 4 396.4 294.2
16 5 635.6 289.2
17 1 538.7 373.3
17 2 534.2 337.5
17 4 367.1 296.7
17 5 615.1 292.5
17 6 12.4 342.5
18 1 568.9 372.5
18 2 562.7 340.0
18 4 338.7 300.0
18 5 596.4 293.3
18 6 40.0 342.5
19 1 592.9 365.0
19 2 598.2 340.0
19 4 307.6 299.2
19 5 581.3 294.2
19 6 69.3 345.0
20 4 272.9 297.5
20 5 563.6 295.8
20 6 99.6 347.5
21 4 241.8 301.7
21 5 543.1 298.3
21 6 130.7 349.2
22 4 211.6 302.5
22 5 528.9 297.5
22 6 160.9 352.5
22 7 586.7 320.0
23 4 186.7 305.8
23 5 509.3 304.2
23 6 192.0 354.2
23 7 563.6 325.0
24 4 151.1 302.5
24 5 488.0 300.0
24 6 224.0 355.0
24 7 543.1 328.3
25 5 470.2 300.0
25 6 256.0 359.2
25 7 519.1 329.2
