1 1 234.7 260.0
1 2 497.8 251.7
2 1 250.7 251.7
2 2 473.8 255.0
3 1 250.7 251.7
3 2 450.7 259.2
4 1 260.4 241.7
4 2 424.0 261.7
5 1 273.8 233.3
5 2 398.2 270.0
6 1 287.1 225.8
6 2 371.6 272.5
6 3 581.3 267.5
7 1 288.0 220.8
7 2 349.3 272.5
7 3 555.6 279.2
7 4 232.0 380.0
8 1 289.8 210.8
8 2 319.1 282.5
8 3 527.1 275.0
8 4 261.3 378.3
9 1 293.3 207.5
9 2 294.2 282.5
9 3 495.1 280.0
9 4 288.9 376.7
10 1 299.6 200.8
10 2 267.6 277.5
10 3 465.8 288.3
10 4 319.1 377.5
11 1 316.4 190.8
11 2 244.4 271.7
11 3 433.8 288.3
11 4 348.4 372.5
12 1 320.9 182.5
12 2 222.2 255.8
12 3 405.3 299.2
12 4 375.1 370.0
12 5 569.8 278.3
13 1 327.1 175.0
13 2 206.2 240.8
13 3 376.9 297.5
13 4 403.6 369.2
13 5 542.2 280.0
14 1 332.4 171.7
14 2 184.0 225.0
14 3 346.7 302.5
14 4 432.9 361.7
14 5 518.2 278.3
14 6 427.6 175.0
15 1 332.4 173.3
15 2 168.9 205.0
15 3 314.7 307.5
15 4 459.6 360.0
15 5 490.7 279.2
15 6 427.6 175.8
16 1 336.9 177.5
16 2 157.3 192.5
16 3 282.7 317.5
16 4 487.1 355.8
16 5 463.1 281.7
16 6 426.7 175.8
17 1 336.9 177.5
17 2 135.1 169.2
17 3 245.3 323.3
17 4 524.4 349.2
17 5 432.0 280.8
17 6 426.7 175.8
18 1 336.9 177.5
18 2 120.0 153.3
18 3 212.4 325.0
18 4 552.0 345.8
18 5 412.4 286.7
18 6 426.7 175.8
19 1 336.9 177.5
19 2 103.1 140.8
19 3 183.1 338.3
19 4 574.2 340.8
19 5 376.0 287.5
19 6 426.7 175.8
20 1 336.9 177.5
20 2 82.7 127.5
20 3 152.0 344.2
20 4 600.0 335.8
20 5 348.4 290.0
20 6 426.7 175.8
21 3 117.3 359.2
21 4 627.6 335.0
21 5 314.7 300.8
21 6 426.7 175.8
22 3 86.2 365.8
22 5 287.1 305.0
23 5 250.7 314.2
24 5 216.9 323.3
25 5 192.0 322.5
