1 1 123.6 315.8
1 2 171.6 285.8
1 3 95.1 365.0
1 4 526.2 319.2
2 1 96.0 312.5
2 2 199.1 291.7
2 3 125.3 361.7
2 4 499.6 320.0
3 1 68.4 312.5
3 2 225.8 298.3
3 3 155.6 362.5
3 4 473.8 318.3
4 1 41.8 309.2
4 2 252.4 304.2
4 3 184.0 362.5
4 4 447.1 316.7
5 2 279.1 310.8
5 3 215.1 361.7
5 4 424.0 312.5
6 2 306.7 316.7
6 3 246.2 364.2
6 4 398.2 305.0
7 2 335.1 325.8
7 3 274.7 361.7
7 4 369.8 302.5
8 2 363.6 332.5
8 3 303.1 360.8
8 4 344.0 295.0
9 2 392.0 336.7
9 3 334.2 362.5
9 4 317.3 289.2
9 5 528.9 293.3
10 2 422.2 340.8
10 3 354.7 358.3
10 4 290.7 287.5
10 5 506.7 292.5
11 2 450.7 343.3
11 3 375.1 355.8
11 4 263.1 284.2
11 5 482.7 295.0
12 2 479.1 347.5
12 3 397.3 355.0
12 4 234.7 285.8
12 5 457.8 294.2
13 2 507.6 352.5
13 3 420.4 350.8
13 4 210.7 286.7
13 5 435.6 295.8
13 6 424.0 395.0
14 2 535.1 357.5
14 3 448.9 349.2
14 4 183.1 287.5
14 5 410.7 296.7
14 6 400.0 388.3
14 7 252.4 404.2
15 2 562.7 365.8
15 3 476.4 349.2
15 4 155.6 293.3
15 5 385.8 295.8
15 6 377.8 380.8
15 7 272.9 396.7
15 8 31.1 400.8
16 2 596.4 376.7
16 3 504.9 346.7
16 4 128.9 293.3
16 5 360.9 297.5
16 6 358.2 369.2
16 7 297.8 393.3
16 8 60.4 398.3
17 3 532.4 348.3
17 4 101.3 296.7
17 5 335.1 295.0
17 6 336.0 364.2
17 7 322.7 405.8
17 8 91.6 394.2
18 3 560.0 350.0
18 4 76.4 300.0
18 5 312.0 294.2
18 6 312.0 360.8
18 7 341.3 410.8
18 8 123.6 394.2
19 5 285.3 294.2
19 6 288.0 355.0
19 7 368.0 410.8
19 8 153.8 392.5
20 5 259.6 292.5
20 6 263.1 353.3
20 7 385.8 408.3
20 8 184.0 390.8
21 5 235.6 294.2
21 6 239.1 352.5
21 8 214.2 390.0
22 5 210.7 295.0
22 6 216.0 350.0
22 8 245.3 385.8
22 9 75.6 405.0
23 5 187.6 294.2
23 6 192.0 352.5
23 8 276.4 384.2
23 9 103.1 404.2
24 5 162.7 295.8
24 6 167.1 355.8
24 8 307.6 382.5
24 9 131.6 405.8
25 5 138.7 294.2
25 6 143.1 356.7
25 8 339.6 380.0
25 9 160.0 405.0
