1 1 172.4 365.0
1 2 325.3 323.3
1 3 69.3 403.3
1 4 7.1 301.7
2 1 136.9 362.5
2 2 295.1 327.5
2 3 96.9 400.0
2 4 37.3 301.7
3 1 109.3 366.7
3 2 263.1 326.7
3 3 123.6 401.7
3 4 65.8 303.3
4 1 80.0 369.2
4 2 233.8 331.7
4 3 153.8 396.7
4 4 92.4 300.0
5 1 51.6 376.7
5 2 203.6 335.8
5 3 182.2 392.5
5 4 120.0 299.2
6 1 21.3 388.3
6 2 173.3 332.5
6 3 208.9 388.3
6 4 151.1 301.7
7 2 142.2 335.0
7 3 234.7 382.5
7 4 181.3 302.5
8 2 112.9 330.0
8 3 259.6 381.7
8 4 209.8 308.3
9 2 84.4 324.2
9 3 287.1 380.8
9 4 240.0 315.8
10 3 315.6 375.8
10 4 268.4 320.0
11 3 343.1 375.8
11 4 296.0 327.5
12 3 368.0 379.2
12 4 326.2 332.5
13 3 403.6 376.7
13 4 355.6 332.5
14 3 432.9 379.2
14 4 384.9 337.5
15 3 457.8 378.3
15 4 415.1 338.3
15 5 605.3 300.0
16 3 485.3 375.8
16 4 444.4 335.8
16 5 580.4 301.7
17 3 512.9 374.2
17 4 474.7 336.7
17 5 553.8 296.7
18 3 537.8 365.8
18 4 504.0 333.3
18 5 527.1 300.8
19 3 558.2 362.5
19 4 531.6 328.3
19 5 500.4 296.7
20 3 586.7 358.3
20 4 557.3 327.5
20 5 473.8 295.8
21 3 610.7 351.7
21 4 580.4 323.3
21 5 447.1 299.2
22 5 418.7 295.8
23 5 391.1 302.5
24 5 363.6 303.3
25 5 335.1 303.3
