1 1 452.4 235.8
1 2 149.3 212.5
1 3 565.3 193.3
1 4 587.6 189.2
1 5 47.1 319.2
1 6 35.6 356.7
1 7 220.4 293.3
1 8 236.4 320.8
1 9 232.0 351.7
1 10 436.4 148.3
1 11 472.9 325.8
1 12 384.9 131.7
1 13 47.1 394.2
1 14 48.9 426.7
2 1 454.2 235.8
2 2 152.9 214.2
2 3 565.3 193.3
2 4 587.6 189.2
2 7 201.8 299.2
2 8 211.6 320.8
2 9 207.1 353.3
2 10 441.8 140.8
2 11 447.1 329.2
2 12 384.9 131.7
2 13 64.0 396.7
2 14 66.7 425.0
3 1 455.1 237.5
3 2 149.3 211.7
3 3 566.2 192.5
3 4 587.6 189.2
3 7 176.9 301.7
3 8 186.7 322.5
3 9 179.6 356.7
3 10 445.3 135.0
3 11 421.3 330.0
3 12 384.9 131.7
3 13 90.7 400.0
3 14 88.0 424.2
4 1 455.1 237.5
4 2 149.3 211.7
4 3 566.2 191.7
4 4 587.6 188.3
4 7 151.1 301.7
4 8 160.0 324.2
4 9 152.0 357.5
4 10 451.6 130.0
4 11 396.4 330.0
4 12 384.9 131.7
4 13 108.4 399.2
4 14 106.7 418.3
4 15 619.6 285.8
5 1 455.1 238.3
5 2 149.3 211.7
5 3 566.2 190.8
5 4 587.6 187.5
5 7 128.0 300.8
5 8 132.4 326.7
5 9 126.2 362.5
5 10 453.3 123.3
5 11 369.8 329.2
5 12 384.9 131.7
5 13 128.9 400.8
5 14 126.2 417.5
5 15 588.4 290.0
6 1 452.4 236.7
6 2 149.3 211.7
6 3 564.4 190.0
6 4 586.7 186.7
6 7 96.0 302.5
6 8 108.4 333.3
6 9 98.7 366.7
6 10 449.8 117.5
6 11 343.1 328.3
6 12 384.9 131.7
6 13 150.2 400.0
6 14 146.7 416.7
6 15 558.2 292.5
7 1 453.3 235.0
7 2 149.3 211.7
7 3 564.4 190.0
7 4 586.7 186.7
7 7 71.1 303.3
7 8 85.3 335.8
7 9 70.2 367.5
7 10 449.8 114.2
7 11 318.2 329.2
7 12 384.9 131.7
7 13 171.6 394.2
7 14 169.8 415.8
7 15 520.0 300.8
8 1 453.3 235.8
8 2 149.3 211.7
8 3 564.4 190.0
8 4 586.7 186.7
8 7 50.7 313.3
8 8 59.6 340.0
8 10 451.6 113.3
8 11 291.6 330.8
8 12 384.9 131.7
8 13 192.0 388.3
8 14 195.6 410.8
8 15 486.2 299.2
8 16 627.6 255.0
9 1 454.2 235.8
9 2 149.3 211.7
9 3 564.4 190.0
9 4 578.7 184.2
9 10 452.4 113.3
9 11 264.9 332.5
9 12 384.9 131.7
9 13 213.3 380.8
9 14 209.8 412.5
9 15 452.4 305.8
9 16 599.1 266.7
10 1 454.2 235.8
10 2 149.3 211.7
10 3 565.3 190.8
10 4 580.4 185.8
10 10 453.3 113.3
10 11 238.2 336.7
10 12 384.9 131.7
10 13 232.9 374.2
10 14 232.9 408.3
10 15 419.6 305.8
10 16 572.4 271.7
11 1 449.8 235.0
11 2 149.3 211.7
11 3 565.3 190.8
11 4 586.7 186.7
11 11 211.6 338.3
11 13 254.2 374.2
11 14 254.2 407.5
11 15 384.0 303.3
11 16 545.8 275.8
11 17 594.7 372.5
12 1 452.4 235.8
12 2 149.3 211.7
12 3 565.3 190.8
12 4 586.7 186.7
12 11 185.8 338.3
12 13 273.8 373.3
12 14 277.3 403.3
12 15 349.3 305.0
12 16 521.8 275.8
12 17 592.0 361.7
13 1 452.4 235.0
13 2 149.3 211.7
13 3 562.7 193.3
13 4 584.9 189.2
13 11 159.1 339.2
13 13 295.1 369.2
13 14 301.3 401.7
13 15 312.9 305.0
13 16 494.2 279.2
13 17 589.3 352.5
14 1 452.4 236.7
14 2 144.9 216.7
14 3 559.1 188.3
14 4 583.1 191.7
14 11 133.3 340.8
14 13 316.4 367.5
14 14 325.3 400.0
14 15 275.6 310.0
14 16 466.7 281.7
14 17 588.4 347.5
14 18 28.4 283.3
15 1 453.3 235.8
15 2 149.3 211.7
15 3 557.3 188.3
15 4 583.1 191.7
15 11 104.9 339.2
15 13 338.7 364.2
15 14 347.6 398.3
15 15 233.8 311.7
15 16 436.4 285.8
15 17 591.1 340.0
15 18 62.2 281.7
16 1 452.4 235.0
16 2 144.9 215.0
16 3 560.0 195.0
16 4 583.1 191.7
16 11 80.9 341.7
16 13 360.9 359.2
16 14 367.1 385.8
16 15 198.2 314.2
16 16 408.0 291.7
16 17 596.4 331.7
16 18 96.9 275.0
17 1 453.3 237.5
17 2 149.3 211.7
17 3 560.0 195.0
17 4 583.1 191.7
17 11 45.3 339.2
17 13 382.2 356.7
17 14 391.1 395.0
17 15 164.4 318.3
17 16 379.6 296.7
17 17 599.1 327.5
17 18 131.6 274.2
18 1 453.3 235.8
18 2 147.6 215.0
18 3 557.3 190.0
18 4 583.1 191.7
18 11 19.6 337.5
18 13 401.8 354.2
18 14 411.6 381.7
18 15 127.1 318.3
18 16 350.2 300.8
18 17 597.3 318.3
18 18 162.7 270.0
18 19 20.4 405.0
18 20 13.3 431.7
19 1 454.2 237.5
19 2 146.7 217.5
19 3 556.4 190.0
19 4 584.0 188.3
19 13 424.0 352.5
19 14 431.1 378.3
19 15 90.7 319.2
19 16 320.0 305.0
19 17 595.6 310.0
19 18 195.6 265.0
19 19 45.3 398.3
19 20 37.3 431.7
20 1 453.3 238.3
20 2 149.3 211.7
20 3 555.6 189.2
20 4 583.1 191.7
20 13 442.7 353.3
20 14 452.4 377.5
20 15 57.8 317.5
20 16 285.3 302.5
20 17 593.8 305.0
20 18 229.3 266.7
20 19 75.6 395.8
20 20 64.9 427.5
21 1 450.7 238.3
21 2 149.3 211.7
21 3 560.0 195.0
21 4 583.1 191.7
21 13 461.3 352.5
21 14 472.0 375.8
21 15 23.1 317.5
21 16 255.1 304.2
21 17 593.8 298.3
21 18 263.1 265.0
21 19 101.3 386.7
21 20 96.0 417.5
22 1 449.8 237.5
22 2 149.3 211.7
22 3 560.0 195.0
22 4 583.1 191.7
22 13 481.8 349.2
22 14 492.4 372.5
22 16 223.1 305.8
22 17 596.4 288.3
22 18 296.9 266.7
22 19 129.8 385.0
22 20 120.9 416.7
23 1 448.9 237.5
23 2 149.3 211.7
23 3 556.4 189.2
23 4 583.1 191.7
23 13 500.4 348.3
23 14 513.8 373.3
23 16 190.2 305.0
23 17 597.3 283.3
23 18 328.9 266.7
23 19 156.4 379.2
23 20 149.3 415.0
24 1 445.3 233.3
24 2 149.3 211.7
24 3 556.4 189.2
24 4 583.1 191.7
24 13 520.9 346.7
24 14 533.3 371.7
24 16 158.2 309.2
24 17 596.4 281.7
24 18 364.4 268.3
24 19 182.2 372.5
24 20 176.0 407.5
24 21 349.3 405.8
25 1 448.9 231.7
25 2 149.3 211.7
25 3 556.4 189.2
25 4 583.1 191.7
25 13 541.3 343.3
25 14 554.7 374.2
25 16 128.9 310.8
25 17 595.6 280.8
25 18 400.0 268.3
25 19 208.9 368.3
25 20 202.7 400.0
25 21 369.8 404.2
