1 1 147.6 195.8
1 2 307.6 328.3
1 3 328.9 352.5
1 4 394.7 191.7
1 5 323.6 299.2
1 6 192.9 238.3
1 7 336.0 243.3
1 8 480.9 314.2
1 9 512.9 250.0
1 10 89.8 325.0
1 11 81.8 350.0
1 12 607.1 305.8
1 13 160.9 276.7
1 14 332.4 175.0
1 15 284.4 174.2
2 1 147.6 195.8
2 2 338.7 327.5
2 3 356.4 352.5
2 4 394.7 192.5
2 5 294.2 299.2
2 6 193.8 239.2
2 7 318.2 258.3
2 8 455.1 309.2
2 9 479.1 251.7
2 10 111.1 325.0
2 11 106.7 350.0
2 12 580.4 310.0
2 13 130.7 275.0
2 14 336.0 167.5
2 15 282.7 179.2
3 1 147.6 195.8
3 2 364.4 325.0
3 3 386.7 350.8
3 4 397.3 191.7
3 5 264.0 300.0
3 6 193.8 239.2
3 7 292.4 260.0
3 8 428.4 305.0
3 9 446.2 253.3
3 10 136.0 327.5
3 11 130.7 352.5
3 12 548.4 307.5
3 13 99.6 275.0
3 14 344.0 165.0
3 15 285.3 187.5
4 1 144.0 195.0
4 2 394.7 328.3
4 3 416.0 354.2
4 4 396.4 190.8
4 5 232.9 299.2
4 6 193.8 239.2
4 7 272.9 267.5
4 8 399.1 300.8
4 9 413.3 253.3
4 10 163.6 329.2
4 11 155.6 353.3
4 12 521.8 305.8
4 13 74.7 273.3
4 14 348.4 157.5
4 15 284.4 190.0
5 1 147.6 195.8
5 2 425.8 325.8
5 3 443.6 352.5
5 4 394.7 189.2
5 5 202.7 299.2
5 6 193.8 239.2
5 7 249.8 274.2
5 8 366.2 301.7
5 9 378.7 251.7
5 10 190.2 328.3
5 11 185.8 350.8
5 12 493.3 303.3
5 13 46.2 269.2
5 15 280.0 193.3
5 16 23.1 339.2
5 17 18.7 374.2
6 1 147.6 195.8
6 2 454.2 321.7
6 3 470.2 348.3
6 4 397.3 189.2
6 5 172.4 298.3
6 6 193.8 239.2
6 7 224.9 276.7
6 8 339.6 299.2
6 9 344.0 252.5
6 10 217.8 330.0
6 11 212.4 352.5
6 12 467.6 297.5
6 15 280.9 204.2
6 16 47.1 336.7
6 17 44.4 370.8
7 1 147.6 195.8
7 2 484.4 325.8
7 3 504.0 350.8
7 4 396.4 189.2
7 5 144.0 296.7
7 6 193.8 239.2
7 7 207.1 285.8
7 8 311.1 298.3
7 9 308.4 255.0
7 10 244.4 329.2
7 11 239.1 352.5
7 12 439.1 295.8
7 15 279.1 209.2
7 16 72.0 339.2
7 17 68.4 371.7
8 1 147.6 195.8
8 2 512.9 317.5
8 3 533.3 347.5
8 4 394.7 190.0
8 5 109.3 300.0
8 6 191.1 235.8
8 7 183.1 278.3
8 8 280.0 299.2
8 9 272.0 260.0
8 10 272.9 329.2
8 11 265.8 351.7
8 12 410.7 290.8
8 15 272.0 215.0
8 16 95.1 340.8
8 17 92.4 373.3
9 1 147.6 195.8
9 2 538.7 315.8
9 3 559.1 345.8
9 4 393.8 190.0
9 5 80.9 302.5
9 7 154.7 277.5
9 8 250.7 300.0
9 9 241.8 265.0
9 10 299.6 330.8
9 11 291.6 351.7
9 12 384.9 288.3
9 15 266.7 219.2
9 16 120.0 339.2
9 17 117.3 371.7
9 18 195.6 238.3
9 19 629.3 257.5
10 1 147.6 195.8
10 2 568.9 314.2
10 3 584.9 342.5
10 4 392.9 190.8
10 5 56.9 303.3
10 7 128.0 283.3
10 8 222.2 302.5
10 9 202.7 266.7
10 10 325.3 328.3
10 11 316.4 349.2
10 12 356.4 286.7
10 15 259.6 223.3
10 16 147.6 338.3
10 17 144.0 369.2
10 18 195.6 238.3
10 19 608.0 263.3
11 1 147.6 195.8
11 2 596.4 306.7
11 3 612.4 340.8
11 4 392.9 191.7
11 5 22.2 311.7
11 7 100.4 284.2
11 8 194.7 306.7
11 9 168.9 269.2
11 10 349.3 326.7
11 11 340.4 345.8
11 12 328.0 283.3
11 15 259.6 223.3
11 16 172.4 335.8
11 17 169.8 370.0
11 19 585.8 259.2
11 20 188.4 235.0
12 1 147.6 195.8
12 4 396.4 189.2
12 7 74.7 285.8
12 8 164.4 312.5
12 9 137.8 264.2
12 10 374.2 323.3
12 11 366.2 342.5
12 12 300.4 285.0
12 15 259.6 223.3
12 16 197.3 335.0
12 17 193.8 368.3
12 19 565.3 259.2
12 20 188.4 235.0
13 1 147.6 195.8
13 4 392.9 189.2
13 7 48.9 293.3
13 8 132.4 315.8
13 9 102.2 268.3
13 10 399.1 316.7
13 11 392.0 337.5
13 12 267.6 288.3
13 15 257.8 235.0
13 16 224.0 336.7
13 17 220.4 363.3
13 19 544.0 261.7
13 20 178.7 220.8
13 21 478.2 382.5
14 1 147.6 195.8
14 4 391.1 188.3
14 7 23.1 298.3
14 8 101.3 321.7
14 9 69.3 267.5
14 10 423.1 312.5
14 11 417.8 335.8
14 12 243.6 291.7
14 15 257.8 235.0
14 16 249.8 332.5
14 17 246.2 360.8
14 19 522.7 258.3
14 20 178.7 213.3
14 21 455.1 380.8
15 1 148.4 195.0
15 4 390.2 188.3
15 8 72.9 329.2
15 9 32.9 267.5
15 10 446.2 307.5
15 11 443.6 332.5
15 12 216.0 300.8
15 15 257.8 235.0
15 16 274.7 325.8
15 17 271.1 354.2
15 19 500.4 259.2
15 20 183.1 200.8
15 21 435.6 376.7
16 1 148.4 195.0
16 4 391.1 189.2
16 10 470.2 304.2
16 11 468.4 330.0
16 12 188.4 304.2
16 15 257.8 235.0
16 16 302.2 320.8
16 17 301.3 354.2
16 19 479.1 256.7
16 20 184.0 192.5
16 21 410.7 379.2
16 22 624.9 271.7
17 1 148.4 195.0
17 4 392.9 190.8
17 10 497.8 300.8
17 11 490.7 327.5
17 12 160.0 309.2
17 15 257.8 235.0
17 16 328.0 314.2
17 17 322.7 351.7
17 19 454.2 250.0
17 20 183.1 186.7
17 21 392.0 382.5
17 22 605.3 271.7
17 23 555.6 200.0
17 24 560.9 176.7
18 1 148.4 195.0
18 4 397.3 190.0
18 10 515.6 296.7
18 11 520.9 321.7
18 12 130.7 310.8
18 15 261.3 225.8
18 16 351.1 310.8
18 17 345.8 343.3
18 19 427.6 253.3
18 20 186.7 181.7
18 21 368.0 384.2
18 22 581.3 269.2
18 23 568.9 211.7
18 24 574.2 186.7
19 1 148.4 195.0
19 4 398.2 187.5
19 10 541.3 297.5
19 11 543.1 320.0
19 12 100.4 309.2
19 15 256.0 228.3
19 16 376.0 309.2
19 17 374.2 344.2
19 19 403.6 251.7
19 20 191.1 177.5
19 21 352.0 385.8
19 22 558.2 270.0
19 23 583.1 220.8
19 24 588.4 197.5
20 1 148.4 195.0
20 4 399.1 187.5
20 10 564.4 298.3
20 11 564.4 319.2
20 15 263.1 231.7
20 16 405.3 302.5
20 17 399.1 345.0
20 19 378.7 255.8
20 20 191.1 177.5
20 21 331.6 388.3
20 22 531.6 268.3
21 1 148.4 195.0
21 4 394.7 190.0
21 10 592.9 299.2
21 11 589.3 318.3
21 15 260.4 227.5
21 16 424.9 304.2
21 17 423.1 342.5
21 19 355.6 263.3
21 20 191.1 177.5
21 21 310.2 392.5
21 22 504.9 271.7
22 1 148.4 195.0
22 4 393.8 190.0
22 15 253.3 233.3
22 16 448.0 309.2
22 17 448.9 344.2
22 19 328.0 265.8
22 20 191.1 178.3
22 21 288.9 400.8
22 22 479.1 272.5
23 1 148.4 195.0
23 4 392.0 190.0
23 15 251.6 230.8
23 16 473.8 303.3
23 17 473.8 342.5
23 19 305.8 275.8
23 20 191.1 178.3
23 22 448.9 275.8
23 25 592.9 386.7
23 26 512.0 401.7
24 1 148.4 195.0
24 4 391.1 190.0
24 15 246.2 233.3
24 16 497.8 303.3
24 17 496.9 336.7
24 19 286.2 277.5
24 20 191.1 178.3
24 22 427.6 283.3
24 25 585.8 384.2
24 26 523.6 402.5
25 1 148.4 195.0
25 4 391.1 189.2
25 15 239.1 240.8
25 16 514.7 300.0
25 17 524.4 335.8
25 19 255.1 280.0
25 20 191.1 178.3
25 22 397.3 285.8
25 25 579.6 376.7
25 26 544.9 409.2
