1 1 146.7 104.2
1 2 116.4 188.3
1 3 154.7 161.7
2 2 116.4 188.3
2 3 177.8 169.2
3 2 116.4 188.3
3 3 193.8 172.5
3 4 324.4 160.0
3 5 336.9 130.0
3 6 534.2 277.5
4 2 116.4 188.3
4 3 208.0 175.8
4 4 324.4 160.0
4 5 336.9 130.0
4 6 504.0 280.8
4 7 473.8 153.3
4 8 489.8 149.2
5 2 116.4 188.3
5 3 228.4 180.0
5 4 324.4 160.0
5 5 336.9 130.0
5 6 474.7 284.2
5 7 473.8 153.3
5 8 489.8 149.2
5 9 207.1 370.8
6 2 116.4 188.3
6 3 229.3 166.7
6 4 324.4 160.0
6 5 336.9 130.0
6 6 443.6 286.7
6 7 473.8 153.3
6 8 489.8 149.2
6 9 236.4 360.8
7 2 116.4 188.3
7 6 410.7 290.8
7 7 473.8 153.3
7 8 489.8 149.2
7 9 266.7 355.0
8 2 116.4 188.3
8 6 376.9 293.3
8 7 473.8 153.3
8 8 489.8 149.2
8 9 295.1 347.5
9 2 116.4 188.3
9 6 336.0 297.5
9 7 473.8 153.3
9 8 489.8 149.2
9 9 323.6 343.3
10 2 111.1 185.8
10 6 309.3 304.2
10 7 473.8 153.3
10 8 489.8 149.2
10 9 353.8 338.3
10 10 279.1 189.2
11 2 110.2 183.3
11 6 274.7 310.8
11 7 473.8 153.3
11 8 489.8 149.2
11 9 384.9 331.7
11 10 262.2 200.8
12 2 116.4 188.3
12 6 232.0 311.7
12 7 473.8 153.3
12 8 489.8 149.2
12 9 413.3 329.2
12 10 245.3 217.5
13 2 116.4 188.3
13 6 197.3 321.7
13 7 473.8 153.3
13 8 489.8 149.2
13 9 440.9 324.2
13 10 233.8 230.0
13 11 584.9 259.2
14 2 116.4 188.3
14 6 162.7 330.0
14 7 473.8 153.3
14 8 489.8 149.2
14 9 468.4 323.3
14 10 212.4 241.7
14 11 560.0 264.2
15 2 116.4 188.3
15 6 128.0 336.7
15 7 473.8 153.3
15 8 489.8 149.2
15 9 495.1 318.3
15 10 193.8 255.8
15 11 534.2 266.7
16 2 117.3 187.5
16 6 96.0 347.5
16 7 473.8 153.3
16 8 489.8 149.2
16 9 519.1 315.0
16 10 168.9 265.0
16 11 508.4 267.5
17 2 119.1 186.7
17 7 473.8 153.3
17 8 489.8 149.2
17 9 544.0 310.8
17 10 143.1 267.5
17 11 480.9 272.5
18 2 120.0 185.8
18 7 473.8 153.3
18 8 489.8 149.2
18 9 567.1 304.2
18 10 117.3 274.2
18 11 452.4 273.3
19 2 121.8 185.8
19 7 473.8 153.3
19 8 489.8 149.2
19 10 92.4 275.0
19 11 426.7 276.7
20 2 120.9 185.8
20 7 473.8 153.3
20 8 489.8 149.2
20 10 66.7 281.7
20 11 399.1 280.0
21 2 118.2 187.5
21 7 473.8 153.3
21 8 489.8 149.2
21 11 370.7 282.5
22 2 115.6 189.2
22 7 473.8 153.3
22 8 489.8 149.2
22 11 343.1 290.0
23 2 114.7 190.0
23 7 473.8 153.3
23 8 489.8 149.2
23 11 311.1 301.7
24 2 114.7 190.0
24 7 473.8 153.3
24 8 489.8 149.2
24 11 281.8 302.5
25 2 114.7 190.0
25 7 473.8 153.3
25 8 489.8 149.2
25 11 257.8 308.3
