1 1 374.2 154.2
1 2 220.4 325.0
1 3 250.7 299.2
1 4 395.6 261.7
1 5 310.2 330.8
1 6 23.1 290.0
1 7 37.3 372.5
1 8 16.9 408.3
1 9 145.8 195.0
2 2 199.1 324.2
2 3 226.7 292.5
2 4 419.6 263.3
2 5 288.9 330.8
2 6 47.1 280.8
2 7 52.4 376.7
2 8 37.3 403.3
2 9 145.8 195.0
3 2 176.0 323.3
3 3 208.0 300.0
3 4 438.2 269.2
3 5 266.7 326.7
3 6 71.1 274.2
3 7 70.2 378.3
3 8 54.2 403.3
3 9 145.8 195.0
4 2 152.9 327.5
4 3 187.6 300.8
4 4 464.9 275.0
4 5 248.0 324.2
4 6 96.0 270.8
4 7 91.6 378.3
4 8 72.0 407.5
4 9 145.8 195.0
5 2 132.4 329.2
5 3 161.8 293.3
5 4 488.0 279.2
5 5 224.9 325.8
5 6 121.8 263.3
5 7 109.3 382.5
5 8 91.6 406.7
5 9 145.8 195.8
6 2 111.1 326.7
6 3 140.4 295.8
6 4 511.1 287.5
6 5 205.3 323.3
6 6 144.9 260.8
6 7 127.1 384.2
6 8 111.1 405.8
6 9 145.8 195.8
7 2 89.8 327.5
7 3 120.9 301.7
7 4 533.3 291.7
7 5 184.0 318.3
7 6 170.7 259.2
7 7 144.9 382.5
7 8 130.7 408.3
7 9 145.8 195.8
8 2 66.7 330.0
8 3 96.9 295.8
8 5 166.2 320.8
8 6 197.3 255.0
8 7 160.9 383.3
8 8 147.6 405.0
8 9 145.8 195.8
9 2 46.2 326.7
9 3 77.3 296.7
9 5 144.9 321.7
9 6 226.7 257.5
9 7 177.8 383.3
9 8 171.6 406.7
9 9 145.8 195.8
10 5 120.9 316.7
10 6 250.7 260.0
10 7 198.2 379.2
10 8 186.7 405.0
10 9 145.8 195.8
11 5 98.7 318.3
11 6 279.1 260.0
11 7 214.2 376.7
11 8 208.9 407.5
11 9 145.8 195.8
12 5 72.9 321.7
12 6 303.1 266.7
12 7 231.1 377.5
12 8 227.6 402.5
12 9 145.8 195.8
12 10 567.1 336.7
12 11 49.8 430.0
12 12 41.8 402.5
13 6 328.9 267.5
13 7 248.9 374.2
13 8 241.8 401.7
13 9 145.8 195.8
13 10 529.8 334.2
13 11 67.6 430.0
13 12 56.9 400.0
14 6 352.9 268.3
14 7 264.9 370.0
14 8 257.8 400.8
14 9 145.8 195.8
14 10 494.2 329.2
14 11 83.6 430.0
14 12 72.0 396.7
15 6 377.8 271.7
15 7 281.8 374.2
15 8 273.8 400.8
15 9 145.8 195.8
15 10 455.1 325.8
15 11 99.6 425.0
15 12 88.0 397.5
16 6 403.6 270.0
16 7 296.9 371.7
16 8 289.8 396.7
16 9 145.8 195.8
16 10 413.3 317.5
16 11 113.8 422.5
16 12 103.1 395.8
17 6 427.6 272.5
17 7 313.8 368.3
17 8 302.2 390.8
17 9 145.8 195.8
17 10 372.4 315.8
17 11 128.9 425.0
17 12 121.8 390.8
17 13 28.4 370.8
18 6 452.4 275.8
18 7 328.0 370.8
18 8 318.2 392.5
18 9 145.8 195.8
18 10 335.1 309.2
18 11 144.0 421.7
18 12 136.9 389.2
18 13 64.0 362.5
19 6 479.1 276.7
19 7 343.1 374.2
19 8 336.0 397.5
19 9 145.8 195.8
19 10 294.2 308.3
19 11 158.2 417.5
19 12 157.3 390.8
19 13 98.7 360.0
19 14 639.1 244.2
19 15 639.1 265.0
20 6 504.0 282.5
20 7 360.9 372.5
20 8 353.8 396.7
20 9 145.8 195.8
20 10 250.7 307.5
20 11 176.9 420.8
20 12 170.7 385.8
20 13 132.4 354.2
21 6 528.9 285.8
21 7 376.9 370.8
21 8 370.7 395.8
21 9 145.8 195.8
21 10 211.6 305.0
21 11 191.1 416.7
21 12 191.1 381.7
21 13 167.1 346.7
21 15 639.1 265.0
22 6 553.8 286.7
22 7 395.6 372.5
22 8 388.4 395.0
22 9 145.8 195.8
22 10 171.6 305.0
22 11 207.1 411.7
22 12 208.0 384.2
22 13 203.6 344.2
23 6 577.8 292.5
23 7 410.7 369.2
23 8 408.9 395.0
23 9 145.8 196.7
23 10 132.4 303.3
23 11 225.8 411.7
23 12 227.6 381.7
23 13 240.0 335.8
23 15 639.1 263.3
24 6 602.7 294.2
24 7 426.7 363.3
24 8 426.7 392.5
24 9 145.8 196.7
24 10 92.4 309.2
24 11 247.1 410.8
24 12 244.4 376.7
24 13 277.3 330.0
24 15 639.1 262.5
25 6 627.6 294.2
25 7 442.7 363.3
25 8 442.7 391.7
25 9 145.8 196.7
25 11 265.8 406.7
25 12 260.4 376.7
25 13 312.0 325.0
25 15 639.1 263.3
