1 1 496.9 135.0
1 2 589.3 342.5
1 3 580.4 371.7
1 4 231.1 378.3
1 5 414.2 165.8
2 1 510.2 114.2
2 4 264.0 375.0
2 5 416.0 173.3
3 1 521.8 89.2
3 4 296.9 376.7
3 5 417.8 175.0
4 4 329.8 374.2
4 5 421.3 182.5
5 4 355.6 377.5
5 5 422.2 182.5
5 6 620.4 317.5
6 4 387.6 379.2
6 5 422.2 180.0
6 6 592.9 320.0
7 4 418.7 381.7
7 5 422.2 177.5
7 6 571.6 325.8
8 4 444.4 380.8
8 5 424.0 175.8
8 6 543.1 327.5
8 7 165.3 287.5
8 8 591.1 268.3
9 4 472.0 385.0
9 5 426.7 174.2
9 6 516.4 331.7
9 7 193.8 275.0
9 8 568.9 270.0
10 4 503.1 380.0
10 5 427.6 174.2
10 6 486.2 337.5
10 7 218.7 260.0
10 8 544.9 270.8
11 4 527.1 390.0
11 5 427.6 174.2
11 6 464.0 340.0
11 7 232.9 230.8
11 8 521.8 273.3
12 4 555.6 387.5
12 5 427.6 174.2
12 6 435.6 347.5
12 8 499.6 275.0
13 5 427.6 174.2
13 6 404.4 349.2
13 8 473.8 273.3
13 9 74.7 362.5
14 5 427.6 174.2
14 6 376.9 349.2
14 8 445.3 271.7
14 9 92.4 356.7
15 5 427.6 174.2
15 6 348.4 348.3
15 8 421.3 270.0
15 9 116.4 355.0
16 5 427.6 174.2
16 6 319.1 342.5
16 8 393.8 264.2
16 9 137.8 355.0
17 5 427.6 174.2
17 6 289.8 338.3
17 8 365.3 265.8
17 9 159.1 352.5
17 10 96.9 386.7
18 5 427.6 174.2
18 6 263.1 332.5
18 8 336.9 266.7
18 9 181.3 350.8
18 10 132.4 399.2
19 5 427.6 174.2
19 6 236.4 326.7
19 8 312.9 265.8
19 9 202.7 353.3
19 10 169.8 403.3
20 5 427.6 174.2
20 6 209.8 329.2
20 8 287.1 274.2
20 9 222.2 352.5
20 10 208.0 409.2
20 11 145.8 176.7
20 12 81.8 182.5
20 13 320.9 174.2
20 14 573.3 173.3
20 15 591.1 195.0
21 5 427.6 174.2
21 6 179.6 329.2
21 8 260.4 280.8
21 9 241.8 351.7
21 10 244.4 410.8
21 11 145.8 176.7
21 12 81.8 182.5
21 13 320.9 174.2
21 14 573.3 174.2
21 15 591.1 195.0
22 5 427.6 174.2
22 6 150.2 335.8
22 8 233.8 286.7
22 9 262.2 350.8
22 10 283.6 410.8
22 11 145.8 176.7
22 12 81.8 182.5
22 13 320.9 174.2
22 14 574.2 164.2
22 15 591.1 195.0
23 5 427.6 174.2
23 6 117.3 338.3
23 8 206.2 300.0
23 9 276.4 345.8
23 10 322.7 409.2
23 11 146.7 175.8
23 12 81.8 183.3
23 13 320.9 174.2
23 15 591.1 195.0
23 16 572.4 175.0
24 5 427.6 174.2
24 6 88.0 341.7
24 8 184.0 305.0
24 9 291.6 339.2
24 10 357.3 407.5
24 11 146.7 175.8
24 12 81.8 184.2
24 13 320.9 174.2
24 15 591.1 195.0
24 17 11.6 300.0
24 18 606.2 294.2
25 5 427.6 174.2
25 6 57.8 345.8
25 8 154.7 310.8
25 9 308.4 335.8
25 10 399.1 405.0
25 11 146.7 175.8
25 12 83.6 184.2
25 13 320.9 174.2
25 15 591.1 195.0
25 17 32.9 298.3
25 18 576.9 296.7
25 19 20.4 278.3
