1 1 148.4 195.0
1 2 391.1 187.5
1 3 232.0 245.8
1 4 544.0 295.0
1 5 541.3 336.7
1 6 229.3 287.5
1 7 191.1 178.3
1 8 370.7 295.0
1 9 571.6 371.7
2 1 148.4 195.0
2 2 391.1 187.5
2 4 565.3 295.0
2 5 568.0 325.8
2 6 204.4 286.7
2 7 191.1 178.3
2 8 344.0 300.8
2 9 561.8 367.5
2 10 219.6 255.0
3 1 148.4 195.0
3 2 391.1 188.3
3 4 591.1 295.8
3 5 593.8 330.0
3 6 178.7 290.0
3 7 191.1 178.3
3 8 318.2 309.2
3 9 548.4 365.0
3 10 207.1 261.7
4 1 148.4 195.0
4 2 391.1 188.3
4 6 154.7 290.8
4 7 191.1 178.3
4 8 293.3 318.3
4 9 537.8 365.0
4 10 207.1 269.2
4 11 13.3 314.2
5 1 148.4 195.0
5 2 391.1 188.3
5 6 123.6 285.8
5 7 191.1 178.3
5 8 263.1 325.8
5 9 526.2 368.3
5 10 199.1 263.3
5 11 38.2 327.5
6 1 148.4 195.0
6 2 391.1 188.3
6 6 95.1 289.2
6 7 191.1 178.3
6 8 237.3 340.0
6 9 518.2 369.2
6 10 185.8 259.2
6 11 61.3 336.7
7 1 148.4 195.0
7 2 391.1 188.3
7 6 71.1 287.5
7 7 191.1 178.3
7 8 216.9 356.7
7 9 509.3 367.5
7 10 172.4 264.2
7 11 88.0 347.5
7 12 13.3 378.3
8 1 148.4 195.0
8 2 391.1 188.3
8 6 42.7 290.0
8 7 191.1 178.3
8 8 192.0 378.3
8 9 501.3 365.0
8 10 154.7 267.5
8 11 108.4 359.2
8 12 31.1 378.3
9 1 148.4 195.0
9 2 391.1 188.3
9 6 16.0 290.8
9 7 191.1 178.3
9 8 172.4 396.7
9 9 496.0 365.0
9 10 140.4 269.2
9 11 137.8 363.3
9 12 46.2 375.8
10 1 148.4 195.0
10 2 391.1 188.3
10 7 191.1 178.3
10 8 140.4 427.5
10 9 487.1 366.7
10 10 125.3 270.8
10 11 161.8 374.2
10 12 64.0 364.2
11 1 148.4 195.0
11 2 394.7 186.7
11 7 191.1 178.3
11 9 482.7 368.3
11 10 108.4 278.3
11 11 184.9 383.3
11 12 77.3 357.5
12 1 148.4 195.0
12 2 391.1 189.2
12 7 191.1 178.3
12 9 481.8 367.5
12 10 94.2 282.5
12 11 206.2 395.0
12 12 96.0 352.5
13 1 148.4 195.0
13 2 391.1 189.2
13 7 191.1 178.3
13 9 480.9 366.7
13 10 76.4 283.3
13 11 223.1 413.3
13 12 110.2 347.5
14 1 148.4 195.0
14 2 391.1 189.2
14 7 191.1 178.3
14 9 480.0 360.8
14 10 59.6 286.7
14 11 241.8 430.0
14 12 124.4 336.7
15 1 148.4 195.0
15 2 391.1 189.2
15 7 191.1 178.3
15 10 40.9 290.8
15 12 137.8 327.5
15 13 484.4 355.8
16 1 148.4 195.0
16 2 391.1 188.3
16 7 191.1 178.3
16 12 156.4 324.2
16 13 488.0 347.5
17 1 148.4 195.0
17 2 391.1 188.3
17 12 171.6 320.8
17 13 492.4 335.8
17 14 191.1 179.2
18 1 148.4 195.0
18 2 391.1 188.3
18 12 188.4 314.2
18 13 497.8 327.5
18 14 191.1 179.2
19 1 148.4 195.0
19 2 391.1 188.3
19 12 204.4 309.2
19 13 509.3 321.7
19 14 191.1 179.2
20 1 148.4 195.0
20 2 390.2 189.2
20 12 223.1 310.0
20 13 520.0 314.2
20 14 191.1 179.2
21 1 148.4 195.0
21 2 389.3 190.0
21 12 240.0 308.3
21 13 531.6 305.8
21 14 191.1 179.2
22 1 148.4 195.0
22 2 392.9 190.0
22 12 253.3 299.2
22 13 549.3 302.5
22 14 191.1 179.2
23 1 148.4 195.0
23 2 392.9 189.2
23 12 267.6 289.2
23 13 561.8 297.5
23 14 191.1 179.2
23 15 610.7 379.2
24 1 148.4 195.0
24 2 393.8 187.5
24 12 284.4 285.8
24 13 573.3 294.2
24 14 191.1 179.2
24 15 580.4 377.5
25 16 300.4 281.7
