1 1 594.7 217.5
1 2 543.1 183.3
1 3 616.9 180.8
1 4 618.7 197.5
2 1 594.7 217.5
2 2 543.1 183.3
2 3 616.9 180.8
2 4 617.8 197.5
2 5 594.7 274.2
2 6 601.8 299.2
3 1 594.7 217.5
3 2 543.1 183.3
3 3 616.9 180.8
3 4 617.8 197.5
3 5 567.1 273.3
3 6 574.2 298.3
4 1 594.7 217.5
4 2 543.1 183.3
4 3 616.9 180.8
4 4 617.8 197.5
4 5 539.6 271.7
4 6 546.7 299.2
5 1 594.7 217.5
5 2 543.1 183.3
5 3 616.9 180.8
5 4 617.8 197.5
5 5 507.6 274.2
5 6 514.7 302.5
6 1 594.7 217.5
6 2 543.1 183.3
6 3 616.9 180.8
6 4 617.8 197.5
6 5 478.2 273.3
6 6 486.2 302.5
6 7 281.8 396.7
7 1 600.9 223.3
7 2 543.1 183.3
7 3 616.9 180.8
7 4 617.8 197.5
7 5 449.8 275.8
7 6 456.9 304.2
7 7 310.2 397.5
8 5 420.4 274.2
8 6 422.2 309.2
8 7 336.9 395.8
9 5 392.0 273.3
9 6 393.8 308.3
9 7 362.7 394.2
10 5 361.8 276.7
10 6 364.4 310.0
10 7 394.7 403.3
11 5 330.7 275.0
11 6 334.2 309.2
11 7 422.2 402.5
11 8 145.8 399.2
11 9 88.0 351.7
11 10 69.3 382.5
12 5 300.4 279.2
12 6 304.0 312.5
12 7 447.1 399.2
12 8 181.3 399.2
12 9 122.7 351.7
12 10 103.1 382.5
13 5 268.4 280.0
13 6 272.0 309.2
13 7 472.0 399.2
13 8 216.0 398.3
13 9 155.6 352.5
13 10 136.9 381.7
14 5 232.9 278.3
14 6 242.7 306.7
14 7 504.0 396.7
14 8 249.8 395.8
14 9 184.0 354.2
14 10 176.0 380.8
15 5 200.9 281.7
15 6 208.0 305.8
15 7 525.3 400.0
15 8 283.6 392.5
15 9 219.6 355.0
15 10 210.7 380.8
16 5 168.0 278.3
16 6 174.2 308.3
16 8 313.8 380.0
16 9 252.4 350.8
16 10 244.4 376.7
17 5 138.7 280.8
17 6 141.3 309.2
17 8 342.2 365.8
17 9 287.1 349.2
17 10 278.2 374.2
18 5 109.3 280.8
18 6 111.1 306.7
18 8 370.7 344.2
18 9 320.9 347.5
18 10 311.1 371.7
19 5 79.1 278.3
19 6 80.9 305.8
19 8 386.7 318.3
19 9 352.0 340.8
19 10 352.0 369.2
19 11 8.0 374.2
20 5 48.0 281.7
20 6 47.1 312.5
20 8 406.2 294.2
20 9 389.3 343.3
20 10 386.7 370.8
20 11 37.3 380.0
21 5 16.0 278.3
21 6 16.0 310.8
21 8 421.3 269.2
21 9 425.8 340.0
21 10 421.3 369.2
21 11 75.6 380.0
22 8 439.1 240.0
22 9 455.1 340.0
22 10 454.2 372.5
22 11 104.9 380.0
22 12 441.8 140.8
23 8 454.2 210.8
23 9 493.3 340.8
23 10 486.2 370.0
23 11 136.0 381.7
23 12 434.7 145.8
24 8 467.6 182.5
24 9 527.1 340.0
24 10 519.1 369.2
24 11 168.0 380.0
24 12 421.3 149.2
25 8 482.7 158.3
25 9 558.2 341.7
25 10 550.2 370.8
25 11 199.1 380.0
25 12 415.1 156.7
