1 1 45.3 307.5
1 2 87.1 306.7
1 3 35.6 365.0
1 4 38.2 396.7
2 1 45.3 307.5
2 2 87.1 306.7
2 3 42.7 365.8
2 4 44.4 397.5
3 1 45.3 307.5
3 2 87.1 306.7
3 3 51.6 365.0
3 4 53.3 396.7
4 1 45.3 307.5
4 2 87.1 306.7
4 3 62.2 360.0
4 4 64.9 395.0
5 1 45.3 307.5
5 2 87.1 306.7
5 3 70.2 357.5
5 4 73.8 393.3
6 1 46.2 307.5
6 2 87.1 306.7
6 3 82.7 357.5
6 4 85.3 391.7
7 1 46.2 307.5
7 2 87.1 306.7
7 3 91.6 358.3
7 4 92.4 390.8
7 5 304.0 405.8
8 1 46.2 307.5
8 2 87.1 306.7
8 3 102.2 355.0
8 4 106.7 383.3
8 5 272.9 407.5
9 1 45.3 307.5
9 2 87.1 306.7
9 3 112.9 349.2
9 4 114.7 385.8
9 5 240.0 411.7
9 6 564.4 345.8
10 1 45.3 307.5
10 2 87.1 306.7
10 3 121.8 346.7
10 4 123.6 384.2
10 5 203.6 411.7
10 6 543.1 351.7
11 1 45.3 307.5
11 2 87.1 306.7
11 3 133.3 345.8
11 4 135.1 378.3
11 5 174.2 416.7
11 6 522.7 358.3
12 1 45.3 307.5
12 2 87.1 306.7
12 3 142.2 345.0
12 4 144.9 375.8
12 5 143.1 418.3
12 6 504.0 364.2
13 1 45.3 307.5
13 2 87.1 306.7
13 3 155.6 339.2
13 4 158.2 370.0
13 6 484.4 372.5
14 1 45.3 307.5
14 2 87.1 306.7
14 3 167.1 332.5
14 4 168.9 366.7
14 6 470.2 380.0
15 1 45.3 307.5
15 2 87.1 306.7
15 3 179.6 335.0
15 4 178.7 365.8
15 6 455.1 385.8
15 7 568.9 333.3
16 1 45.3 307.5
16 2 87.1 306.7
16 3 188.4 336.7
16 4 185.8 366.7
16 7 541.3 330.0
17 1 46.2 307.5
17 2 87.1 306.7
17 3 202.7 333.3
17 4 199.1 362.5
17 7 514.7 335.0
18 1 46.2 306.7
18 2 87.1 306.7
18 3 214.2 329.2
18 4 209.8 359.2
18 7 487.1 337.5
19 1 47.1 305.8
19 2 87.1 306.7
19 3 223.1 329.2
19 4 224.0 360.0
19 7 458.7 340.0
20 1 48.0 305.0
20 2 87.1 306.7
20 3 234.7 331.7
20 4 232.9 359.2
20 7 432.0 346.7
21 1 48.0 304.2
21 2 87.1 306.7
21 3 243.6 331.7
21 4 242.7 359.2
21 7 404.4 345.8
22 1 43.6 301.7
22 2 87.1 306.7
22 3 256.0 326.7
22 4 249.8 357.5
22 7 376.9 356.7
23 1 44.4 298.3
23 2 87.1 306.7
23 3 264.9 324.2
23 4 261.3 356.7
23 7 347.6 360.8
24 1 44.4 297.5
24 2 87.1 306.7
24 3 273.8 325.8
24 4 272.9 354.2
24 7 319.1 370.8
25 1 44.4 296.7
25 2 87.1 306.7
25 3 280.9 326.7
25 4 280.0 354.2
25 7 289.8 379.2
