1 1 46.2 298.3
1 2 87.1 306.7
1 3 291.6 321.7
1 4 290.7 350.0
1 5 258.7 379.2
2 1 49.8 301.7
2 2 87.1 306.7
2 3 301.3 315.8
2 4 300.4 345.0
2 5 228.4 385.8
2 6 73.8 415.0
3 1 44.4 309.2
3 2 87.1 306.7
3 3 310.2 315.8
3 4 309.3 345.0
3 5 199.1 377.5
3 6 100.4 413.3
4 1 42.7 310.8
4 2 87.1 306.7
4 3 320.9 318.3
4 4 320.0 346.7
4 5 168.0 377.5
4 6 125.3 412.5
5 1 39.1 310.8
5 2 87.1 306.7
5 3 328.0 319.2
5 4 327.1 347.5
5 5 136.9 369.2
5 6 151.1 411.7
6 1 41.8 309.2
6 2 87.1 306.7
6 3 339.6 315.8
6 4 337.8 344.2
6 5 105.8 365.8
6 6 180.4 401.7
7 1 40.9 309.2
7 2 87.1 306.7
7 3 349.3 312.5
7 4 348.4 340.8
7 5 75.6 364.2
7 6 210.7 394.2
8 1 40.0 306.7
8 2 87.1 306.7
8 3 360.0 314.2
8 4 359.1 341.7
8 5 47.1 355.0
8 6 234.7 391.7
9 1 40.0 310.8
9 2 83.6 305.0
9 3 370.7 317.5
9 4 369.8 345.0
9 5 16.9 356.7
9 6 265.8 384.2
10 1 40.0 310.8
10 2 82.7 306.7
10 3 378.7 317.5
10 4 377.8 345.0
10 6 297.8 390.0
11 1 42.7 311.7
11 2 85.3 306.7
11 3 389.3 312.5
11 4 388.4 340.8
11 6 326.2 385.8
12 1 42.7 310.8
12 2 87.1 306.7
12 3 397.3 310.0
12 4 396.4 338.3
12 6 355.6 384.2
13 1 42.7 311.7
13 2 87.1 306.7
13 3 406.2 311.7
13 4 406.2 339.2
13 6 387.6 386.7
14 1 43.6 310.8
14 2 87.1 306.7
14 3 416.0 313.3
14 4 416.0 340.8
14 6 414.2 383.3
15 1 43.6 311.7
15 2 87.1 306.7
15 3 428.4 311.7
15 4 432.9 342.5
15 6 440.0 385.0
16 1 45.3 310.8
16 2 87.1 306.7
16 3 440.0 307.5
16 4 435.6 341.7
16 6 465.8 385.0
17 1 43.6 312.5
17 2 87.1 306.7
17 3 447.1 304.2
17 4 444.4 340.0
17 6 489.8 381.7
18 1 44.4 311.7
18 2 87.1 305.8
18 3 455.1 304.2
18 4 454.2 337.5
18 6 512.0 382.5
19 1 42.7 311.7
19 2 87.1 305.0
19 3 464.0 305.8
19 4 459.6 337.5
19 6 529.8 382.5
20 1 43.6 310.8
20 2 87.1 305.0
20 3 473.8 304.2
20 4 469.3 336.7
20 6 549.3 374.2
21 1 44.4 309.2
21 2 83.6 305.0
21 3 481.8 302.5
21 4 476.4 336.7
21 6 572.4 373.3
22 1 44.4 308.3
22 2 87.1 305.8
22 3 488.0 301.7
22 4 486.2 334.2
22 6 593.8 374.2
23 1 44.4 305.0
23 2 87.1 305.8
23 3 496.9 304.2
23 4 496.0 331.7
23 6 619.6 370.8
24 1 42.7 310.0
24 2 83.6 307.5
24 3 505.8 307.5
24 4 504.9 330.0
25 1 44.4 308.3
25 2 87.1 305.8
25 3 512.9 308.3
25 4 517.3 328.3
