1 1 20.1 273.1
1 2 241.7 303.3
1 3 269.8 308.1
1 4 242.0 326.5
1 5 23.6 403.6
1 6 2.6 391.7
1 7 198.2 333.4
1 8 2.4 192.3
1 9 15.6 305.2
1 10 533.0 235.5
1 11 548.8 259.2
2 2 241.6 303.3
2 3 269.8 308.1
2 4 241.9 326.4
2 5 23.6 403.9
2 6 2.6 392.0
2 7 191.7 335.3
2 10 517.1 245.6
2 11 533.3 270.6
3 2 241.6 303.3
3 3 269.9 308.1
3 4 241.8 326.4
3 5 23.6 404.1
3 6 2.5 392.4
3 7 184.3 338.8
3 10 500.8 254.5
3 11 515.4 279.6
4 2 241.5 303.3
4 3 269.9 308.2
4 4 241.7 326.3
4 5 23.6 404.4
4 6 2.4 392.8
4 7 175.1 342.0
4 10 482.6 258.0
4 11 496.9 287.9
5 2 241.4 303.3
5 3 270.0 308.2
5 4 241.6 326.2
5 5 23.6 404.6
5 6 2.3 393.2
5 7 161.8 344.5
5 10 464.0 261.4
5 11 476.7 294.4
5 12 8.6 361.5
5 13 8.3 315.4
6 2 241.4 303.3
6 3 270.0 308.2
6 4 241.5 326.2
6 5 23.6 404.9
6 6 2.2 393.5
6 7 147.1 344.5
6 10 441.3 263.1
6 11 452.5 296.7
6 12 26.6 362.3
6 13 38.6 307.1
6 14 10.2 371.1
7 2 241.3 303.3
7 3 270.1 308.3
7 4 241.4 326.1
7 5 23.6 405.1
7 6 2.1 393.9
7 7 129.3 338.7
7 10 418.7 264.4
7 11 428.3 299.0
7 12 44.7 363.2
7 13 68.9 298.7
7 14 28.0 370.9
8 2 241.2 303.3
8 3 270.2 308.3
8 4 241.3 326.0
8 5 23.6 405.4
8 6 2.0 394.3
8 7 111.6 332.9
8 10 396.7 262.4
8 11 404.5 298.6
8 12 62.6 363.4
8 13 95.3 292.5
8 14 45.8 370.6
9 2 241.2 303.3
9 3 270.2 308.3
9 4 241.2 326.0
9 5 23.6 405.6
9 6 1.9 394.6
9 7 92.2 328.5
9 10 374.7 260.4
9 11 381.3 294.0
9 12 80.1 362.5
9 13 121.7 286.2
9 14 63.6 370.4
10 2 241.1 303.3
10 3 270.3 308.4
10 4 241.1 325.9
10 5 23.6 405.9
10 6 1.8 395.0
10 7 72.0 325.0
10 10 353.5 255.7
10 11 358.0 289.4
10 12 97.7 361.6
10 13 148.2 280.0
10 14 81.4 370.7
11 2 241.0 303.3
11 3 270.3 308.4
11 4 241.0 325.8
11 5 23.6 406.2
11 6 1.8 395.4
11 7 49.8 323.6
11 10 332.3 250.9
11 11 336.0 284.4
11 12 115.2 360.7
11 13 173.8 276.0
11 14 99.1 370.9
12 2 240.9 303.3
12 3 270.4 308.4
12 4 241.0 325.8
12 5 23.6 406.4
12 6 1.7 395.8
12 7 27.6 322.2
12 10 311.8 245.5
12 11 316.9 278.0
12 12 132.8 361.1
12 13 198.2 275.3
12 14 116.9 371.2
13 2 240.9 303.3
13 3 270.4 308.5
13 4 240.9 325.7
13 5 23.6 406.7
13 6 1.6 396.1
13 7 6.0 323.3
13 10 291.3 240.1
13 11 297.8 271.7
13 12 150.4 362.2
13 13 222.7 274.6
13 14 134.8 371.8
13 15 631.7 226.7
14 2 240.8 303.3
14 3 270.5 308.5
14 4 240.8 325.6
14 5 23.6 406.9
14 6 1.5 396.5
14 10 270.3 238.7
14 11 278.7 265.4
14 12 167.9 363.3
14 13 249.3 277.5
14 14 152.8 372.6
14 15 618.8 229.2
15 2 240.7 303.3
15 3 270.6 308.5
15 4 240.7 325.6
15 5 23.6 407.2
15 6 1.4 396.9
15 10 248.8 239.9
15 11 260.0 264.0
15 12 185.5 364.4
15 13 276.6 280.8
15 14 170.8 373.4
15 15 605.9 231.6
15 16 633.6 247.2
16 2 240.7 303.3
16 3 270.6 308.6
16 4 240.6 325.5
16 5 23.6 407.4
16 6 1.2 397.6
16 10 227.4 241.1
16 11 241.3 262.5
16 12 203.0 365.4
16 13 305.1 284.7
16 14 188.8 374.2
16 15 593.1 234.0
16 16 623.3 251.6
17 2 240.6 303.3
17 3 270.7 308.6
17 4 240.5 325.4
17 5 23.6 407.7
17 6 1.0 398.6
17 10 206.3 242.9
17 11 222.2 261.7
17 12 220.0 365.4
17 13 333.9 287.8
17 14 206.6 374.3
17 15 579.1 237.4
17 16 612.9 256.1
17 17 628.4 232.4
18 2 240.5 303.4
18 3 270.7 308.6
18 4 240.4 325.4
18 5 23.6 407.9
18 6 0.8 399.6
18 10 186.4 247.1
18 11 199.7 266.7
18 12 237.0 365.4
18 13 363.1 289.6
18 14 224.1 373.6
18 15 563.6 242.3
18 16 602.1 259.7
18 17 617.8 235.8
19 2 240.5 303.4
19 3 270.8 308.6
19 4 240.3 325.3
19 5 23.6 408.2
19 6 0.5 400.6
19 10 166.5 251.3
19 11 177.2 271.6
19 12 253.9 365.4
19 13 392.3 291.4
19 14 241.7 373.0
19 15 548.0 247.3
19 16 590.6 262.2
19 17 607.2 239.3
20 2 240.4 303.4
20 3 270.8 308.7
20 4 240.2 325.2
20 5 23.6 408.5
20 6 0.3 401.6
20 10 146.8 255.4
20 11 154.7 276.6
20 12 270.9 365.4
20 13 421.4 293.7
20 14 259.2 372.4
20 15 533.7 252.2
20 16 579.1 264.6
20 17 595.6 242.5
21 2 240.3 303.4
21 3 270.9 308.7
21 4 240.1 325.2
21 5 23.6 408.7
21 6 0.1 402.6
21 10 127.6 259.6
21 11 135.5 281.2
21 12 287.8 363.9
21 13 450.4 296.5
21 14 276.6 371.6
21 15 524.6 256.7
21 16 567.6 267.0
21 17 580.4 244.5
22 2 240.3 303.4
22 3 271.0 308.7
22 4 240.0 325.1
22 5 18.1 422.2
22 10 108.3 263.8
22 11 116.7 285.7
22 12 304.6 361.7
22 13 479.3 299.3
22 14 293.8 370.4
22 15 515.4 261.3
22 16 555.5 269.5
22 17 565.2 246.4
23 2 240.2 303.4
23 3 271.0 308.8
23 4 239.9 325.0
23 5 12.6 435.7
23 10 89.0 267.9
23 11 98.0 290.2
23 12 321.4 359.5
23 13 507.9 295.7
23 14 310.9 369.1
23 15 505.9 265.6
23 16 542.0 272.1
23 17 550.0 248.4
24 2 240.1 303.4
24 3 271.1 308.8
24 4 239.8 325.0
24 5 10.2 450.2
24 10 70.2 271.4
24 11 79.5 294.1
24 12 338.2 357.4
24 13 536.5 291.4
24 14 328.0 367.9
24 15 493.6 267.6
24 16 528.5 274.7
24 17 535.7 250.6
25 2 240.0 303.4
25 3 271.1 308.8
25 4 239.7 324.9
25 5 8.2 464.8
25 10 51.6 274.5
25 11 61.5 297.1
25 12 354.9 355.2
25 13 565.0 287.1
25 14 345.0 366.6
25 15 481.4 269.7
25 16 514.7 277.6
25 17 522.8 253.1
