1 1 298.0 310.1
1 2 232.4 338.4
1 3 230.5 361.3
1 4 162.5 264.7
1 5 144.1 313.6
1 6 121.3 357.9
1 7 121.6 333.5
2 1 310.9 310.7
2 2 252.2 338.2
2 3 248.9 361.5
2 4 181.3 267.2
2 5 162.5 311.9
2 6 140.5 356.6
2 7 144.3 333.0
3 1 322.3 311.1
3 2 272.1 338.0
3 3 267.2 361.8
3 4 199.9 269.5
3 5 180.8 310.1
3 6 159.6 356.4
3 7 164.1 334.2
4 1 324.4 313.4
4 2 291.6 337.7
4 3 285.5 362.1
4 4 218.6 271.9
4 5 199.2 308.3
4 6 178.7 356.6
4 7 183.1 335.7
4 8 618.6 329.5
5 1 322.3 316.5
5 2 310.5 337.3
5 3 303.8 362.5
5 4 237.3 274.2
5 5 217.2 306.6
5 6 197.7 356.8
5 7 202.0 337.3
5 8 593.6 324.3
6 1 320.3 319.6
6 2 329.5 336.9
6 3 322.1 362.8
6 4 254.7 275.4
6 5 234.4 304.8
6 6 216.8 357.0
6 7 220.9 338.8
6 8 568.8 319.1
7 1 319.7 325.0
7 2 348.4 336.4
7 3 340.9 363.6
7 4 270.7 275.4
7 5 251.7 303.1
7 6 233.2 356.4
7 7 238.2 339.2
7 8 546.1 314.5
7 9 632.8 334.9
7 10 635.1 357.1
8 1 324.6 339.8
8 2 368.2 336.4
8 3 360.0 364.7
8 4 286.7 275.4
8 5 268.9 301.4
8 6 247.7 355.3
8 7 255.6 339.5
8 8 523.4 309.9
8 9 612.4 328.5
8 10 614.2 349.3
9 1 332.3 355.0
9 2 388.5 336.7
9 3 379.0 365.7
9 4 301.7 275.9
9 5 289.3 304.2
9 6 262.2 354.2
9 7 275.1 338.9
9 8 500.7 305.2
9 9 592.0 322.0
9 10 593.2 341.5
10 1 344.1 370.8
10 2 408.8 337.1
10 3 398.1 366.8
10 4 315.8 277.0
10 5 310.1 307.4
10 6 278.4 353.5
10 7 294.8 338.1
10 8 477.8 299.7
10 9 570.9 316.3
10 10 572.3 333.7
11 1 358.7 388.1
11 2 429.0 337.4
11 3 417.2 367.8
11 4 329.5 278.4
11 5 330.8 310.6
11 6 295.8 353.1
11 7 314.5 337.3
11 8 454.7 293.3
11 9 549.0 311.5
11 10 551.3 327.5
12 1 375.1 406.5
12 2 449.3 337.7
12 3 438.7 367.2
12 4 339.8 282.7
12 5 351.8 312.9
12 6 313.8 354.2
12 7 334.5 338.6
12 8 431.6 286.9
12 9 527.2 306.8
12 10 530.3 321.4
12 11 8.0 170.7
13 1 391.1 425.4
13 2 469.1 338.1
13 3 460.6 366.5
13 4 350.1 287.0
13 5 373.5 312.9
13 6 332.7 357.5
13 7 354.5 340.7
13 8 408.0 281.1
13 9 506.0 301.6
13 10 509.3 315.3
13 11 12.6 181.9
14 1 407.1 444.5
14 2 487.6 338.8
14 3 482.4 365.7
14 4 362.7 291.9
14 5 395.2 312.9
14 6 351.9 360.8
14 7 374.6 342.9
14 8 384.0 275.9
14 9 487.2 295.0
14 10 489.2 308.7
14 11 17.3 193.2
15 1 423.4 463.4
15 2 506.0 339.4
15 3 504.2 364.9
15 4 376.8 297.2
15 5 417.3 313.7
15 6 373.3 364.5
15 7 395.2 345.4
15 8 359.9 270.6
15 9 468.4 288.4
15 10 469.8 301.6
15 11 24.7 202.4
15 12 6.8 213.8
16 2 524.5 340.1
16 3 524.9 364.6
16 4 392.1 301.6
16 5 439.6 314.8
16 6 394.7 368.2
16 7 418.1 349.4
16 8 337.5 265.4
16 9 449.5 281.7
16 10 450.4 294.5
16 11 32.8 211.1
16 12 18.2 222.1
17 2 543.0 340.7
17 3 544.6 364.6
17 4 409.1 304.5
17 5 461.8 315.8
17 6 416.8 372.4
17 7 441.0 353.5
17 8 315.4 260.3
17 9 430.7 276.6
17 10 431.1 289.6
17 11 43.3 218.3
17 12 29.7 230.4
18 2 561.3 341.2
18 3 564.3 364.6
18 4 426.3 307.2
18 5 484.0 317.9
18 6 439.8 377.3
18 7 463.9 357.5
18 8 293.3 255.1
18 9 411.8 271.8
18 10 411.8 285.0
18 11 55.4 224.4
18 12 44.2 237.6
19 2 579.1 341.0
19 3 584.0 364.6
19 4 444.9 307.9
19 5 506.2 320.7
19 6 462.8 382.2
19 7 488.7 358.1
19 8 271.5 249.5
19 9 393.0 267.0
19 10 392.4 280.4
19 11 67.6 230.5
19 12 60.8 244.0
20 2 596.9 340.8
20 3 603.8 364.3
20 4 463.5 308.7
20 5 528.4 323.5
20 6 486.4 384.9
20 7 513.6 358.4
20 8 249.7 243.9
20 9 373.2 263.1
20 10 373.1 276.5
20 11 83.1 235.5
20 12 77.4 250.4
21 2 614.7 340.6
21 3 623.5 364.0
21 4 482.1 309.5
21 5 550.7 326.2
21 6 510.3 386.6
21 7 538.5 358.7
21 8 227.9 238.2
21 9 352.4 260.0
21 10 353.7 272.7
21 11 100.9 239.8
21 12 95.2 255.0
22 2 632.4 340.5
22 4 500.2 312.8
22 5 572.3 328.9
22 6 534.2 387.8
22 7 562.8 359.7
22 8 205.9 235.4
22 9 331.7 256.9
22 10 334.3 269.0
22 11 118.7 244.1
22 12 113.9 258.4
23 4 518.3 316.3
23 5 593.0 331.2
23 6 558.4 387.2
23 7 586.8 361.0
23 8 183.8 233.2
23 9 311.7 253.3
23 10 314.8 266.4
23 11 137.1 248.4
23 12 132.6 261.9
24 4 536.3 319.8
24 5 611.7 335.1
24 6 582.6 386.6
24 7 610.6 362.7
24 8 161.7 231.1
24 9 292.5 249.0
24 10 295.3 263.7
24 11 156.1 252.7
24 12 151.1 265.9
25 4 553.0 324.6
25 5 625.6 342.3
25 6 605.8 387.7
25 7 631.9 369.4
25 8 139.8 230.8
25 9 273.3 244.7
25 10 275.9 260.9
25 11 175.1 257.0
25 12 169.5 270.2
