1 1 256.5 341.0
1 2 274.5 346.2
1 3 290.4 373.7
1 4 255.5 369.6
1 5 122.6 314.9
1 6 154.6 283.7
1 7 398.5 268.3
1 8 404.6 309.1
1 9 396.6 296.5
1 10 405.7 324.2
1 11 586.6 347.4
2 1 256.5 341.0
2 2 274.4 346.2
2 3 290.4 373.7
2 4 255.5 369.6
2 5 102.6 310.0
2 6 139.2 279.8
2 7 416.0 271.8
2 8 420.5 311.2
2 9 413.4 299.2
2 10 386.1 320.9
2 11 559.7 345.0
3 1 256.4 341.0
3 2 274.4 346.2
3 3 290.4 373.7
3 4 255.5 369.6
3 5 83.7 306.4
3 6 123.8 275.8
3 7 433.4 275.2
3 8 436.3 313.2
3 9 430.6 301.8
3 10 366.9 317.5
3 11 533.7 342.5
4 1 256.4 341.0
4 2 274.4 346.2
4 3 290.4 373.7
4 4 255.5 369.6
4 5 64.9 302.7
4 6 109.8 270.2
4 7 451.3 278.7
4 8 452.2 315.2
4 9 447.9 304.4
4 10 347.7 314.1
4 11 508.7 340.0
5 1 256.4 340.9
5 2 274.4 346.2
5 3 290.4 373.7
5 4 255.5 369.6
5 5 47.9 297.6
5 6 96.0 264.4
5 7 469.3 282.3
5 8 469.8 317.2
5 9 465.0 307.1
5 10 328.5 310.7
5 11 483.7 337.4
6 1 256.4 340.9
6 2 274.3 346.2
6 3 290.4 373.7
6 4 255.5 369.6
6 5 32.1 291.5
6 6 82.1 258.6
6 7 487.4 285.8
6 8 487.5 319.1
6 9 481.8 310.2
6 10 309.3 307.3
6 11 458.7 334.9
7 1 256.3 340.9
7 2 274.3 346.2
7 3 290.4 373.7
7 4 255.4 369.6
7 5 18.4 284.6
7 6 69.3 251.9
7 7 505.4 289.8
7 8 505.3 321.1
7 9 498.6 313.2
7 10 289.7 307.1
7 11 434.2 331.5
8 1 256.3 340.9
8 2 274.3 346.2
8 3 290.4 373.7
8 4 255.4 369.6
8 5 7.9 276.2
8 6 58.8 242.9
8 7 523.5 294.4
8 8 523.7 324.9
8 9 515.4 316.2
8 10 270.0 308.2
8 11 412.2 324.4
9 1 256.3 340.9
9 2 274.3 346.2
9 3 290.3 373.7
9 4 255.4 369.6
9 6 48.3 233.9
9 7 541.5 299.0
9 8 542.7 330.4
9 9 532.3 321.1
9 10 250.2 309.4
9 11 390.1 317.3
10 1 256.3 340.9
10 2 274.2 346.2
10 3 290.3 373.7
10 4 255.4 369.6
10 6 37.8 225.0
10 7 559.5 303.7
10 8 561.6 336.0
10 9 549.2 326.8
10 10 230.4 310.7
10 11 369.1 310.6
11 1 256.2 340.9
11 2 274.2 346.2
11 3 290.3 373.7
11 4 255.4 369.6
11 6 29.9 216.7
11 7 577.2 308.6
11 8 579.5 340.9
11 9 566.2 332.5
11 10 210.1 313.2
11 11 349.2 304.3
12 1 256.2 340.9
12 2 274.2 346.2
12 3 290.3 373.7
12 4 255.3 369.6
12 6 25.6 209.3
12 7 594.7 313.6
12 8 596.4 345.1
12 9 583.3 337.3
12 10 189.9 315.8
12 11 329.3 297.9
13 1 256.2 340.9
13 2 274.2 346.2
13 3 290.3 373.7
13 4 255.3 369.6
13 6 21.4 202.0
13 7 612.3 318.7
13 8 613.3 349.4
13 9 600.6 341.1
13 10 169.6 318.4
13 11 310.5 291.4
14 1 256.2 340.9
14 2 274.1 346.2
14 3 290.3 373.7
14 4 255.3 369.6
14 6 17.2 194.6
14 7 629.9 323.7
14 8 630.1 353.7
14 9 617.9 345.0
14 10 149.2 320.9
14 11 292.5 284.7
15 1 256.2 340.9
15 2 274.1 346.2
15 3 290.3 373.7
15 4 255.3 369.6
15 9 635.2 348.8
15 10 128.5 323.6
15 11 274.5 278.1
16 1 256.1 340.9
16 2 274.1 346.2
16 3 290.3 373.7
16 4 255.3 369.6
16 10 107.9 326.4
16 11 256.4 271.7
16 12 410.7 101.2
17 1 256.1 340.9
17 2 274.1 346.2
17 3 290.2 373.7
17 4 255.3 369.6
17 10 87.2 329.1
17 11 237.7 267.3
17 12 411.2 116.9
18 1 256.1 340.9
18 2 274.0 346.2
18 3 290.2 373.7
18 4 255.2 369.6
18 10 66.6 331.3
18 11 219.0 263.0
18 12 411.8 132.6
19 1 256.1 340.9
19 2 274.0 346.2
19 3 290.2 373.7
19 4 255.2 369.6
19 10 46.0 333.0
19 11 200.5 258.6
19 12 412.3 148.3
19 13 22.3 370.8
19 14 5.7 355.1
20 1 256.0 340.9
20 2 274.0 346.2
20 3 290.2 373.7
20 4 255.2 369.6
20 10 25.4 334.8
20 11 183.0 253.5
20 12 412.8 164.0
20 13 48.5 367.9
20 14 31.7 352.0
21 1 256.0 340.9
21 2 274.0 346.2
21 3 290.2 373.7
21 4 255.2 369.6
21 10 4.9 336.5
21 11 165.6 248.5
21 12 411.9 181.3
21 13 74.6 365.0
21 14 57.6 348.8
22 1 256.0 340.9
22 2 273.9 346.2
22 3 290.2 373.7
22 4 255.2 369.6
22 11 148.2 244.6
22 12 410.7 199.1
22 13 100.2 361.1
22 14 83.1 343.7
23 1 256.0 340.9
23 2 273.9 346.2
23 3 290.2 373.7
23 4 255.2 369.6
23 11 130.9 242.6
23 12 400.0 214.7
23 13 124.3 355.1
23 14 108.5 337.8
24 1 256.0 340.9
24 2 273.9 346.2
24 3 290.2 373.7
24 4 255.1 369.6
24 11 113.6 240.6
24 12 381.9 226.9
24 13 148.5 349.1
24 14 133.9 331.8
25 1 255.9 340.9
25 2 273.9 346.2
25 3 290.1 373.7
25 4 255.1 369.6
25 11 96.3 238.5
25 12 361.5 234.8
25 13 172.8 343.1
25 14 157.9 325.7
25 15 636.0 314.6
