1 1 240.8 304.7
1 2 281.7 355.5
1 3 228.0 322.1
1 4 288.7 375.3
1 5 260.6 371.6
1 6 21.1 183.1
1 7 350.7 250.4
1 8 343.6 260.4
1 9 413.8 341.2
1 10 442.7 325.3
1 11 11.1 222.1
2 1 241.9 304.9
2 2 281.8 355.3
2 3 227.8 322.1
2 4 288.7 375.3
2 5 260.6 371.6
2 6 12.9 167.1
2 7 367.9 254.3
2 8 360.9 264.4
2 9 394.1 336.4
2 10 422.6 322.5
2 11 17.6 229.7
3 1 243.1 305.1
3 2 281.8 355.2
3 3 227.6 322.1
3 4 288.8 375.2
3 5 260.6 371.6
3 7 385.2 258.3
3 8 378.2 268.4
3 9 374.8 331.3
3 10 404.5 318.3
3 11 24.0 237.2
3 12 16.2 256.7
4 1 244.2 305.3
4 2 281.9 355.0
4 3 227.4 322.1
4 4 288.8 375.2
4 5 260.6 371.6
4 7 402.4 262.2
4 8 396.3 273.4
4 9 358.1 323.6
4 10 386.4 314.2
4 11 33.8 242.2
4 12 28.2 264.6
5 1 245.3 305.5
5 2 281.9 354.8
5 3 227.2 322.1
5 4 288.9 375.2
5 5 260.5 371.6
5 7 419.3 265.8
5 8 414.3 278.3
5 9 341.4 315.9
5 10 369.0 309.5
5 11 44.3 246.5
5 12 40.1 272.4
6 1 246.4 305.7
6 2 282.0 354.7
6 3 230.5 322.8
6 4 289.0 375.1
6 5 260.5 371.5
6 7 435.9 269.3
6 8 432.3 283.3
6 9 324.8 308.2
6 10 353.1 303.9
6 11 54.8 250.7
6 12 52.3 279.2
7 1 247.5 305.9
7 2 282.0 354.5
7 3 236.1 324.0
7 4 289.0 375.1
7 5 260.5 371.5
7 7 452.6 272.8
7 8 450.1 288.5
7 9 308.2 300.7
7 10 337.3 298.2
7 11 65.3 253.1
7 12 65.1 283.7
8 1 248.7 306.1
8 2 282.1 354.4
8 3 241.7 325.3
8 4 289.1 375.1
8 5 260.4 371.5
8 7 470.7 276.8
8 8 467.7 294.1
8 9 292.7 294.7
8 10 320.1 292.5
8 11 75.7 255.6
8 12 77.9 288.1
9 1 250.3 306.6
9 2 282.1 354.2
9 3 250.2 324.6
9 4 289.2 375.1
9 5 260.4 371.5
9 7 490.2 281.3
9 8 485.3 299.7
9 9 277.1 288.7
9 10 301.6 286.8
9 11 86.2 258.0
9 12 90.7 292.5
10 1 252.8 307.6
10 2 282.2 354.0
10 3 259.1 323.7
10 4 289.2 375.0
10 5 260.4 371.5
10 7 509.8 285.7
10 8 502.9 305.3
10 9 261.6 283.9
10 10 283.2 281.0
10 11 96.0 263.7
10 12 104.6 294.8
11 1 255.3 308.6
11 2 282.2 353.9
11 3 268.0 322.6
11 4 289.3 375.0
11 5 260.4 371.5
11 7 529.0 291.1
11 8 520.5 311.0
11 9 246.2 281.7
11 10 263.3 275.1
11 11 105.6 270.8
11 12 118.5 296.9
12 1 257.8 309.5
12 2 282.3 353.7
12 3 277.3 319.7
12 4 289.3 375.0
12 5 260.3 371.5
12 7 547.7 297.6
12 8 540.5 316.9
12 9 230.8 279.4
12 10 243.3 269.2
12 11 115.1 277.9
12 12 132.4 299.0
13 1 259.9 310.6
13 2 282.3 353.6
13 3 286.5 316.9
13 4 289.4 374.9
13 5 260.3 371.5
13 7 566.5 304.0
13 8 561.2 323.0
13 9 214.6 277.3
13 10 224.3 264.8
13 11 124.0 282.5
13 12 145.2 301.0
14 1 258.8 312.3
14 2 282.4 353.4
14 3 294.0 314.5
14 4 289.5 374.9
14 5 260.3 371.5
14 7 585.3 310.4
14 8 581.9 329.0
14 9 198.1 275.2
14 10 206.2 261.9
14 11 132.9 287.2
14 12 157.9 303.1
15 1 257.8 314.0
15 2 282.4 353.3
15 3 299.7 312.7
15 4 289.5 374.9
15 5 260.2 371.4
15 7 604.3 316.7
15 8 602.6 335.1
15 9 181.6 273.1
15 10 188.1 259.1
15 11 142.3 290.5
15 12 170.7 305.2
15 13 634.3 178.8
16 1 256.7 315.7
16 2 282.5 353.1
16 3 305.4 310.9
16 4 289.6 374.9
16 5 260.2 371.4
16 7 623.3 323.1
16 8 623.3 341.2
16 9 164.7 271.5
16 10 168.5 258.4
16 11 152.8 290.7
16 12 182.9 303.4
16 13 616.5 178.8
17 1 255.7 317.4
17 2 282.6 352.9
17 3 315.6 312.6
17 4 289.6 374.8
17 5 260.2 371.4
17 9 144.8 274.3
17 10 147.9 259.1
17 11 163.3 291.0
17 12 195.0 301.1
17 13 599.7 178.9
17 14 634.9 223.9
18 1 254.6 319.1
18 2 282.6 352.8
18 3 327.8 315.6
18 4 289.7 374.8
18 5 260.1 371.4
18 9 125.0 277.1
18 10 127.3 261.5
18 11 173.8 291.2
18 12 207.2 298.8
18 13 587.2 179.3
18 14 620.2 216.3
19 1 253.7 321.3
19 2 282.7 352.6
19 3 345.2 318.0
19 4 289.8 374.8
19 5 260.1 371.4
19 9 105.2 280.0
19 10 106.5 266.4
19 11 187.7 289.2
19 12 219.7 296.9
19 13 575.4 174.7
19 14 605.5 208.7
20 1 253.0 325.6
20 2 282.7 352.5
20 3 364.0 320.1
20 4 289.8 374.7
20 5 260.1 371.4
20 9 86.5 284.3
20 10 85.8 271.3
20 11 201.6 287.1
20 12 232.6 295.3
20 13 565.3 165.0
20 14 594.0 195.1
21 1 252.4 330.0
21 2 282.8 352.3
21 3 383.6 322.3
21 4 289.9 374.7
21 5 260.1 371.4
21 9 67.7 288.7
21 10 67.2 274.6
21 11 215.4 285.0
21 12 245.5 293.7
21 13 557.9 155.4
21 14 582.9 180.9
21 15 623.4 209.8
22 1 251.7 334.4
22 2 282.8 352.1
22 3 411.3 324.7
22 4 289.9 374.7
22 5 260.0 371.4
22 9 49.0 292.7
22 10 48.7 277.9
22 11 231.0 281.6
22 12 259.1 294.0
22 13 553.1 145.4
22 14 574.6 166.7
22 15 608.3 199.9
23 1 251.1 338.7
23 2 282.9 352.0
23 3 438.9 327.1
23 4 290.0 374.7
23 5 260.0 371.3
23 9 30.3 296.5
23 10 30.1 281.2
23 11 246.9 278.0
23 12 273.3 296.0
23 13 552.5 134.9
23 14 569.1 152.6
23 15 594.7 188.9
24 1 250.8 341.9
24 2 282.9 351.8
24 3 467.7 330.6
24 4 290.1 374.6
24 5 260.0 371.3
24 9 11.6 300.2
24 10 11.5 284.6
24 11 262.9 274.3
24 12 287.4 298.1
24 13 551.8 124.4
24 14 563.6 138.6
24 15 584.5 175.3
25 1 250.6 345.0
25 2 283.0 351.7
25 3 499.1 336.9
25 4 290.1 374.6
25 5 259.9 371.3
25 11 279.0 272.8
25 12 301.6 300.2
25 13 550.9 111.5
25 14 562.0 124.1
25 15 574.3 161.7
