1 1 255.7 349.0
1 2 276.9 346.2
1 3 291.7 373.7
1 4 258.5 370.7
1 5 277.2 264.8
1 6 280.9 283.8
1 7 418.6 313.9
1 8 137.3 327.1
1 9 130.3 302.3
1 10 20.5 321.9
2 1 255.6 349.0
2 2 276.8 346.2
2 3 291.7 373.7
2 4 258.4 370.7
2 5 288.2 264.6
2 6 292.0 284.1
2 7 392.2 311.7
2 8 161.8 324.3
2 9 154.9 301.2
2 10 39.1 323.9
3 1 255.4 349.1
3 2 276.8 346.2
3 3 291.7 373.7
3 4 258.4 370.7
3 5 299.3 264.6
3 6 303.1 284.3
3 7 365.7 309.4
3 8 184.2 321.9
3 9 178.6 299.9
3 10 58.0 324.8
4 1 255.3 349.2
4 2 276.8 346.2
4 3 291.7 373.7
4 4 258.4 370.7
4 5 310.4 264.6
4 6 314.2 284.6
4 7 339.6 311.0
4 8 206.5 319.5
4 9 200.7 298.2
4 10 78.1 322.6
4 11 627.2 249.0
5 1 255.1 349.3
5 2 276.8 346.2
5 3 291.7 373.7
5 4 258.3 370.7
5 5 319.0 265.9
5 6 324.7 284.9
5 7 313.8 314.3
5 8 228.9 317.1
5 9 222.8 296.6
5 10 98.2 320.5
5 11 610.8 254.0
6 1 255.0 349.3
6 2 276.8 346.2
6 3 291.7 373.7
6 4 258.3 370.7
6 5 327.3 267.3
6 6 335.1 285.3
6 7 288.3 317.3
6 8 249.9 311.8
6 9 244.9 294.9
6 10 118.3 317.5
6 11 594.5 259.0
7 1 254.8 349.4
7 2 276.7 346.2
7 3 291.7 373.7
7 4 258.3 370.7
7 5 335.6 268.8
7 6 343.3 285.7
7 7 263.6 319.8
7 8 271.1 307.1
7 9 267.3 294.3
7 10 138.9 311.6
7 11 578.1 264.1
8 1 254.7 349.5
8 2 276.7 346.2
8 3 291.6 373.7
8 4 258.3 370.6
8 5 341.1 264.0
8 6 350.6 286.1
8 7 238.6 322.1
8 8 293.6 307.6
8 9 289.7 294.0
8 10 159.4 305.6
8 11 558.6 267.5
9 1 254.5 349.6
9 2 276.7 346.2
9 3 291.6 373.7
9 4 258.2 370.6
9 5 346.6 259.2
9 6 354.9 285.0
9 7 211.0 322.7
9 8 317.5 309.1
9 9 312.0 294.4
9 10 180.0 299.6
9 11 538.7 270.6
10 1 254.3 349.7
10 2 276.7 346.2
10 3 291.6 373.7
10 4 258.2 370.6
10 5 347.2 258.8
10 6 356.4 282.5
10 7 183.5 323.2
10 8 343.5 312.2
10 9 334.2 296.5
10 10 201.3 299.6
10 11 518.8 273.8
11 1 254.2 349.7
11 2 276.6 346.2
11 3 291.6 373.7
11 4 258.2 370.6
11 5 347.3 258.9
11 6 357.8 280.1
11 7 156.0 324.0
11 8 369.5 315.3
11 9 356.4 298.5
11 10 222.5 299.6
11 11 498.7 275.3
12 1 254.0 349.8
12 2 276.6 346.2
12 3 291.6 373.7
12 4 258.1 370.6
12 5 347.3 259.0
12 6 359.3 277.6
12 7 129.7 326.4
12 8 394.6 318.8
12 9 379.0 300.7
12 10 243.7 303.0
12 11 478.4 275.0
13 1 253.9 349.9
13 2 276.6 346.2
13 3 291.6 373.7
13 4 258.1 370.6
13 5 347.4 259.0
13 6 361.7 277.1
13 7 103.3 328.8
13 8 419.3 322.5
13 9 404.1 303.8
13 10 264.8 308.0
13 11 458.1 274.7
14 1 253.7 350.0
14 2 276.6 346.2
14 3 291.6 373.7
14 4 258.1 370.6
14 5 347.5 259.1
14 6 364.4 277.1
14 7 76.9 331.2
14 8 444.0 326.2
14 9 429.2 306.9
14 10 285.9 312.9
14 11 438.4 270.1
14 12 4.1 369.3
15 1 253.6 350.0
15 2 276.5 346.2
15 3 291.6 373.7
15 4 258.0 370.6
15 5 347.6 259.2
15 6 367.0 277.1
15 7 50.2 335.8
15 8 468.7 329.7
15 9 454.4 310.0
15 10 307.6 317.0
15 11 419.0 263.6
15 12 22.1 366.2
16 1 253.4 350.1
16 2 276.5 346.2
16 3 291.5 373.7
16 4 258.0 370.6
16 5 347.6 259.3
16 6 366.6 277.4
16 7 23.6 340.4
16 8 493.8 331.2
16 9 479.1 312.7
16 10 330.0 320.1
16 11 400.4 257.5
16 12 40.1 363.2
16 13 4.9 324.6
17 1 253.3 350.2
17 2 276.5 346.2
17 3 291.5 373.7
17 4 258.0 370.5
17 5 347.7 259.3
17 6 365.5 277.8
17 8 518.8 332.8
17 9 503.4 315.1
17 10 352.3 323.1
17 11 382.7 251.8
17 12 58.1 360.2
17 13 28.7 323.4
18 1 253.1 350.3
18 2 276.5 346.2
18 3 291.5 373.7
18 4 258.0 370.5
18 5 347.8 259.4
18 6 364.3 278.2
18 8 543.9 334.3
18 9 527.8 317.4
18 10 374.7 326.2
18 11 364.9 246.0
18 12 74.4 354.9
18 13 52.5 322.2
18 14 591.4 105.0
19 1 253.0 350.4
19 2 276.4 346.2
19 3 291.5 373.7
19 4 257.9 370.5
19 5 347.9 259.5
19 6 363.2 278.6
19 8 567.1 334.9
19 9 552.0 319.6
19 10 399.0 326.2
19 11 345.0 245.7
19 12 88.9 347.4
19 13 75.8 320.8
19 14 589.0 119.1
20 1 253.4 349.4
20 2 276.4 346.2
20 3 291.5 373.7
20 4 257.9 370.5
20 5 348.0 259.5
20 6 362.1 279.0
20 8 589.9 335.3
20 9 574.8 320.0
20 10 423.4 326.2
20 11 325.0 245.9
20 12 105.5 340.7
20 13 96.7 318.4
20 14 586.5 133.2
21 1 254.6 347.5
21 2 276.4 346.2
21 3 291.5 373.7
21 4 257.9 370.5
21 5 348.0 259.6
21 6 360.9 279.4
21 8 612.7 335.8
21 9 597.6 320.4
21 10 447.8 326.2
21 11 304.9 246.2
21 12 126.9 336.1
21 13 117.7 316.0
21 14 582.1 147.5
21 15 590.6 104.9
22 1 255.7 345.6
22 2 276.4 346.2
22 3 291.5 373.7
22 4 257.8 370.5
22 5 348.1 259.7
22 6 360.9 279.7
22 8 635.5 336.2
22 9 620.3 320.8
22 10 471.4 326.1
22 11 286.1 248.5
22 12 148.6 331.9
22 13 139.2 313.9
22 14 577.6 161.9
22 15 584.4 118.2
23 1 256.8 343.7
23 2 276.3 346.2
23 3 291.4 373.7
23 4 257.8 370.5
23 5 348.2 259.8
23 6 361.7 279.9
23 10 494.2 325.7
23 11 267.6 251.3
23 12 171.3 328.5
23 13 161.8 312.2
23 14 573.0 176.3
23 15 578.3 131.4
24 1 257.9 341.8
24 2 276.3 346.2
24 3 291.4 373.7
24 4 257.8 370.5
24 5 348.3 259.8
24 6 362.5 280.1
24 10 517.0 325.3
24 11 249.0 254.0
24 12 194.0 325.1
24 13 184.3 310.6
24 14 566.5 189.8
24 15 572.2 144.4
25 1 258.2 341.2
25 2 276.3 346.2
25 3 291.4 373.7
25 4 257.8 370.4
25 5 348.3 259.9
25 6 363.3 280.3
25 10 539.8 325.0
25 11 230.1 257.3
25 12 217.0 321.8
25 13 206.3 308.5
25 14 558.7 202.7
25 15 566.0 157.2
