1 1 37.2 214.0
1 2 210.3 321.9
1 3 198.1 243.0
1 4 194.7 225.9
1 5 255.3 343.9
1 6 176.4 255.7
1 7 18.5 363.2
1 8 33.0 239.6
2 1 37.1 213.9
2 2 191.2 324.3
2 3 215.3 245.1
2 4 213.0 227.1
2 5 281.2 341.5
2 6 199.6 255.4
2 7 22.8 341.0
2 8 47.7 248.4
3 1 37.0 213.9
3 2 172.2 326.8
3 3 232.6 247.3
3 4 231.3 229.8
3 5 307.1 339.2
3 6 221.1 259.7
3 7 27.5 320.3
3 8 66.6 252.7
4 1 36.9 213.8
4 2 153.1 329.7
4 3 249.9 249.5
4 4 249.6 232.5
4 5 333.0 336.8
4 6 242.6 264.0
4 7 32.6 300.6
4 8 85.5 257.0
5 1 31.4 214.0
5 2 134.3 334.3
5 3 267.2 251.6
5 4 267.8 235.2
5 5 358.9 334.4
5 6 264.1 268.3
5 7 37.8 280.9
5 8 104.4 261.3
6 1 23.5 214.3
6 2 115.5 339.0
6 3 285.4 255.1
6 4 286.4 238.9
6 5 384.5 333.9
6 6 283.2 271.3
6 7 40.8 262.8
6 8 124.7 264.2
7 1 15.8 214.1
7 2 96.7 343.6
7 3 303.9 258.8
7 4 305.1 243.3
7 5 410.0 334.1
7 6 302.2 274.0
7 7 38.9 248.6
7 8 145.0 267.2
8 1 9.0 209.5
8 2 76.8 346.9
8 3 322.3 262.6
8 4 323.9 247.7
8 5 435.4 334.3
8 6 321.1 276.8
8 7 37.1 234.3
8 8 165.3 270.2
9 1 2.3 204.8
9 2 56.6 349.9
9 3 340.8 266.3
9 4 342.7 252.1
9 5 460.9 334.6
9 6 340.0 279.6
9 7 28.6 225.1
9 8 185.8 273.4
10 2 36.5 352.9
10 3 359.4 270.5
10 4 362.0 255.9
10 5 485.3 336.3
10 6 358.3 284.5
10 7 19.3 216.4
10 8 208.1 278.1
11 2 16.3 355.8
11 3 378.1 274.8
11 4 381.3 259.7
11 5 509.8 338.0
11 6 376.5 289.5
11 7 10.2 209.5
11 8 230.5 282.7
12 3 396.8 279.0
12 4 400.6 263.5
12 5 534.2 339.8
12 6 394.8 294.4
12 7 1.3 204.5
12 8 252.8 287.4
13 3 415.5 283.3
13 4 419.5 267.4
13 5 558.7 341.5
13 6 413.7 299.4
13 8 275.1 292.1
14 3 434.6 286.5
14 4 438.1 271.5
14 5 583.1 343.8
14 6 434.4 304.6
14 8 298.1 293.4
15 3 453.8 289.6
15 4 456.7 275.5
15 5 607.6 348.5
15 6 455.0 309.7
15 8 321.2 294.6
16 3 473.0 292.7
16 4 475.2 279.2
16 5 632.2 353.2
16 6 475.5 314.0
16 8 344.2 295.9
16 9 617.1 331.9
16 10 632.4 385.1
17 3 492.2 295.7
17 4 493.4 281.2
17 6 495.3 315.1
17 8 367.1 297.1
17 9 598.1 332.7
17 10 610.2 387.7
18 3 512.1 298.4
18 4 511.6 283.2
18 6 515.1 316.2
18 8 389.6 297.8
18 9 577.4 335.1
18 10 588.0 390.4
19 3 531.9 301.1
19 4 529.8 285.3
19 6 535.7 317.6
19 8 412.0 298.4
19 9 555.9 338.2
19 10 566.6 390.9
20 3 551.8 303.8
20 4 548.2 287.4
20 6 556.3 318.9
20 8 434.5 299.0
20 9 534.6 340.2
20 10 545.3 391.5
21 3 570.8 307.0
21 4 567.8 290.3
21 6 576.4 321.4
21 8 456.8 299.8
21 9 513.5 339.3
21 10 524.0 392.1
22 3 589.4 310.5
22 4 587.4 293.3
22 6 595.9 325.1
22 8 478.0 302.2
22 9 492.5 338.5
22 10 502.2 390.8
23 3 608.0 314.0
23 4 607.1 296.2
23 6 615.4 328.8
23 8 499.2 304.7
23 9 471.7 336.9
23 10 480.5 389.6
24 3 626.6 317.5
24 4 626.7 299.2
24 6 634.9 332.5
24 8 520.4 307.1
24 9 451.6 333.3
24 10 459.1 387.6
25 8 543.9 314.2
25 9 431.6 330.3
25 10 438.4 383.7
