1 1 259.6 347.0
1 2 280.1 348.8
1 3 291.7 373.9
1 4 259.2 371.0
1 5 539.1 342.4
1 6 535.5 374.3
1 7 541.8 256.9
1 8 5.3 196.4
2 1 259.4 347.1
2 2 279.9 348.7
2 3 291.8 373.8
2 4 259.2 371.0
2 5 564.2 344.8
2 6 560.0 378.7
2 7 568.5 250.9
2 8 11.9 206.2
2 9 4.2 235.4
3 1 259.2 347.1
3 2 279.8 348.6
3 3 291.8 373.8
3 4 259.1 371.0
3 5 589.4 347.1
3 6 583.7 381.5
3 7 595.1 244.9
3 8 18.5 216.1
3 9 15.1 243.4
4 1 259.1 347.2
4 2 279.7 348.5
4 3 291.9 373.8
4 4 259.1 371.0
4 5 614.5 349.5
4 6 607.2 383.9
4 7 621.8 238.8
4 8 28.1 221.4
4 9 26.1 251.4
5 1 258.9 347.3
5 2 279.5 348.4
5 3 292.0 373.7
5 4 259.1 371.0
5 5 639.7 351.8
5 6 630.7 386.3
5 8 38.2 226.3
5 9 38.5 257.6
6 1 258.8 347.4
6 2 279.4 348.3
6 3 292.0 373.7
6 4 259.0 371.0
6 8 48.2 231.1
6 9 52.3 261.9
7 1 258.6 347.5
7 2 279.3 348.2
7 3 292.0 373.7
7 4 259.0 370.9
7 8 61.5 236.5
7 9 66.0 266.2
8 1 258.5 347.5
8 2 279.2 348.1
8 3 292.0 373.7
8 4 259.0 370.9
8 8 75.6 242.1
8 9 79.2 268.5
9 1 258.3 347.6
9 2 279.0 348.0
9 3 292.0 373.7
9 4 259.0 370.9
9 8 88.6 246.1
9 9 91.8 269.5
10 1 258.2 347.7
10 2 278.9 347.8
10 3 291.9 373.7
10 4 258.9 370.9
10 8 100.0 247.9
10 9 104.4 270.4
11 1 258.0 347.8
11 2 278.8 347.7
11 3 291.9 373.7
11 4 258.9 370.9
11 8 111.4 249.7
11 9 116.2 273.4
12 1 257.9 347.9
12 2 278.6 347.6
12 3 291.9 373.7
12 4 258.9 370.9
12 8 122.9 251.6
12 9 127.9 276.4
13 1 257.7 347.9
13 2 278.5 347.5
13 3 291.9 373.7
13 4 258.8 370.9
13 8 134.5 253.5
13 9 140.3 279.2
14 1 257.6 348.0
14 2 278.4 347.4
14 3 291.9 373.7
14 4 258.8 370.9
14 8 146.0 255.5
14 9 153.3 281.7
15 1 257.4 348.1
15 2 278.2 347.3
15 3 291.9 373.7
15 4 258.8 370.9
15 8 157.2 257.8
15 9 166.4 284.2
16 1 257.3 348.2
16 2 278.1 347.2
16 3 291.9 373.7
16 4 258.7 370.8
16 8 168.0 260.4
16 9 179.2 285.9
17 1 257.1 348.2
17 2 278.0 347.1
17 3 291.8 373.7
17 4 258.7 370.8
17 8 178.8 263.0
17 9 191.9 286.8
18 1 257.0 348.3
18 2 277.9 347.0
18 3 291.8 373.7
18 4 258.7 370.8
18 8 189.9 265.0
18 9 204.6 287.6
18 10 637.8 320.4
19 1 256.8 348.4
19 2 277.7 346.9
19 3 291.8 373.7
19 4 258.7 370.8
19 8 201.2 266.2
19 9 215.5 285.5
19 10 612.4 320.0
20 1 256.6 348.5
20 2 277.6 346.8
20 3 291.8 373.7
20 4 258.6 370.8
20 8 212.6 267.3
20 9 225.6 282.1
20 10 587.0 319.6
21 1 256.5 348.6
21 2 277.5 346.7
21 3 291.8 373.7
21 4 258.6 370.8
21 8 223.6 267.8
21 9 235.3 280.1
21 10 558.5 319.2
21 11 17.9 343.9
21 12 8.8 312.4
22 1 256.3 348.6
22 2 277.3 346.6
22 3 291.8 373.7
22 4 258.6 370.8
22 8 234.4 267.5
22 9 244.6 279.4
22 10 529.7 318.8
22 11 40.9 340.0
22 12 33.0 309.8
23 1 256.2 348.7
23 2 277.2 346.5
23 3 291.8 373.7
23 4 258.5 370.8
23 8 245.2 267.2
23 9 253.8 278.9
23 10 500.8 318.4
23 11 64.0 336.1
23 12 57.2 307.2
24 1 256.0 348.8
24 2 277.1 346.4
24 3 291.8 373.7
24 4 258.5 370.7
24 8 255.9 266.5
24 9 262.7 280.6
24 10 472.0 318.0
24 11 87.7 332.6
24 12 81.3 304.6
25 1 255.9 348.9
25 2 276.9 346.3
25 3 291.7 373.7
25 4 258.5 370.7
25 8 266.6 265.7
25 9 271.6 282.4
25 10 445.1 316.1
25 11 112.5 329.8
25 12 105.8 303.5
