1 1 39.2 215.9
1 2 263.1 209.6
1 3 329.9 337.1
1 4 323.4 318.6
1 5 394.0 318.2
1 6 403.8 297.3
1 7 208.6 303.9
1 8 448.7 378.1
1 9 482.1 344.9
2 1 39.1 215.8
2 2 263.0 209.8
2 3 348.3 339.6
2 4 339.1 323.7
2 5 373.5 313.0
2 6 384.0 292.5
2 7 230.7 313.5
2 8 422.3 378.4
2 9 457.0 351.2
3 1 39.0 215.7
3 2 263.0 210.1
3 3 366.7 342.1
3 4 356.5 326.0
3 5 353.1 307.7
3 6 362.0 287.9
3 7 253.0 320.9
3 8 395.8 378.6
3 9 432.9 359.6
4 1 38.9 215.7
4 2 262.9 210.3
4 3 387.1 342.3
4 4 373.9 328.3
4 5 332.6 304.0
4 6 340.0 283.2
4 7 275.4 327.8
4 8 369.9 377.8
4 9 408.9 367.2
5 1 38.8 215.6
5 2 262.9 210.5
5 3 407.5 342.4
5 4 394.6 327.8
5 5 311.7 302.4
5 6 318.1 278.6
5 7 297.8 334.7
5 8 344.8 375.5
5 9 386.9 368.4
6 1 38.8 215.5
6 2 262.8 210.7
6 3 427.9 342.6
6 4 416.2 326.6
6 5 290.9 300.8
6 6 296.4 275.2
6 7 322.3 339.2
6 8 319.7 373.2
6 9 364.9 369.6
6 10 623.7 335.5
7 1 38.7 215.4
7 2 262.8 210.9
7 3 448.3 342.8
7 4 436.4 325.5
7 5 270.1 299.5
7 6 275.5 274.5
7 7 347.1 343.3
7 8 294.6 370.9
7 9 341.7 366.3
7 10 602.4 329.7
8 1 38.6 215.4
8 2 262.7 211.1
8 3 469.1 345.8
8 4 456.0 324.5
8 5 249.7 299.4
8 6 254.6 273.7
8 7 372.6 349.7
8 8 270.1 369.1
8 9 318.5 363.0
8 10 581.1 323.8
9 1 38.5 215.3
9 2 258.6 212.3
9 3 490.3 350.7
9 4 476.9 325.0
9 5 229.3 299.2
9 6 233.6 273.0
9 7 398.7 358.3
9 8 246.5 367.9
9 9 295.2 361.2
9 10 558.5 319.1
10 1 38.4 215.2
10 2 250.5 214.5
10 3 511.5 355.6
10 4 500.5 329.2
10 5 208.9 299.0
10 6 213.4 276.6
10 7 424.8 366.9
10 8 222.8 366.6
10 9 271.9 359.9
10 10 535.5 314.7
11 1 38.4 215.1
11 2 241.5 217.2
11 3 532.6 359.7
11 4 524.1 333.3
11 5 188.5 298.8
11 6 193.2 280.6
11 7 450.3 374.8
11 8 199.2 365.4
11 9 248.6 358.5
11 10 512.4 310.4
12 1 38.3 215.1
12 2 228.9 221.7
12 3 553.3 360.1
12 4 547.5 337.0
12 5 166.0 300.7
12 6 173.0 284.7
12 7 475.0 381.6
12 8 175.8 365.2
12 9 225.2 357.1
12 10 490.8 310.4
13 1 38.2 215.0
13 2 216.2 226.3
13 3 574.1 360.6
13 4 569.5 336.4
13 5 142.9 303.2
13 6 152.3 288.2
13 7 499.7 388.4
13 8 152.7 367.2
13 9 201.7 355.5
13 10 469.2 310.4
13 11 2.2 229.6
14 1 38.1 214.9
14 2 203.6 231.3
14 3 594.8 361.0
14 4 591.5 335.8
14 5 119.9 305.7
14 6 129.5 289.9
14 7 522.8 392.1
14 8 129.6 369.2
14 9 178.3 353.8
14 10 447.6 310.4
14 11 16.4 234.5
15 1 38.0 214.8
15 2 190.5 239.9
15 3 615.5 361.5
15 4 613.6 335.2
15 5 97.0 308.1
15 6 106.6 291.6
15 7 545.3 394.6
15 8 106.6 371.2
15 9 154.8 352.2
15 10 426.7 312.3
15 11 30.6 239.5
16 1 38.0 214.8
16 2 177.5 248.5
16 3 636.3 362.0
16 4 635.6 334.6
16 5 75.8 309.7
16 6 83.8 293.2
16 7 567.0 394.8
16 8 84.4 373.4
16 9 129.9 352.9
16 10 405.9 314.2
16 11 44.7 244.4
16 12 16.2 228.2
16 13 5.8 340.4
17 1 37.9 214.7
17 2 164.1 257.3
17 5 54.6 311.3
17 6 61.6 295.2
17 7 588.7 394.9
17 8 62.9 375.6
17 9 104.9 353.8
17 10 385.1 316.1
17 11 59.5 243.9
17 12 32.3 232.2
17 13 30.2 340.1
18 1 37.8 214.6
18 2 147.2 267.8
18 5 33.5 312.9
18 6 39.8 297.2
18 7 610.4 395.1
18 8 41.4 377.8
18 9 80.3 354.7
18 10 365.3 317.6
18 11 74.4 241.9
18 12 48.4 236.3
18 13 54.7 339.7
18 14 15.3 234.5
19 1 37.7 214.5
19 2 130.3 278.3
19 5 12.3 314.5
19 6 18.0 299.2
19 7 632.1 395.3
19 8 19.8 380.1
19 9 57.4 355.6
19 10 346.7 318.6
19 11 89.3 239.9
19 12 67.2 233.9
19 13 78.9 339.3
19 14 32.5 240.6
20 1 37.6 214.5
20 2 113.3 288.7
20 9 34.6 356.4
20 10 328.0 319.7
20 11 103.9 238.6
20 12 85.9 231.5
20 13 103.1 338.8
20 14 49.7 246.8
21 1 37.6 214.4
21 2 95.2 300.2
21 9 11.7 357.2
21 10 309.3 320.7
21 11 118.2 238.0
21 12 104.4 229.3
21 13 127.2 338.3
21 14 68.1 251.2
22 1 37.5 214.3
22 2 77.0 311.7
22 10 290.0 321.1
22 11 132.5 237.5
22 12 122.2 227.6
22 13 151.5 338.1
22 14 88.5 253.1
22 15 1.7 465.5
23 1 37.4 214.2
23 2 57.0 320.8
23 10 269.9 320.9
23 11 147.0 237.3
23 12 140.0 225.9
23 13 177.5 339.8
23 14 108.9 254.9
23 15 5.9 438.3
24 1 37.3 214.2
24 2 35.7 328.4
24 10 249.9 320.7
24 11 164.1 239.2
24 12 157.9 224.7
24 13 203.4 341.6
24 14 130.1 256.2
24 15 10.0 411.1
25 1 37.2 214.1
25 2 14.5 335.9
25 10 229.8 320.5
25 11 181.1 241.1
25 12 176.3 225.3
25 13 229.4 343.3
25 14 153.2 255.9
25 15 14.2 385.4
25 16 18.9 230.3
