1 1 568.8 330.3
1 2 639.5 349.6
1 3 626.9 392.5
1 4 118.0 231.3
1 5 254.1 240.4
1 6 257.6 257.7
1 7 192.6 261.3
1 8 187.9 274.6
2 1 584.5 335.9
2 4 96.2 231.8
2 5 235.4 238.4
2 6 239.3 254.6
2 7 209.2 265.4
2 8 208.0 278.2
3 1 599.0 343.5
3 4 75.0 230.4
3 5 217.0 236.8
3 6 221.0 251.4
3 7 226.9 268.3
3 8 228.5 281.6
4 1 612.1 353.0
4 4 54.6 226.3
4 5 198.5 235.3
4 6 202.9 249.9
4 7 246.4 269.2
4 8 249.0 285.0
5 1 625.1 362.5
5 4 34.2 222.1
5 5 180.0 233.8
5 6 184.7 249.2
5 7 265.9 270.1
5 8 269.5 288.4
6 1 638.2 371.9
6 4 21.1 212.5
6 5 159.4 234.0
6 6 165.9 248.8
6 7 285.4 271.1
6 8 289.7 289.6
7 4 7.9 203.0
7 5 138.9 234.3
7 6 145.5 248.8
7 7 306.1 271.3
7 8 309.8 290.6
8 5 118.3 234.5
8 6 125.2 248.8
8 7 327.0 271.3
8 8 329.9 291.6
9 5 99.8 232.3
9 6 104.7 248.1
9 7 347.9 271.3
9 8 350.7 291.9
10 5 81.7 229.4
10 6 83.8 244.9
10 7 369.2 272.1
10 8 372.0 291.7
11 5 63.7 226.6
11 6 62.8 241.7
11 7 390.7 273.2
11 8 393.3 291.4
12 5 48.5 221.6
12 6 42.5 238.1
12 7 412.2 274.4
12 8 415.4 290.5
13 5 35.3 215.1
13 6 27.3 231.3
13 7 432.8 273.6
13 8 438.2 288.9
14 5 22.1 208.7
14 6 12.2 224.5
14 7 453.3 272.3
14 8 460.9 287.3
15 5 14.4 201.9
15 7 473.8 271.1
15 8 482.8 284.5
16 5 12.2 194.8
16 7 492.8 266.6
16 8 502.3 278.7
17 5 10.0 187.7
17 7 510.3 259.0
17 8 521.9 272.8
18 5 7.8 180.6
18 7 527.8 251.4
18 8 541.3 267.2
19 7 545.3 244.1
19 8 560.4 262.1
20 7 562.8 239.7
20 8 579.5 256.9
21 7 580.2 235.2
21 8 598.5 251.8
22 7 598.0 231.2
22 8 616.1 247.7
23 7 616.5 228.2
23 8 633.5 243.7
24 7 635.0 225.2
25 9 29.5 339.9
