1 1 254.8 340.7
1 2 272.6 346.2
1 3 289.5 373.7
1 4 254.2 369.6
1 5 43.1 222.4
1 6 510.9 297.0
1 7 514.1 325.0
1 8 24.4 277.9
2 1 254.7 340.7
2 2 272.6 346.2
2 3 289.5 373.7
2 4 254.2 369.6
2 5 45.8 222.9
2 6 526.6 302.1
2 7 532.7 327.8
2 8 25.0 277.9
3 1 254.7 340.7
3 2 272.6 346.2
3 3 289.5 373.7
3 4 254.2 369.6
3 5 45.6 223.0
3 6 544.1 306.6
3 7 557.6 333.1
3 8 25.6 277.9
4 1 254.7 340.7
4 2 272.6 346.2
4 3 289.4 373.7
4 4 254.2 369.6
4 5 45.4 223.1
4 6 569.1 308.4
4 7 582.3 337.8
4 8 26.1 277.9
5 1 254.7 340.7
5 2 272.5 346.2
5 3 289.4 373.7
5 4 254.1 369.6
5 5 45.2 223.2
5 6 594.0 310.2
5 7 605.6 336.8
5 8 26.7 277.9
6 1 254.7 340.7
6 2 272.5 346.2
6 3 289.4 373.7
6 4 254.1 369.6
6 5 45.0 223.2
6 6 619.0 312.0
6 7 628.8 335.9
6 8 27.2 277.9
6 9 13.2 351.0
7 1 254.6 340.7
7 2 272.5 346.2
7 3 289.4 373.7
7 4 254.1 369.6
7 5 44.8 223.3
7 8 27.8 277.9
7 9 33.4 354.0
7 10 27.1 332.9
8 1 254.6 340.7
8 2 272.5 346.2
8 3 289.4 373.7
8 4 254.1 369.6
8 5 44.7 223.4
8 8 28.3 277.9
8 9 53.6 356.9
8 10 51.4 336.0
9 1 254.6 340.7
9 2 272.4 346.2
9 3 289.4 373.7
9 4 254.1 369.6
9 5 44.5 223.5
9 8 28.9 277.9
9 9 73.8 359.8
9 10 75.6 338.5
10 1 254.6 340.7
10 2 272.4 346.2
10 3 289.4 373.7
10 4 254.1 369.6
10 5 44.3 223.5
10 8 29.4 277.9
10 9 95.4 358.2
10 10 97.8 336.4
11 1 254.5 340.7
11 2 272.4 346.2
11 3 289.4 373.7
11 4 254.0 369.6
11 5 44.1 223.6
11 8 30.0 277.9
11 9 117.3 355.5
11 10 120.0 334.4
12 1 254.5 340.7
12 2 272.4 346.2
12 3 289.3 373.7
12 4 254.0 369.6
12 5 43.9 223.7
12 8 30.5 277.9
12 9 139.3 352.8
12 10 142.2 332.3
13 1 254.5 340.7
13 2 272.3 346.2
13 3 289.3 373.7
13 4 254.0 369.6
13 5 43.7 223.8
13 8 31.1 277.9
13 9 160.6 348.9
13 10 165.8 326.9
13 11 633.6 377.7
14 1 254.5 340.7
14 2 272.3 346.2
14 3 289.3 373.7
14 4 254.0 369.6
14 5 43.5 223.9
14 8 31.6 277.9
14 9 180.8 343.1
14 10 189.5 321.1
14 11 609.4 375.3
15 1 254.5 340.6
15 2 272.3 346.2
15 3 289.3 373.7
15 4 254.0 369.6
15 5 43.3 223.9
15 8 31.6 278.2
15 9 201.0 337.3
15 10 213.2 315.3
15 11 585.3 372.9
15 12 632.3 367.3
16 1 254.4 340.6
16 2 272.3 346.2
16 3 289.3 373.7
16 4 253.9 369.6
16 5 43.1 224.0
16 8 31.6 278.5
16 9 221.3 331.6
16 10 236.1 310.3
16 11 561.2 370.5
16 12 604.2 361.7
17 1 254.4 340.6
17 2 272.2 346.2
17 3 289.3 373.7
17 4 253.9 369.6
17 5 43.0 224.1
17 8 31.6 278.8
17 9 243.1 327.7
17 10 257.4 307.0
17 11 537.1 368.1
17 12 576.1 356.0
18 1 254.4 340.6
18 2 272.2 346.2
18 3 289.3 373.7
18 4 253.9 369.6
18 5 42.8 224.2
18 8 31.6 279.2
18 9 265.3 324.4
18 10 278.6 303.8
18 11 516.5 364.6
18 12 548.0 350.4
19 1 254.4 340.6
19 2 272.2 346.2
19 3 289.3 373.7
19 4 253.9 369.6
19 5 42.6 224.3
19 8 31.6 279.5
19 9 287.6 321.1
19 10 299.9 300.6
19 11 496.4 361.0
19 12 523.3 347.5
20 1 254.3 340.6
20 2 272.2 346.2
20 3 289.2 373.7
20 4 253.9 369.6
20 5 42.4 224.3
20 8 31.6 279.8
20 9 308.8 318.6
20 10 321.2 298.7
20 11 476.2 357.4
20 12 498.5 344.7
21 1 254.3 340.6
21 2 272.2 346.2
21 3 289.2 373.7
21 4 253.9 369.6
21 5 42.2 224.4
21 8 31.6 280.1
21 9 329.9 316.4
21 10 342.5 297.6
21 11 458.0 355.0
21 12 473.8 341.8
22 1 254.3 340.6
22 2 272.1 346.2
22 3 289.2 373.7
22 4 253.8 369.6
22 5 42.0 224.5
22 8 31.6 280.4
22 9 350.9 314.2
22 10 363.8 296.4
22 11 439.9 352.6
22 12 455.5 341.0
23 1 254.3 340.6
23 2 272.1 346.2
23 3 289.2 373.7
23 4 253.8 369.6
23 5 41.8 224.6
23 8 31.6 280.7
23 9 371.9 311.9
23 10 384.7 294.9
23 11 421.9 350.3
23 12 438.8 340.6
24 1 254.2 340.6
24 2 272.1 346.2
24 3 289.2 373.7
24 4 253.8 369.6
24 5 41.6 224.6
24 8 31.6 281.0
24 9 392.7 311.7
24 10 404.0 292.6
24 11 404.3 350.2
24 12 422.5 340.1
25 1 254.2 340.6
25 2 272.1 346.2
25 3 289.2 373.7
25 4 253.8 369.6
25 5 41.5 224.7
25 8 31.6 281.3
25 9 413.3 312.3
25 10 423.4 290.2
25 11 387.1 351.1
25 12 407.0 339.0
