1 1 158.6 237.3
1 2 176.4 261.3
1 3 552.3 334.2
1 4 439.7 302.5
1 5 433.6 321.6
1 6 373.5 340.9
1 7 378.0 362.3
1 8 172.0 312.9
1 9 600.4 338.8
2 1 137.9 238.5
2 2 153.8 264.3
2 3 566.6 341.1
2 4 453.1 306.2
2 5 446.7 326.7
2 6 394.2 344.8
2 7 399.2 365.9
2 8 192.1 312.9
2 9 582.4 333.5
2 10 627.8 341.2
3 1 118.0 241.2
3 2 131.2 267.4
3 3 582.8 348.2
3 4 466.2 310.8
3 5 459.8 331.7
3 6 415.5 349.9
3 7 420.4 369.4
3 8 212.2 312.9
3 9 564.3 328.5
3 10 609.3 330.0
3 11 630.6 303.1
4 1 98.2 244.3
4 2 108.6 270.5
4 3 601.0 355.4
4 4 479.3 315.5
4 5 472.8 336.6
4 6 437.8 357.1
4 7 441.5 373.0
4 8 231.9 313.4
4 9 546.2 323.4
4 10 590.9 318.8
4 11 609.5 298.1
5 1 78.3 247.4
5 2 86.4 273.4
5 3 619.1 361.8
5 4 492.6 320.3
5 5 485.9 340.5
5 6 460.0 364.2
5 7 465.1 376.7
5 8 251.0 315.1
5 9 530.6 317.9
5 10 568.8 310.9
5 11 588.5 293.1
6 1 56.7 250.6
6 2 64.6 276.2
6 3 636.9 364.6
6 4 506.4 325.5
6 5 498.9 344.4
6 6 484.7 368.8
6 7 489.3 380.3
6 8 270.0 316.7
6 9 515.3 312.4
6 10 545.2 304.5
6 11 566.7 288.1
7 1 35.0 253.7
7 2 42.8 278.9
7 4 520.2 330.6
7 5 513.1 347.4
7 6 511.1 371.6
7 7 513.7 383.3
7 8 289.1 318.4
7 9 499.9 306.8
7 10 522.4 298.4
7 11 543.1 283.3
7 12 629.5 280.9
7 14 10.0 179.2
8 1 13.4 256.9
8 2 20.9 281.6
8 4 534.7 334.1
8 5 530.0 348.7
8 6 537.5 374.5
8 7 538.8 384.8
8 8 298.4 320.5
8 9 483.8 304.0
8 10 505.9 294.6
8 11 519.5 278.5
8 12 610.6 282.6
8 14 12.0 183.3
9 4 550.3 334.9
9 5 547.0 350.0
9 6 564.2 374.9
9 7 563.9 386.3
9 8 305.2 322.8
9 9 467.1 303.0
9 10 489.2 290.9
9 11 493.0 273.5
9 12 591.8 284.4
9 14 14.1 187.5
10 4 565.9 335.7
10 5 564.0 351.2
10 6 591.4 371.7
10 7 588.5 385.7
10 8 312.9 325.2
10 9 450.4 302.0
10 10 470.4 287.5
10 11 465.3 268.5
10 12 573.0 286.1
10 14 16.2 191.7
11 4 581.5 336.5
11 5 579.5 350.7
11 6 618.7 368.5
11 7 612.7 383.1
11 8 324.2 328.0
11 9 432.9 300.4
11 10 452.0 284.4
11 11 437.5 263.5
11 12 551.5 287.5
11 14 17.5 197.4
12 4 596.4 336.2
12 5 595.1 350.2
12 7 636.9 380.4
12 8 335.5 330.9
12 9 413.9 297.7
12 10 434.2 281.7
12 11 409.6 259.2
12 12 529.7 288.8
12 14 18.6 203.3
13 4 609.8 333.2
13 5 610.7 349.7
13 8 352.4 333.0
13 9 394.8 295.0
13 10 416.4 279.0
13 11 381.4 256.0
13 12 507.9 290.1
13 14 19.7 209.2
13 15 6.1 248.1
14 4 623.1 330.2
14 5 624.6 349.3
14 8 373.2 334.5
14 9 375.7 292.4
14 10 397.0 276.0
14 11 353.2 252.8
14 12 486.0 290.8
14 14 20.9 215.1
14 15 10.4 251.9
15 4 636.4 327.1
15 5 638.1 348.9
15 8 393.9 336.1
15 9 356.0 289.2
15 10 377.3 273.0
15 11 325.0 249.0
15 12 464.0 291.3
15 14 22.0 221.0
15 15 14.8 255.6
16 8 417.3 335.8
16 9 336.2 285.9
16 10 357.6 270.0
16 11 296.8 244.4
16 12 442.1 291.8
16 13 628.0 234.3
16 14 23.3 225.7
16 15 18.8 258.6
16 16 5.6 238.3
17 8 441.0 335.4
17 9 316.5 282.7
17 10 338.6 267.2
17 11 268.6 239.8
17 12 420.4 291.4
17 13 606.6 238.6
17 14 24.8 228.6
17 15 22.5 260.3
17 16 9.2 243.6
18 8 464.7 334.9
18 9 297.0 280.1
18 10 320.0 264.7
18 11 241.0 236.2
18 12 399.1 289.6
18 13 585.2 242.9
18 14 26.3 231.4
18 15 26.2 262.1
18 16 12.7 248.8
19 8 488.9 335.4
19 9 278.3 278.9
19 10 301.5 262.2
19 11 213.8 233.2
19 12 377.8 287.8
19 13 564.5 249.0
19 14 27.8 234.2
19 15 26.6 262.5
19 16 14.6 250.2
20 8 514.2 338.0
20 9 259.5 277.8
20 10 283.3 260.0
20 11 186.6 230.3
20 12 356.6 286.1
20 13 543.9 255.7
20 14 29.3 237.1
20 15 27.0 263.0
20 16 15.7 249.9
21 8 539.5 340.6
21 9 240.7 276.6
21 10 266.4 258.5
21 11 160.0 227.2
21 12 335.9 284.5
21 13 523.4 262.3
21 14 32.2 239.4
21 15 27.4 263.4
21 16 16.9 249.6
22 8 564.8 343.0
22 9 222.3 273.9
22 10 249.4 257.0
22 11 135.6 223.6
22 12 315.2 282.8
22 13 499.3 264.0
22 14 35.5 241.6
22 15 27.8 263.9
22 16 18.0 249.3
23 8 590.3 343.8
23 9 204.1 270.4
23 10 232.4 255.5
23 11 111.3 220.1
23 12 294.6 281.2
23 13 474.9 265.2
23 14 38.9 243.8
23 15 28.2 264.3
23 16 19.2 249.0
24 8 615.8 344.6
24 9 185.9 267.0
24 10 215.4 254.1
24 11 86.9 216.5
24 12 273.9 279.6
24 13 450.5 266.2
24 14 42.3 246.0
24 15 28.6 264.8
24 16 20.3 248.7
25 9 167.6 263.6
25 10 196.7 250.8
25 11 64.3 212.8
25 12 254.2 276.4
25 13 426.6 265.7
25 14 44.3 247.3
25 15 29.0 265.2
25 16 21.5 248.5
