1 1 578.7 263.8
1 2 116.5 395.6
1 3 83.3 398.5
1 4 267.9 309.8
1 5 266.9 289.6
1 6 400.1 294.5
1 7 566.9 320.6
1 8 529.3 339.4
2 1 581.4 249.3
2 2 115.8 395.7
2 3 83.0 398.4
2 4 248.8 309.6
2 5 245.7 291.1
2 6 384.1 292.7
2 7 547.0 322.8
2 8 511.6 338.0
3 1 583.5 234.0
3 2 115.2 395.8
3 3 82.7 398.2
3 4 229.9 310.6
3 5 224.5 292.6
3 6 368.1 290.8
3 7 525.2 321.8
3 8 494.1 338.5
4 1 585.2 217.9
4 2 114.5 395.8
4 3 82.4 398.1
4 4 211.0 312.1
4 5 203.8 293.9
4 6 351.9 290.6
4 7 502.0 318.5
4 8 476.6 339.1
5 1 586.9 201.7
5 2 113.8 395.9
5 3 82.1 398.0
5 4 192.0 313.6
5 5 185.0 294.9
5 6 335.6 290.8
5 7 478.9 315.2
5 8 458.8 339.6
6 1 587.6 185.9
6 2 113.2 396.0
6 3 81.8 397.9
6 4 173.1 315.1
6 5 166.2 295.9
6 6 319.3 291.1
6 7 457.5 313.1
6 8 439.4 339.6
7 1 586.3 171.0
7 2 112.5 396.1
7 3 81.4 397.8
7 4 154.3 317.5
7 5 147.4 296.8
7 6 302.9 291.4
7 7 436.5 311.2
7 8 420.1 339.6
8 1 585.0 156.0
8 2 111.8 396.1
8 3 81.1 397.7
8 4 135.5 320.1
8 5 128.6 297.8
8 6 286.3 292.3
8 7 415.6 309.3
8 8 400.8 339.6
8 9 617.5 322.0
8 10 620.4 336.5
9 1 583.7 141.1
9 2 111.2 396.2
9 3 80.8 397.6
9 4 116.7 322.7
9 5 110.0 297.8
9 6 269.6 293.1
9 7 398.1 307.2
9 8 380.7 338.6
9 9 596.0 320.1
9 10 598.7 334.8
10 1 583.8 126.8
10 2 110.5 396.3
10 3 80.5 397.4
10 4 97.6 324.8
10 5 91.4 297.7
10 6 253.0 294.0
10 7 382.0 304.9
10 8 360.5 337.3
10 9 574.7 318.1
10 10 577.0 333.1
10 11 617.6 379.6
11 1 584.1 112.6
11 2 109.8 396.4
11 3 80.2 397.3
11 4 77.6 325.6
11 5 72.8 297.6
11 6 236.7 294.8
11 7 365.4 303.0
11 8 340.3 336.1
11 9 553.9 316.1
11 10 555.4 331.5
11 11 595.2 379.6
12 1 584.3 98.4
12 2 109.2 396.4
12 3 79.9 397.2
12 4 57.6 326.4
12 5 54.2 297.4
12 6 221.2 295.7
12 7 344.0 303.7
12 8 320.0 334.8
12 9 533.2 314.1
12 10 533.9 329.9
12 11 572.9 379.6
13 2 108.5 396.5
13 3 79.6 397.1
13 4 37.6 327.2
13 5 35.7 297.3
13 6 205.7 296.6
13 7 322.6 304.5
13 8 302.5 333.7
13 9 512.4 312.1
13 10 512.3 328.4
13 11 550.8 379.9
14 2 107.8 396.6
14 3 79.2 397.0
14 4 17.6 328.0
14 5 17.1 297.2
14 6 190.2 297.5
14 7 299.2 305.4
14 8 285.7 332.6
14 9 491.6 310.8
14 10 490.8 326.9
14 11 528.7 380.2
14 12 621.1 344.9
15 2 107.2 396.7
15 3 78.9 396.9
15 6 174.7 298.4
15 7 275.6 306.2
15 8 268.8 331.5
15 9 470.8 309.5
15 10 470.3 325.4
15 11 506.8 380.3
15 12 601.1 344.1
16 2 106.5 396.7
16 3 78.6 396.8
16 6 158.1 299.4
16 7 252.0 307.1
16 8 252.0 330.4
16 9 449.9 308.2
16 10 450.5 324.1
16 11 485.7 378.9
16 12 581.1 343.3
17 2 105.8 396.8
17 3 78.3 396.7
17 6 140.9 300.4
17 7 232.2 303.1
17 8 233.3 326.1
17 9 429.5 306.4
17 10 430.6 322.7
17 11 464.7 377.5
17 12 560.3 342.5
18 2 105.2 396.9
18 3 78.0 396.5
18 6 123.6 301.4
18 7 212.5 299.2
18 8 214.5 321.8
18 9 409.2 304.6
18 10 410.8 321.4
18 11 443.6 376.2
18 12 538.6 341.7
19 2 104.5 396.9
19 3 77.7 396.4
19 6 106.4 302.4
19 7 192.7 295.3
19 8 195.8 317.6
19 9 388.8 302.7
19 10 391.2 319.8
19 11 422.6 374.8
19 12 516.9 340.9
20 2 103.8 397.0
20 3 77.4 396.3
20 6 89.2 303.4
20 7 174.2 291.1
20 8 177.4 313.8
20 9 368.5 300.9
20 10 372.1 317.6
20 11 401.6 373.6
20 12 495.2 340.1
21 2 103.1 397.1
21 3 77.1 396.2
21 6 73.3 304.2
21 7 157.5 286.6
21 8 159.9 311.4
21 9 349.1 299.1
21 10 353.1 315.4
21 11 380.9 373.0
21 12 474.1 341.1
22 2 102.3 397.2
22 3 76.7 396.1
22 6 58.1 304.8
22 7 140.8 282.0
22 8 142.3 308.9
22 9 332.0 297.7
22 10 334.0 313.2
22 11 360.1 372.3
22 12 453.9 345.1
23 2 101.6 397.3
23 3 76.4 396.0
23 6 42.9 305.4
23 7 124.1 277.7
23 8 124.8 306.4
23 9 314.9 296.2
23 10 314.9 311.0
23 11 339.4 371.7
23 12 433.6 349.0
24 2 100.8 397.3
24 3 76.1 395.9
24 6 27.6 305.9
24 7 107.5 276.1
24 8 107.6 304.2
24 9 297.8 294.8
24 10 295.2 308.3
24 11 318.9 371.3
24 12 413.4 352.9
24 13 12.5 342.3
25 2 100.1 397.4
25 3 75.8 395.8
25 6 12.4 306.5
25 7 90.9 274.4
25 8 90.5 302.2
25 9 279.9 293.1
25 10 275.5 305.7
25 11 299.1 371.4
25 12 392.2 354.5
25 13 32.0 343.1
