1 1 168.6 333.9
1 2 167.2 312.5
1 3 588.4 287.8
1 4 85.5 285.3
1 5 237.2 395.0
1 6 210.4 408.5
2 1 148.7 335.1
2 2 148.0 312.8
2 3 610.7 275.5
2 4 110.7 287.2
2 5 222.1 374.7
2 6 194.1 386.7
3 1 128.8 336.3
3 2 130.5 311.2
3 3 632.9 263.3
3 4 135.9 289.2
3 5 207.0 354.5
3 6 177.3 368.2
4 1 109.4 336.8
4 2 113.0 309.6
4 4 161.7 292.3
4 5 188.5 337.8
4 6 160.5 350.1
5 1 90.6 336.1
5 2 95.4 308.0
5 4 187.8 295.8
5 5 169.1 322.0
5 6 143.4 332.2
6 1 71.9 335.4
6 2 77.6 306.5
6 4 213.8 299.2
6 5 149.8 306.2
6 6 124.3 317.1
7 1 53.1 334.7
7 2 59.5 304.9
7 4 239.6 301.7
7 5 132.5 290.1
7 6 105.2 302.0
8 1 35.4 331.2
8 2 41.4 303.4
8 4 265.4 304.0
8 5 115.3 273.9
8 6 86.9 286.4
9 1 17.9 327.1
9 2 23.2 301.9
9 4 291.1 306.4
9 5 98.0 257.7
9 6 69.8 270.0
9 7 8.3 258.4
10 1 0.5 322.9
10 2 5.1 300.3
10 4 316.9 308.7
10 5 80.4 243.7
10 6 52.6 253.6
10 7 21.2 267.8
11 4 343.6 310.6
11 5 62.7 231.0
11 6 36.8 238.3
11 7 34.7 276.8
12 4 370.2 312.5
12 5 45.6 218.3
12 6 22.3 224.1
12 7 50.6 283.6
13 4 396.9 314.4
13 5 35.5 205.2
13 6 8.9 209.9
13 7 66.5 290.5
14 4 423.6 316.2
14 5 25.3 192.1
14 6 4.7 196.5
14 7 82.9 295.9
14 8 11.5 341.7
15 4 450.2 314.9
15 5 15.2 179.0
15 6 0.4 183.1
15 7 100.1 299.2
15 8 30.1 340.6
15 9 18.0 376.5
16 4 476.9 313.6
16 7 117.4 302.5
16 8 48.7 339.6
16 9 37.9 373.4
16 10 8.4 222.9
17 4 503.5 312.3
17 7 134.6 305.4
17 8 67.3 338.7
17 9 57.9 370.2
17 10 17.3 231.3
18 4 530.2 310.9
18 7 151.8 305.7
18 8 85.7 338.5
18 9 77.8 367.1
18 10 26.2 239.6
19 4 556.7 311.1
19 7 169.1 306.0
19 8 104.2 338.3
19 9 97.2 365.7
19 10 37.9 245.5
19 11 16.5 323.7
20 4 583.2 312.2
20 7 186.3 306.2
20 8 122.7 338.0
20 9 116.6 364.4
20 10 53.7 247.6
20 11 34.2 322.6
21 4 609.6 313.3
21 7 204.8 306.6
21 8 140.7 338.0
21 9 136.0 363.1
21 10 69.8 249.9
21 11 52.0 321.6
21 12 19.7 368.6
21 13 12.8 338.9
22 4 636.0 314.5
22 7 223.4 307.0
22 8 157.9 338.3
22 9 155.3 362.0
22 10 88.0 253.5
22 11 70.3 320.1
22 12 41.3 365.5
22 13 33.9 337.4
23 7 242.0 307.4
23 8 175.2 338.5
23 9 174.1 361.8
23 10 106.2 257.1
23 11 88.8 318.6
23 12 62.9 362.5
23 13 54.9 336.0
24 7 260.6 307.8
24 8 192.7 338.7
24 9 192.9 361.6
24 10 125.0 259.6
24 11 107.3 317.0
24 12 83.1 360.5
24 13 76.0 334.6
25 7 279.3 308.8
25 8 212.5 338.5
25 9 211.7 361.5
25 10 143.8 262.2
25 11 125.8 315.4
25 12 102.2 359.2
25 13 98.8 334.0
