1 1 124.0 218.5
1 2 243.4 303.1
1 3 268.3 307.3
1 4 244.4 327.7
1 5 23.6 397.2
1 6 6.5 384.5
1 7 90.7 330.2
1 8 103.7 309.2
1 9 207.9 328.4
1 10 292.7 358.0
1 11 284.0 378.1
1 12 344.0 290.6
1 13 364.1 283.9
1 14 219.9 355.0
1 15 212.4 382.9
1 16 611.7 218.8
2 1 124.1 218.9
2 2 243.4 303.1
2 3 268.4 307.3
2 4 244.3 327.8
2 5 23.6 397.5
2 6 6.3 384.8
2 7 69.0 328.8
2 8 78.5 309.7
2 9 212.1 335.0
2 10 309.8 354.5
2 11 301.7 375.2
2 12 322.0 283.7
2 13 343.0 276.2
2 14 240.7 352.7
2 15 232.7 381.2
2 16 611.5 214.9
3 1 124.2 219.3
3 2 243.3 303.2
3 3 268.4 307.3
3 4 244.2 327.8
3 5 23.6 397.7
3 6 6.2 385.0
3 7 46.3 329.0
3 8 53.0 311.2
3 9 215.4 339.2
3 10 326.9 351.0
3 11 319.2 372.8
3 12 300.1 277.6
3 13 319.4 271.5
3 14 262.1 350.5
3 15 253.1 378.1
3 16 621.8 210.4
4 1 124.3 219.7
4 2 243.2 303.2
4 3 268.5 307.4
4 4 244.0 327.9
4 5 23.6 398.0
4 6 6.0 385.3
4 7 21.3 332.5
4 8 27.5 312.7
4 9 218.8 343.3
4 10 344.9 348.1
4 11 336.7 370.5
4 12 277.8 271.7
4 13 295.6 267.2
4 14 280.9 347.0
4 15 273.3 374.0
4 16 632.1 208.7
5 1 124.4 220.1
5 2 243.2 303.2
5 3 268.6 307.4
5 4 243.9 327.9
5 5 23.6 398.2
5 6 5.8 385.6
5 8 2.0 314.3
5 9 218.1 343.2
5 10 363.5 345.6
5 11 354.2 368.1
5 12 251.6 267.9
5 13 271.4 263.7
5 14 298.1 342.7
5 15 293.2 368.5
6 1 124.5 220.5
6 2 243.1 303.2
6 3 268.6 307.4
6 4 243.9 327.8
6 5 23.6 398.5
6 6 5.6 385.8
6 9 217.1 342.5
6 10 382.0 343.2
6 11 375.2 367.9
6 12 225.3 264.1
6 13 246.4 261.4
6 14 315.2 338.3
6 15 313.0 363.9
7 1 124.6 220.9
7 2 243.0 303.2
7 3 268.7 307.5
7 4 243.8 327.7
7 5 23.6 398.7
7 6 5.5 386.1
7 9 216.0 341.9
7 10 400.9 341.0
7 11 396.6 367.9
7 12 201.7 263.8
7 13 221.4 259.2
7 14 332.6 336.0
7 15 332.8 361.8
8 1 124.7 221.3
8 2 243.0 303.2
8 3 268.7 307.5
8 4 243.7 327.7
8 5 23.6 399.0
8 6 5.3 386.3
8 9 214.9 341.3
8 10 420.9 340.0
8 11 418.0 367.9
8 12 178.5 263.8
8 13 198.3 257.3
8 14 350.1 333.8
8 15 352.5 359.6
9 1 124.9 221.7
9 2 242.9 303.2
9 3 268.8 307.5
9 4 243.6 327.6
9 5 23.6 399.2
9 6 5.1 386.6
9 9 213.8 340.6
9 10 440.9 338.9
9 11 438.9 367.4
9 12 155.7 263.4
9 13 175.6 255.4
9 14 367.6 331.7
9 15 372.7 357.4
10 1 125.0 222.1
10 2 242.8 303.2
10 3 268.8 307.6
10 4 243.5 327.5
10 5 23.6 399.5
10 6 4.9 386.9
10 9 212.8 340.0
10 10 460.9 337.9
10 11 459.7 366.7
10 12 133.9 262.4
10 13 153.0 253.4
10 14 388.1 329.7
10 15 393.1 355.3
11 1 125.1 222.6
11 2 242.8 303.2
11 3 268.9 307.6
11 4 243.4 327.5
11 5 23.6 399.8
11 6 4.8 387.1
11 9 211.9 339.5
11 10 483.1 337.2
11 11 480.4 366.0
11 12 112.0 261.4
11 13 131.5 249.3
11 14 409.3 327.9
11 15 413.5 353.1
12 1 125.2 223.0
12 2 242.7 303.2
12 3 269.0 307.6
12 4 243.3 327.4
12 5 23.6 400.0
12 6 4.6 387.4
12 9 211.5 339.2
12 10 505.3 336.4
12 11 500.8 365.1
12 12 90.2 260.4
12 13 110.0 245.3
12 14 430.5 326.0
12 15 433.8 350.4
13 1 125.3 223.4
13 2 242.6 303.2
13 3 269.0 307.7
13 4 243.2 327.3
13 5 23.6 400.3
13 6 4.4 387.6
13 9 211.1 339.0
13 10 527.5 335.7
13 11 518.2 362.5
13 12 71.8 257.0
13 13 88.4 241.3
13 14 452.2 324.4
13 15 454.0 347.6
14 1 125.4 223.8
14 2 242.5 303.2
14 3 269.1 307.7
14 4 243.1 327.3
14 5 23.6 400.5
14 6 4.2 387.9
14 9 210.7 338.7
14 10 546.0 333.9
14 11 535.5 359.9
14 12 53.4 253.6
14 13 70.3 234.2
14 14 474.0 323.0
14 15 474.3 344.8
14 17 20.2 466.9
15 1 125.5 224.2
15 2 242.5 303.2
15 3 269.1 307.7
15 4 243.0 327.2
15 5 23.6 400.8
15 6 4.1 388.2
15 9 210.3 338.5
15 10 561.9 331.4
15 11 552.9 357.2
15 12 36.9 249.2
15 13 52.2 227.1
15 14 495.2 321.9
15 15 494.2 343.4
15 17 31.9 437.3
16 1 125.6 224.6
16 2 242.4 303.2
16 3 269.2 307.7
16 4 242.9 327.1
16 5 23.6 401.0
16 6 3.9 388.4
16 9 209.9 338.3
16 10 577.8 328.8
16 11 570.2 354.6
16 12 25.3 242.3
16 13 36.1 220.0
16 14 514.7 321.4
16 15 513.6 345.2
16 17 41.7 408.7
16 18 69.9 466.7
17 1 125.7 225.0
17 2 242.3 303.2
17 3 269.2 307.8
17 4 242.8 327.1
17 5 23.6 401.3
17 6 3.7 388.7
17 9 209.5 338.0
17 10 593.1 326.7
17 11 589.9 351.0
17 12 13.6 235.4
17 13 24.7 213.0
17 14 534.2 320.8
17 15 533.0 347.0
17 17 48.5 381.9
17 18 80.1 438.5
18 1 125.8 225.4
18 2 242.3 303.2
18 3 269.3 307.8
18 4 242.7 327.0
18 5 23.6 401.6
18 6 3.6 388.9
18 9 209.1 337.8
18 10 607.4 325.6
18 11 609.6 347.4
18 12 1.9 228.5
18 13 13.4 205.9
18 14 553.5 320.3
18 15 552.5 347.6
18 17 48.5 359.2
18 18 85.7 410.8
19 1 122.8 236.9
19 2 242.2 303.2
19 3 269.4 307.8
19 4 242.6 326.9
19 5 23.6 401.8
19 6 3.4 389.2
19 9 208.7 337.5
19 10 625.6 325.4
19 11 629.3 343.8
19 14 572.0 320.0
19 15 572.3 346.9
19 17 44.7 336.7
19 18 89.7 384.9
19 19 625.5 167.6
20 1 119.9 248.4
20 2 242.1 303.2
20 3 269.4 307.9
20 4 242.5 326.9
20 5 23.6 402.1
20 6 3.2 389.4
20 9 208.3 337.3
20 14 590.5 319.7
20 15 592.1 346.2
20 17 37.1 314.2
20 18 87.0 365.7
20 19 609.2 173.2
20 20 637.8 202.1
21 1 107.4 255.3
21 2 242.1 303.2
21 3 269.5 307.9
21 4 242.4 326.8
21 5 23.6 402.3
21 6 3.1 389.8
21 9 207.9 337.0
21 14 609.0 319.3
21 15 611.9 345.5
21 17 29.1 293.5
21 18 84.3 346.5
21 19 592.5 180.8
21 20 622.7 210.1
22 1 93.8 261.6
22 2 242.0 303.2
22 3 269.5 307.9
22 4 242.4 326.7
22 5 23.6 402.6
22 6 3.0 390.2
22 9 207.5 336.8
22 14 627.5 319.0
22 15 631.6 344.8
22 17 20.7 274.6
22 18 73.2 335.3
22 19 576.4 189.2
22 20 607.7 218.0
23 1 76.9 265.8
23 2 241.9 303.3
23 3 269.6 308.0
23 4 242.3 326.7
23 5 23.6 402.8
23 6 2.9 390.5
23 9 207.1 336.5
23 17 14.1 253.8
23 18 61.1 325.4
23 19 562.9 199.7
23 20 593.2 227.3
24 1 59.1 269.3
24 2 241.8 303.3
24 3 269.6 308.0
24 4 242.2 326.6
24 5 23.6 403.1
24 6 2.8 390.9
24 9 206.7 336.3
24 17 8.8 231.8
24 18 48.9 317.1
24 19 551.3 211.0
24 20 579.1 237.2
25 1 39.9 271.5
25 2 241.8 303.3
25 3 269.7 308.0
25 4 242.1 326.6
25 5 23.6 403.3
25 6 2.7 391.3
25 9 202.7 334.9
25 17 5.1 211.4
25 18 33.3 310.5
25 19 544.4 223.9
25 20 564.3 247.8
