1 1 21.7 350.3
1 2 8.6 332.5
1 3 32.8 286.2
1 4 327.7 342.6
1 5 222.5 370.3
1 6 523.5 371.2
1 7 526.2 352.0
2 1 10.3 364.6
2 3 19.4 297.4
2 4 328.9 343.2
2 5 252.0 376.2
2 6 497.5 371.2
2 7 499.9 354.1
3 3 3.6 310.3
3 4 330.0 343.8
3 5 280.4 381.6
3 6 471.6 371.2
3 7 472.6 355.5
4 4 331.2 344.4
4 5 308.9 386.9
4 6 445.6 371.2
4 7 444.9 356.7
5 4 332.4 345.0
5 5 339.5 390.2
5 6 422.2 372.3
5 7 417.3 357.9
6 4 333.5 345.6
6 5 372.2 391.6
6 6 399.4 373.6
6 7 386.2 361.7
7 4 334.7 346.2
7 5 404.9 392.9
7 6 376.7 374.9
7 7 355.1 365.5
8 4 335.9 346.8
8 5 440.1 391.3
8 6 352.0 376.5
8 7 326.0 364.3
8 8 621.9 331.2
9 4 344.5 347.8
9 5 475.3 389.8
9 6 326.2 378.4
9 7 299.7 360.9
9 8 602.1 331.2
9 9 630.6 322.0
9 10 636.9 251.3
10 4 360.6 349.4
10 5 509.8 388.2
10 6 300.6 379.2
10 7 276.6 356.0
10 8 581.5 329.8
10 9 606.8 319.0
10 10 626.7 257.2
11 4 376.8 350.9
11 5 542.4 386.5
11 6 275.4 378.4
11 7 254.7 351.7
11 8 560.3 327.4
11 9 582.9 316.0
11 10 616.6 263.2
12 4 393.3 350.8
12 5 575.1 384.7
12 6 250.2 377.6
12 7 236.9 350.0
12 8 539.0 325.0
12 9 559.0 313.1
12 10 606.2 268.9
13 4 410.0 350.3
13 5 607.8 383.0
13 6 226.7 377.5
13 7 218.4 348.6
13 8 519.0 322.3
13 9 535.0 310.2
13 10 594.7 274.0
14 4 426.7 349.8
14 6 205.7 378.7
14 7 198.2 348.2
14 8 500.1 319.3
14 9 514.3 305.6
14 10 583.3 279.0
15 4 444.6 349.7
15 6 184.7 379.8
15 7 178.5 348.0
15 8 481.1 316.4
15 9 494.4 300.6
15 10 570.7 283.3
16 4 463.5 350.0
16 6 163.8 381.0
16 7 163.1 348.6
16 8 462.1 314.8
16 9 473.9 296.2
16 10 556.4 286.2
17 4 482.3 350.2
17 6 150.1 386.3
17 7 147.7 349.2
17 8 442.9 315.2
17 9 452.0 293.3
17 10 542.0 289.2
18 4 500.4 348.9
18 6 138.2 392.6
18 7 136.1 352.8
18 8 423.7 315.6
18 9 430.1 290.4
18 10 527.2 291.9
19 4 516.4 343.7
19 6 132.1 394.7
19 7 128.2 359.1
19 8 404.6 316.1
19 9 409.5 288.8
19 10 511.3 293.9
19 11 634.2 300.6
19 12 628.5 321.9
20 4 532.5 338.6
20 6 128.5 394.9
20 7 115.6 367.8
20 8 384.9 315.3
20 9 389.4 287.8
20 10 495.3 295.9
20 11 629.8 299.9
20 12 616.0 321.5
21 4 545.0 329.9
21 6 124.9 395.1
21 7 101.8 377.1
21 8 365.0 313.7
21 9 369.4 286.7
21 10 479.5 297.2
21 11 625.1 302.7
21 12 605.2 323.4
22 4 556.0 319.5
22 6 121.2 395.3
22 7 95.4 384.8
22 8 345.0 312.1
22 9 349.1 286.5
22 10 463.7 297.4
22 11 620.3 307.9
22 12 596.9 328.9
23 4 564.2 306.9
23 6 118.5 395.4
23 7 89.1 392.5
23 8 325.1 310.6
23 9 328.8 287.0
23 10 447.8 297.6
23 11 613.9 312.7
23 12 588.7 334.3
24 4 570.5 292.6
24 6 117.8 395.5
24 7 84.0 398.7
24 8 306.0 310.2
24 9 308.5 287.5
24 10 432.0 297.9
24 11 601.0 315.6
24 12 569.1 338.2
25 4 576.1 278.4
25 6 117.2 395.6
25 7 83.6 398.6
25 8 286.9 310.0
25 9 288.1 288.1
25 10 416.1 296.4
25 11 586.7 318.4
25 12 547.1 341.1
