1 1 39.8 420.9
1 2 128.0 241.8
1 3 516.0 243.3
2 1 39.4 421.6
2 2 128.5 232.8
2 3 524.9 230.0
3 1 39.0 422.2
3 2 128.7 232.2
3 3 533.8 216.7
4 1 38.7 422.9
4 2 128.9 231.7
4 3 542.0 204.2
5 1 38.3 423.6
5 2 129.1 231.1
5 3 549.2 192.7
6 1 37.9 424.3
6 2 129.4 230.6
6 3 556.5 181.3
7 1 37.6 425.0
7 2 129.6 230.0
7 3 562.8 169.5
8 1 37.2 425.6
8 2 129.8 229.5
8 3 565.4 156.6
9 1 36.9 426.3
9 2 130.0 228.9
9 3 568.0 143.6
10 1 36.5 427.0
10 2 130.2 228.4
10 3 570.6 130.7
11 1 36.1 427.7
11 2 130.4 227.8
11 3 573.2 117.7
12 1 35.8 428.3
12 2 130.6 227.3
12 3 575.8 104.8
13 1 35.4 429.0
13 2 130.8 226.8
13 3 578.4 91.8
14 1 35.1 429.7
14 2 131.0 226.2
15 1 34.7 430.4
15 2 131.3 225.7
16 1 34.3 431.0
16 2 131.5 225.1
17 1 34.0 431.7
17 2 131.7 224.6
17 4 633.9 232.7
18 1 33.6 432.4
18 2 131.9 224.0
18 4 603.4 238.8
19 1 32.7 438.7
19 2 132.2 223.7
19 4 573.0 244.9
20 1 30.6 458.1
20 2 132.6 223.6
20 4 541.5 251.4
21 1 28.7 477.8
21 2 132.9 223.4
21 4 508.9 258.3
22 2 133.3 223.3
22 4 476.6 264.9
23 2 133.7 223.2
23 4 447.1 267.5
23 5 630.9 320.6
23 6 630.3 336.7
24 2 134.1 223.0
24 4 417.6 270.2
24 5 605.5 317.5
24 6 606.0 334.7
25 2 134.5 222.9
25 4 386.1 272.7
25 5 580.0 314.3
25 6 581.8 332.6
