1 1 148.7 215.5
1 2 28.6 201.5
1 3 6.1 215.9
1 4 396.6 304.0
1 5 387.0 328.0
1 6 97.7 292.6
1 7 91.2 272.1
1 8 39.8 272.7
1 9 32.4 291.8
2 1 147.8 215.3
2 2 18.6 191.7
2 4 414.8 305.4
2 5 405.2 330.8
2 6 117.8 293.4
2 7 111.0 274.0
2 8 58.6 274.0
2 9 49.7 293.5
3 1 147.0 215.0
3 2 13.6 182.0
3 4 433.0 306.8
3 5 423.6 335.6
3 6 139.1 293.9
3 7 130.8 275.9
3 8 77.3 274.7
3 9 67.1 295.1
4 1 146.2 214.8
4 2 10.7 172.3
4 4 451.3 308.4
4 5 441.9 340.5
4 6 161.3 294.2
4 7 151.0 277.2
4 8 96.0 274.8
4 9 84.9 296.5
5 1 145.4 214.6
5 4 470.2 310.9
5 5 460.6 344.7
5 6 183.6 294.4
5 7 171.8 277.4
5 8 114.7 275.0
5 9 102.7 297.8
6 1 144.5 214.4
6 4 489.1 313.4
6 5 479.5 348.1
6 6 205.3 294.9
6 7 192.7 277.7
6 8 133.4 275.2
6 9 121.3 298.9
6 10 20.1 333.0
7 1 143.7 214.2
7 4 508.0 315.9
7 5 498.4 351.6
7 6 226.2 295.6
7 7 213.5 277.9
7 8 152.1 275.3
7 9 141.7 299.3
7 10 45.6 331.9
8 1 142.9 213.9
8 4 527.1 318.9
8 5 517.9 353.9
8 6 247.1 296.2
8 7 235.0 280.6
8 8 171.5 276.0
8 9 162.1 299.7
8 10 71.1 330.8
8 11 25.9 373.5
8 12 624.7 311.8
9 1 142.1 213.7
9 4 546.9 323.8
9 5 538.1 354.4
9 6 268.0 296.9
9 7 256.7 283.6
9 8 191.4 276.9
9 9 182.6 300.1
9 10 96.8 329.8
9 11 51.1 374.2
9 12 601.4 308.7
10 1 141.3 213.5
10 4 566.8 328.7
10 5 558.4 354.8
10 6 289.0 297.6
10 7 278.3 286.6
10 8 211.3 277.8
10 9 203.1 301.0
10 10 122.6 328.8
10 11 76.2 374.9
10 12 578.5 305.2
11 1 140.4 213.3
11 4 586.7 333.6
11 5 578.6 355.3
11 6 310.1 299.8
11 7 300.0 289.6
11 8 231.2 278.7
11 9 223.7 302.9
11 10 148.4 327.8
11 11 101.4 374.9
11 12 555.8 301.4
12 1 139.6 213.1
12 4 604.2 333.2
12 5 596.7 354.8
12 6 331.3 303.1
12 7 322.5 291.1
12 8 251.1 279.6
12 9 244.3 304.8
12 10 174.2 326.7
12 11 126.8 373.2
12 12 533.7 297.4
13 1 138.7 213.0
13 4 621.1 331.6
13 5 614.2 354.1
13 6 352.5 306.3
13 7 345.1 292.7
13 8 272.3 282.1
13 9 264.9 306.7
13 10 199.3 326.9
13 11 152.2 371.6
13 12 512.6 292.9
14 1 137.5 213.3
14 4 637.9 329.9
14 5 631.7 353.3
14 6 373.7 309.5
14 7 367.6 294.2
14 8 293.6 284.7
14 9 285.5 308.6
14 10 223.7 328.2
14 11 177.6 369.9
14 12 491.5 288.3
15 1 136.4 213.6
15 6 394.6 313.1
15 7 390.1 295.8
15 8 314.8 287.2
15 9 307.8 310.3
15 10 248.1 329.4
15 11 206.0 369.0
15 12 470.4 283.8
16 1 135.3 213.8
16 6 414.4 318.5
16 7 412.2 297.7
16 8 336.4 289.5
16 9 330.4 312.1
16 10 272.5 330.7
16 11 235.2 368.3
16 12 448.4 279.4
17 1 134.1 214.1
17 6 434.1 323.8
17 7 434.1 299.9
17 8 358.4 291.4
17 9 352.9 313.8
17 10 298.4 332.5
17 11 264.4 367.6
17 12 426.2 274.9
18 1 133.0 214.4
18 6 453.9 329.1
18 7 456.0 302.0
18 8 380.4 293.2
18 9 375.4 315.5
18 10 325.3 334.6
18 11 293.4 366.8
18 12 404.0 270.5
19 1 131.9 214.6
19 6 475.6 334.4
19 7 477.8 304.2
19 8 402.4 295.1
19 9 398.3 317.7
19 10 352.2 336.7
19 11 321.7 366.1
19 12 382.0 267.9
20 1 130.8 214.9
20 6 498.7 339.6
20 7 499.1 307.9
20 8 424.5 297.1
20 9 421.3 320.0
20 10 379.1 338.7
20 11 350.0 365.3
20 12 360.1 266.4
21 1 129.6 215.1
21 6 521.9 344.9
21 7 520.2 312.1
21 8 446.9 299.2
21 9 444.3 322.4
21 10 405.6 339.7
21 11 378.3 364.5
21 12 338.2 264.9
22 1 128.5 215.4
22 6 545.1 349.7
22 7 541.3 316.2
22 8 469.4 301.2
22 9 467.3 324.7
22 10 432.0 340.7
22 11 406.7 363.7
22 12 316.0 263.7
23 1 127.4 215.7
23 6 569.4 351.4
23 7 562.4 320.4
23 8 491.8 303.3
23 9 489.4 325.6
23 10 458.5 341.7
23 11 433.3 364.2
23 12 293.8 262.6
24 1 126.2 215.9
24 6 593.6 353.0
24 7 583.0 324.3
24 8 514.2 305.4
24 9 511.1 325.8
24 10 484.9 342.7
24 11 460.0 364.7
24 12 271.6 261.5
25 1 125.1 216.2
25 6 617.9 354.6
25 7 603.4 328.1
25 8 537.8 305.9
25 9 532.7 326.0
25 10 510.9 343.5
25 11 486.7 365.2
25 12 249.3 260.4
