1 1 257.6 341.1
1 2 275.7 346.2
1 3 291.1 373.7
1 4 257.0 370.1
1 5 350.4 261.8
1 6 375.4 286.4
1 7 143.9 259.3
1 8 173.8 246.7
1 9 416.0 343.7
1 10 396.3 312.4
1 11 496.4 278.3
1 12 48.9 355.7
1 13 38.4 323.7
1 14 604.4 248.1
2 1 257.6 341.1
2 2 275.6 346.2
2 3 291.1 373.7
2 4 257.0 370.1
2 5 350.5 261.9
2 6 379.1 288.4
2 7 124.3 258.2
2 8 154.2 244.8
2 9 442.4 347.9
2 10 424.7 314.7
2 11 474.5 278.6
2 12 68.2 353.2
2 13 56.8 321.2
2 14 589.6 251.1
2 15 25.3 374.2
3 1 257.6 341.1
3 2 275.6 346.2
3 3 291.1 373.7
3 4 256.9 370.1
3 5 350.5 262.0
3 6 381.0 289.5
3 7 109.3 257.1
3 8 134.8 242.3
3 9 469.0 351.5
3 10 453.1 317.0
3 11 453.4 276.0
3 12 87.1 350.3
3 13 76.3 317.1
3 14 575.8 254.8
3 15 49.9 373.0
3 16 625.7 254.0
4 1 257.5 341.1
4 2 275.6 346.2
4 3 291.1 373.7
4 4 256.9 370.1
4 5 350.6 262.0
4 6 382.9 290.5
4 7 95.4 256.0
4 8 115.5 239.8
4 9 496.5 353.0
4 10 480.4 318.2
4 11 434.2 266.6
4 12 106.0 347.4
4 13 95.8 312.9
4 14 561.9 258.5
4 15 74.2 371.1
4 16 609.7 261.5
5 1 257.5 341.1
5 2 275.6 346.2
5 3 291.0 373.7
5 4 256.9 370.1
5 5 351.7 262.9
5 6 384.7 291.6
5 7 81.6 255.0
5 8 96.2 237.3
5 9 523.9 354.5
5 10 507.1 318.7
5 11 415.0 257.3
5 12 124.9 344.6
5 13 115.5 310.0
5 14 547.0 261.2
5 15 97.7 367.8
5 16 592.0 267.3
5 17 8.1 187.8
6 1 257.5 341.1
6 2 275.5 346.2
6 3 291.0 373.7
6 4 256.9 370.1
6 5 356.8 267.1
6 6 386.6 292.6
6 7 70.2 253.9
6 8 80.1 236.3
6 9 551.4 355.9
6 10 533.8 319.1
6 11 394.6 252.1
6 12 143.2 338.0
6 13 135.4 308.0
6 14 531.7 263.5
6 15 121.2 364.5
6 16 573.6 272.4
6 17 9.1 192.4
7 1 257.5 341.1
7 2 275.5 346.2
7 3 291.0 373.7
7 4 256.8 370.1
7 5 361.9 271.3
7 6 390.6 293.8
7 7 60.5 252.8
7 8 66.1 236.3
7 9 578.9 356.5
7 10 560.4 319.6
7 11 374.0 247.9
7 12 161.4 331.5
7 13 155.1 305.7
7 14 519.6 265.9
7 15 142.6 359.8
7 16 555.2 277.4
7 17 10.1 197.1
8 1 257.5 341.1
8 2 275.5 346.2
8 3 291.0 373.7
8 4 256.8 370.1
8 5 369.7 273.7
8 6 395.5 295.0
8 7 52.8 250.4
8 8 52.1 236.3
8 9 606.5 356.7
8 10 586.0 321.2
8 11 353.3 243.8
8 12 179.7 325.0
8 13 172.2 300.7
8 14 510.7 268.6
8 15 162.1 353.6
8 16 535.4 280.4
8 17 11.2 201.7
9 1 257.4 341.1
9 2 275.5 346.2
9 3 291.0 373.7
9 4 256.8 370.0
9 5 379.3 274.9
9 6 400.4 296.2
9 7 48.2 246.0
9 8 44.0 231.7
9 9 634.0 357.0
9 10 611.5 322.8
9 11 332.6 241.5
9 12 197.1 319.4
9 13 189.3 295.6
9 14 501.8 270.1
9 15 181.6 347.4
9 16 515.5 283.2
9 17 10.7 208.3
10 1 257.4 341.1
10 2 275.4 346.2
10 3 291.0 373.7
10 4 256.7 370.0
10 5 388.8 276.1
10 6 403.1 298.0
10 7 43.6 241.7
10 8 37.3 226.1
10 10 637.0 324.4
10 11 311.9 239.3
10 12 212.6 315.9
10 13 206.7 291.6
10 14 492.9 269.0
10 15 201.1 341.2
10 16 503.6 285.7
10 17 4.0 222.9
11 1 257.4 341.1
11 2 275.4 346.2
11 3 291.0 373.7
11 4 256.7 370.0
11 5 394.2 278.0
11 6 405.7 299.9
11 7 37.6 237.0
11 8 30.7 220.4
11 11 291.1 237.1
11 12 228.1 312.4
11 13 224.4 290.0
11 14 489.4 268.6
11 15 220.5 334.7
11 16 493.7 287.7
12 1 257.4 341.1
12 2 275.4 346.2
12 3 290.9 373.7
12 4 256.7 370.0
12 5 399.2 280.0
12 6 408.4 301.7
12 7 30.9 232.0
12 8 24.0 210.3
12 11 268.8 237.8
12 12 243.6 309.6
12 13 242.2 288.4
12 14 487.3 268.3
12 15 239.5 328.7
12 16 484.0 285.5
13 1 257.3 341.1
13 2 275.4 346.2
13 3 290.9 373.7
13 4 256.6 370.0
13 5 404.2 281.9
13 6 413.2 305.3
13 7 24.2 227.1
13 8 17.4 200.3
13 11 246.4 238.4
13 12 259.4 309.6
13 13 254.7 287.9
13 14 485.3 268.1
13 15 256.8 324.1
13 16 474.4 283.4
13 19 6.7 355.4
14 1 257.3 341.1
14 2 275.3 346.2
14 3 290.9 373.7
14 4 256.6 370.0
14 5 408.7 286.6
14 6 423.2 313.3
14 7 17.8 220.8
14 8 10.8 190.2
14 11 224.1 239.1
14 12 275.3 309.6
14 13 264.9 287.9
14 14 479.9 268.1
14 15 273.8 321.7
14 16 463.7 280.9
14 18 14.1 329.3
14 19 25.4 350.2
15 1 257.3 341.1
15 2 275.3 346.2
15 3 290.9 373.7
15 4 256.6 370.0
15 5 412.8 293.9
15 6 433.1 321.3
15 7 11.6 213.3
15 8 4.2 180.1
15 11 202.1 238.8
15 12 291.1 309.6
15 13 275.1 287.9
15 14 469.7 268.5
15 15 289.7 328.3
15 16 452.7 278.4
15 18 33.7 326.0
15 19 44.1 345.1
16 1 257.3 341.1
16 2 275.3 346.2
16 3 290.9 373.7
16 4 256.6 370.0
16 5 417.7 300.7
16 6 448.0 325.4
16 7 5.3 205.8
16 11 181.0 236.4
16 12 302.5 308.7
16 13 284.7 288.2
16 14 458.9 267.7
16 15 310.3 331.1
16 16 441.7 275.9
16 18 53.4 322.7
16 19 62.8 340.1
17 1 257.3 341.1
17 2 275.3 346.2
17 3 290.9 373.7
17 4 256.5 370.0
17 5 429.9 303.9
17 6 464.1 328.5
17 11 159.8 233.9
17 12 314.0 307.8
17 13 294.3 288.6
17 14 447.1 265.0
17 15 332.0 332.9
17 16 427.0 273.1
17 18 71.6 320.1
17 19 81.8 337.3
18 1 257.2 341.1
18 2 275.3 346.2
18 3 290.9 373.7
18 4 256.5 369.9
18 5 442.2 307.1
18 6 479.9 330.8
18 11 138.7 231.4
18 12 324.5 307.4
18 13 305.4 289.2
18 14 435.4 262.4
18 15 354.6 335.7
18 16 411.2 270.3
18 18 89.3 317.7
18 19 100.7 334.6
19 1 257.2 341.1
19 2 275.2 346.2
19 3 290.9 373.7
19 4 256.5 369.9
19 5 458.8 304.8
19 6 492.3 326.5
19 11 117.9 228.5
19 12 331.4 308.7
19 13 318.1 290.2
19 14 421.3 259.2
19 15 377.2 338.5
19 16 395.5 267.4
19 18 107.1 315.2
19 19 119.5 331.8
19 20 627.8 376.7
20 1 257.2 341.1
20 2 275.2 346.2
20 3 290.8 373.7
20 4 256.4 369.9
20 5 475.4 302.5
20 6 504.8 322.1
20 11 97.3 225.4
20 12 340.8 310.7
20 13 330.7 291.2
20 14 406.9 256.1
20 15 402.0 338.0
20 16 379.0 265.7
20 18 124.9 312.8
20 19 136.4 328.6
20 20 606.1 375.9
20 21 620.4 350.2
21 1 257.2 341.1
21 2 275.2 346.2
21 3 290.8 373.7
21 4 256.4 369.9
21 5 493.7 299.4
21 6 518.3 318.7
21 11 76.8 222.3
21 12 353.9 313.6
21 13 344.0 294.5
21 14 392.4 252.9
21 15 428.3 335.3
21 16 361.0 266.7
21 18 142.7 310.5
21 19 153.3 325.5
21 20 584.5 375.1
21 21 598.8 348.9
22 1 257.1 341.1
22 2 275.2 346.2
22 3 290.8 373.7
22 4 256.4 369.9
22 5 512.4 296.0
22 6 532.4 316.0
22 11 58.6 218.6
22 12 367.4 316.4
22 13 357.3 298.1
22 14 376.5 250.3
22 15 454.4 332.4
22 16 342.9 267.7
22 18 160.4 308.2
22 19 170.1 322.4
22 20 563.6 373.8
22 21 577.1 347.6
23 1 257.1 341.1
23 2 275.1 346.2
23 3 290.8 373.7
23 4 256.4 369.9
23 5 531.4 292.9
23 6 546.6 313.2
23 11 43.9 214.1
23 12 383.3 317.8
23 13 370.7 301.7
23 14 360.6 247.7
23 15 478.3 327.6
23 16 324.9 268.8
23 18 178.2 306.0
23 19 187.2 319.5
23 20 544.5 371.3
23 21 555.7 346.9
23 22 14.6 348.9
23 23 633.3 360.0
24 1 257.1 341.1
24 2 275.1 346.2
24 3 290.8 373.7
24 4 256.3 369.9
24 5 552.1 292.6
24 6 564.6 316.0
24 11 29.2 209.7
24 12 399.2 319.3
24 13 387.6 301.7
24 14 344.5 245.3
24 15 502.2 322.8
24 16 306.4 268.1
24 18 196.5 303.7
24 19 206.1 318.4
24 20 525.3 368.8
24 21 534.5 346.6
24 22 45.2 345.6
24 23 611.3 362.2
25 1 257.1 341.1
25 2 275.1 346.2
25 3 290.8 373.7
25 4 256.3 369.9
25 5 572.9 292.3
25 6 583.1 319.4
25 11 19.6 199.2
25 12 415.3 320.4
25 13 403.6 301.2
25 14 327.7 244.2
25 15 525.8 321.8
25 16 287.9 267.4
25 18 215.6 301.5
25 19 225.0 317.4
25 20 506.2 366.2
25 21 513.3 346.2
25 22 75.7 342.2
25 23 589.2 364.3
