1 1 250.3 348.1
1 2 283.0 351.5
1 3 530.6 343.1
1 4 290.2 374.6
1 5 259.9 371.3
1 6 295.4 274.6
1 7 315.8 302.2
1 8 549.9 97.6
1 9 563.0 109.3
1 10 567.1 148.2
2 1 252.4 348.1
2 2 283.1 351.3
2 3 562.4 350.2
2 4 290.3 374.5
2 5 259.9 371.3
2 6 311.8 276.5
2 7 329.9 304.2
2 8 548.9 83.7
2 9 564.1 94.6
2 10 561.9 134.6
3 1 255.2 347.4
3 2 283.1 351.2
3 3 594.3 357.4
3 4 290.3 374.5
3 5 259.9 371.3
3 6 328.3 278.7
3 7 344.1 306.3
3 8 546.3 72.0
3 9 564.7 80.9
3 10 556.7 121.1
4 1 258.0 346.7
4 2 282.9 351.1
4 3 626.1 364.5
4 4 290.4 374.5
4 5 259.8 371.3
4 6 345.5 282.4
4 7 358.2 309.7
4 8 543.7 60.2
4 9 565.4 67.2
4 10 554.5 107.8
4 11 24.8 342.8
4 12 19.8 371.8
5 1 260.7 345.9
5 2 282.8 351.0
5 4 290.4 374.5
5 5 259.8 371.3
5 6 362.7 286.1
5 7 372.1 314.1
5 8 541.1 48.4
5 9 566.1 53.6
5 10 553.7 94.4
5 11 48.5 337.5
5 12 44.9 366.6
6 1 262.6 345.4
6 2 282.7 350.9
6 4 290.5 374.4
6 5 259.8 371.3
6 6 379.8 289.6
6 7 386.1 318.4
6 10 552.8 81.1
6 11 72.2 332.2
6 12 70.0 361.5
7 1 262.5 345.5
7 2 282.5 350.8
7 4 290.6 374.4
7 5 259.7 371.2
7 6 396.8 292.6
7 7 400.1 322.8
7 10 551.0 68.7
7 11 95.4 327.1
7 12 94.5 356.2
8 1 262.3 345.6
8 2 282.4 350.7
8 4 290.6 374.4
8 5 259.7 371.2
8 6 413.9 295.5
8 7 414.3 327.2
8 10 549.0 56.8
8 11 118.1 322.2
8 12 117.5 350.4
8 13 16.1 323.9
9 1 262.2 345.7
9 2 282.3 350.6
9 4 290.7 374.3
9 5 259.7 371.2
9 6 431.0 298.4
9 7 428.8 331.6
9 10 546.9 44.8
9 11 140.9 317.3
9 12 140.5 344.6
9 13 44.0 311.8
10 1 262.0 345.7
10 2 282.2 350.5
10 4 290.7 374.3
10 5 259.7 371.2
10 6 447.2 302.1
10 7 443.4 336.0
10 11 163.7 312.6
10 12 163.5 338.9
10 13 71.8 299.8
11 1 261.9 345.8
11 2 282.0 350.4
11 4 290.8 374.3
11 5 259.6 371.2
11 6 462.9 306.4
11 7 458.0 340.4
11 11 187.2 309.4
11 12 186.4 334.1
11 13 100.6 288.3
12 1 261.7 345.9
12 2 281.9 350.3
12 4 290.9 374.3
12 5 259.6 371.2
12 6 478.7 310.7
12 7 475.4 344.4
12 11 210.8 306.3
12 12 209.0 330.8
12 13 130.2 277.5
13 1 261.5 346.0
13 2 281.8 350.2
13 4 290.9 374.2
13 5 259.6 371.2
13 6 494.4 315.0
13 7 493.6 348.4
13 11 234.3 303.1
13 12 231.6 327.5
13 13 159.9 266.7
14 1 261.4 346.1
14 2 281.6 350.0
14 4 291.0 374.2
14 5 259.5 371.2
14 6 511.9 319.3
14 7 511.8 352.3
14 11 257.6 301.6
14 12 254.3 324.7
14 13 188.5 261.8
15 1 261.2 346.1
15 2 281.5 349.9
15 4 291.1 374.2
15 5 259.5 371.1
15 6 530.1 323.7
15 7 530.0 356.3
15 11 280.5 302.5
15 12 277.0 326.3
15 13 216.9 258.2
16 1 261.1 346.2
16 2 281.4 349.8
16 4 291.1 374.1
16 5 259.5 371.1
16 6 548.4 328.1
16 7 548.7 360.5
16 11 303.5 303.4
16 12 299.6 327.8
16 13 245.3 255.6
17 1 260.9 346.3
17 2 281.2 349.7
17 4 291.2 374.1
17 5 259.4 371.1
17 6 566.6 332.5
17 7 567.6 364.9
17 11 326.4 304.2
17 12 322.3 329.3
17 13 274.2 256.7
18 1 260.8 346.4
18 2 281.1 349.6
18 4 291.2 374.1
18 5 259.4 371.1
18 6 584.1 337.2
18 7 586.5 369.3
18 11 349.8 307.0
18 12 344.9 332.2
18 13 303.1 257.7
19 1 260.6 346.4
19 2 281.0 349.5
19 4 291.3 374.1
19 5 259.4 371.1
19 6 601.4 342.0
19 7 605.4 373.7
19 11 373.6 311.1
19 12 367.1 338.3
19 13 331.8 259.7
20 1 260.5 346.5
20 2 280.9 349.4
20 4 291.4 374.0
20 5 259.4 371.1
20 6 618.8 346.7
20 7 624.3 378.1
20 11 397.4 315.1
20 12 389.3 344.5
20 13 360.4 261.8
21 1 260.3 346.6
21 2 280.7 349.3
21 4 291.4 374.0
21 5 259.3 371.1
21 6 636.1 351.5
21 11 421.2 319.2
21 12 412.3 350.3
21 13 389.8 263.7
22 1 260.2 346.7
22 2 280.6 349.2
22 4 291.5 374.0
22 5 259.3 371.1
22 11 444.3 324.4
22 12 437.1 355.3
22 13 420.1 265.2
23 1 260.0 346.8
23 2 280.5 349.1
23 4 291.5 373.9
23 5 259.3 371.1
23 11 467.4 329.8
23 12 461.9 360.3
23 13 450.4 266.8
24 1 259.9 346.8
24 2 280.3 349.0
24 4 291.6 373.9
24 5 259.2 371.0
24 11 490.4 335.2
24 12 486.7 365.4
24 13 481.2 264.4
25 1 259.7 346.9
25 2 280.2 348.9
25 4 291.7 373.9
25 5 259.2 371.0
25 11 513.9 340.0
25 12 511.1 369.8
25 13 512.1 261.1
