1 1 124.8 216.2
1 2 623.8 332.0
1 3 561.3 306.3
1 4 554.4 326.2
1 5 536.8 344.3
1 6 512.1 365.5
1 7 227.6 259.4
2 1 124.6 216.2
2 3 584.8 306.8
2 4 576.4 327.3
2 5 562.6 345.0
2 6 536.8 365.6
2 7 205.9 258.5
3 1 124.5 216.2
3 3 608.4 307.3
3 4 598.4 329.1
3 5 586.5 345.4
3 6 561.5 365.8
3 7 184.2 257.5
4 1 124.4 216.2
4 3 631.9 307.7
4 4 620.5 330.8
4 5 608.5 345.4
4 6 586.1 365.9
4 7 163.2 254.5
5 1 124.2 216.2
5 5 630.4 345.4
5 6 610.8 366.1
5 7 142.5 250.2
6 1 124.1 216.2
6 6 635.5 366.2
6 7 121.8 246.0
6 8 636.9 385.4
7 1 124.0 216.2
7 7 101.2 241.7
7 8 599.1 384.6
8 1 123.8 216.2
8 7 82.8 236.0
8 8 561.3 383.7
9 1 123.7 216.1
9 7 64.7 230.1
9 8 523.2 380.4
10 1 123.5 216.1
10 7 47.8 223.8
10 8 485.1 377.1
11 1 123.4 216.1
11 7 35.5 215.8
11 8 447.0 373.7
12 1 123.3 216.1
12 7 23.2 207.7
12 8 409.8 372.1
13 1 123.1 216.1
13 7 13.8 199.3
13 8 373.4 372.1
14 1 123.0 216.1
14 7 10.9 190.1
14 8 337.1 372.1
15 1 122.9 216.1
15 7 8.0 180.9
15 8 300.9 371.9
16 1 122.7 216.1
16 7 5.1 171.6
16 8 265.6 371.2
17 1 122.6 216.0
17 8 230.2 370.5
18 1 122.4 216.0
18 8 194.8 369.7
19 1 122.3 216.0
19 8 159.5 369.0
20 1 122.2 216.0
20 8 124.5 369.4
21 1 122.0 216.0
21 8 89.8 370.6
22 1 121.9 216.0
22 8 55.1 371.8
23 1 121.8 216.0
23 8 20.4 373.0
24 1 121.6 216.0
25 1 121.5 215.9
