1 1 253.1 340.4
1 2 270.8 346.2
1 3 288.5 373.7
1 4 254.0 369.6
1 5 43.0 219.7
1 6 176.9 330.5
1 7 180.8 309.2
1 8 612.6 298.1
1 9 542.5 316.6
1 10 516.7 315.2
1 11 273.5 274.8
1 12 275.6 256.6
1 13 591.5 277.8
2 1 253.0 340.4
2 2 270.8 346.2
2 3 288.5 373.7
2 4 255.7 369.6
2 5 43.1 219.6
2 6 176.3 330.7
2 7 180.3 309.4
2 8 629.5 297.5
2 9 560.5 315.3
2 10 533.8 314.6
2 11 255.1 274.2
2 12 259.6 257.0
2 13 568.4 274.5
3 1 253.0 340.4
3 2 270.8 346.2
3 3 288.5 373.7
3 4 257.5 369.6
3 5 43.0 219.5
3 6 175.7 330.9
3 7 179.8 309.7
3 9 578.4 314.0
3 10 550.6 314.6
3 11 236.7 273.6
3 12 243.5 257.4
3 13 546.2 271.6
4 1 253.0 340.4
4 2 270.7 346.2
4 3 288.5 373.7
4 4 259.3 369.6
4 5 42.9 219.4
4 6 175.0 331.0
4 7 179.4 309.9
4 9 596.4 312.7
4 10 567.4 314.6
4 11 218.3 273.0
4 12 227.5 257.8
4 13 524.0 268.8
5 1 253.0 340.4
5 2 270.7 346.2
5 3 288.5 373.7
5 4 261.1 369.6
5 5 42.8 219.3
5 6 174.4 331.2
5 7 178.9 310.1
5 9 614.4 311.5
5 10 584.1 314.6
5 11 202.1 272.9
5 12 211.9 257.5
5 13 502.1 269.1
5 14 636.5 206.2
6 1 253.0 340.4
6 2 270.7 346.2
6 3 288.5 373.7
6 4 263.7 369.6
6 5 42.8 219.3
6 6 173.7 331.4
6 7 178.4 310.3
6 9 632.3 310.2
6 10 600.9 314.6
6 11 186.2 272.9
6 12 196.4 256.9
6 13 480.2 269.4
6 14 625.3 210.0
7 1 252.9 340.4
7 2 270.7 346.2
7 3 288.4 373.7
7 4 266.9 369.6
7 5 42.7 219.2
7 6 173.1 331.6
7 7 177.9 310.5
7 10 617.7 314.6
7 11 170.3 272.9
7 12 181.0 256.3
7 13 458.4 270.0
7 14 614.1 213.9
8 1 252.9 340.4
8 2 264.4 349.5
8 3 298.6 373.7
8 4 270.0 369.6
8 5 42.6 219.1
8 6 172.4 331.7
8 7 177.5 310.8
8 10 634.5 314.6
8 11 154.3 272.9
8 12 165.5 255.7
8 13 436.7 271.0
8 14 603.0 217.7
9 1 248.7 339.7
9 2 255.6 354.3
9 3 313.4 373.2
9 4 277.1 361.6
9 5 42.5 219.0
9 6 171.8 331.9
9 7 177.0 311.0
9 11 138.5 272.9
9 12 150.0 255.5
9 13 415.0 271.9
9 14 591.0 221.8
10 1 234.7 337.3
10 2 246.7 359.0
10 3 331.5 367.8
10 4 285.1 351.6
10 5 42.4 219.0
10 6 171.1 332.1
10 7 176.5 311.2
10 11 122.9 272.7
10 12 134.4 255.7
10 13 393.3 272.9
10 14 577.4 226.5
11 1 222.6 339.4
11 2 230.8 363.8
11 3 349.7 362.3
11 4 303.7 341.1
11 5 42.4 218.9
11 6 168.6 331.8
11 7 176.0 311.4
11 11 107.4 272.6
11 12 118.8 255.9
11 13 370.3 273.1
11 14 563.7 231.2
12 1 210.6 341.9
12 2 212.0 368.6
12 3 372.2 360.5
12 4 324.9 330.4
12 5 42.3 218.8
12 6 166.2 331.5
12 7 175.6 311.7
12 11 91.9 272.4
12 12 103.2 256.1
12 13 347.3 273.3
12 14 550.0 235.9
13 1 195.8 344.0
13 2 193.3 373.0
13 3 395.8 359.7
13 4 351.6 327.5
13 5 42.2 218.7
13 6 163.7 331.1
13 7 175.1 311.9
13 11 76.4 272.2
13 12 87.6 256.3
13 13 324.3 273.6
13 14 536.6 241.2
13 15 621.3 347.7
14 1 179.3 345.9
14 2 175.0 374.6
14 3 419.4 358.8
14 4 378.4 325.4
14 5 42.1 218.7
14 6 161.2 330.8
14 7 173.9 312.1
14 11 60.9 272.1
14 12 74.7 253.5
14 13 301.2 273.9
14 14 523.5 247.3
14 15 602.9 346.4
14 16 624.3 348.4
15 1 161.1 347.4
15 2 156.7 376.1
15 3 442.4 354.4
15 4 405.8 325.4
15 5 42.0 218.6
15 6 158.8 330.5
15 7 165.9 312.4
15 11 46.8 266.2
15 12 61.8 250.8
15 13 278.0 275.2
15 14 510.5 253.4
15 15 584.5 345.1
15 16 606.2 346.5
16 1 140.5 348.1
16 2 138.3 377.6
16 3 465.3 349.6
16 4 433.2 325.4
16 5 42.0 218.5
16 6 150.3 330.4
16 7 157.9 312.7
16 11 32.8 260.3
16 12 48.9 248.1
16 13 254.8 276.5
16 14 497.5 258.5
16 15 566.2 343.8
16 16 588.1 344.5
17 1 120.6 348.9
17 2 120.9 379.1
17 3 486.7 343.1
17 4 457.8 321.9
17 5 41.9 218.4
17 6 137.8 330.4
17 7 148.3 313.1
17 11 18.7 254.3
17 12 36.0 245.4
17 13 231.5 277.9
17 14 484.5 262.0
17 15 549.4 344.4
17 16 572.5 344.2
18 1 103.8 349.5
18 2 103.6 380.5
18 3 504.4 332.6
18 4 481.8 317.6
18 5 41.8 218.4
18 6 125.3 330.4
18 7 131.8 314.1
18 11 10.6 244.8
18 12 28.2 238.1
18 13 208.3 279.2
18 14 471.5 265.5
18 15 536.2 349.5
18 16 558.6 344.9
19 1 87.0 350.2
19 2 86.4 382.0
19 3 524.3 325.7
19 4 506.4 311.9
19 5 41.7 218.3
19 6 112.8 330.4
19 7 115.3 315.1
19 11 3.1 234.8
19 12 20.3 230.7
19 13 188.2 281.3
19 14 457.5 263.9
19 15 523.1 354.6
19 16 545.6 346.3
20 1 70.1 350.8
20 2 69.1 383.3
20 3 547.5 324.5
20 4 531.8 304.8
20 5 41.6 218.2
20 6 99.2 331.1
20 7 98.8 316.2
20 12 12.5 223.4
20 13 169.4 283.7
20 14 443.3 260.9
20 15 504.6 358.7
20 16 534.8 349.3
21 1 54.0 351.8
21 2 51.7 384.2
21 3 571.5 323.9
21 4 558.0 300.9
21 5 41.6 218.1
21 6 83.8 332.8
21 7 82.6 317.4
21 12 4.7 216.1
21 13 150.7 286.1
21 14 429.2 257.0
21 15 486.1 362.9
21 16 516.4 351.4
22 1 39.1 353.1
22 2 34.3 385.2
22 3 596.8 324.5
22 4 585.1 300.1
22 5 41.5 218.1
22 6 68.4 334.6
22 7 68.2 320.3
22 13 131.9 288.5
22 14 415.3 251.2
22 15 466.8 365.5
22 16 497.4 352.8
23 1 24.1 354.4
23 2 17.0 386.1
23 3 622.1 325.0
23 4 610.5 301.3
23 5 41.4 218.0
23 6 53.0 336.3
23 7 53.8 323.2
23 13 112.4 290.6
23 14 401.3 245.4
23 15 447.0 367.1
23 16 478.5 353.8
24 1 9.1 355.7
24 4 633.5 305.8
24 5 41.3 217.9
24 6 37.6 338.1
24 7 39.4 326.2
24 13 89.7 291.8
24 14 389.3 239.0
24 15 427.2 368.8
24 16 459.7 354.9
25 5 41.2 217.8
25 6 22.2 339.8
25 7 25.7 326.6
25 13 67.1 292.9
25 14 377.3 232.5
25 15 408.2 369.5
25 16 439.6 355.7
