1 1 255.3 340.8
1 2 273.2 346.2
1 3 289.8 373.7
1 4 254.7 369.6
1 5 151.3 253.8
1 6 85.8 233.5
1 7 472.8 332.3
1 8 511.5 394.9
1 9 307.6 240.3
1 10 225.0 233.8
1 11 392.2 326.0
1 12 293.5 277.0
1 13 60.6 278.9
1 14 52.0 312.1
2 1 255.3 340.8
2 2 273.2 346.2
2 3 289.8 373.7
2 4 254.6 369.6
2 5 132.3 254.7
2 6 67.0 228.4
2 7 463.2 348.0
2 8 508.6 397.9
2 9 292.1 239.6
2 10 207.0 231.2
2 11 414.0 325.8
2 12 275.5 272.7
2 13 77.8 281.4
2 14 70.0 316.1
3 1 255.3 340.8
3 2 273.2 346.2
3 3 289.8 373.7
3 4 254.6 369.6
3 5 113.4 255.6
3 6 50.7 222.6
3 7 453.1 362.4
3 8 504.6 400.4
3 9 276.6 238.9
3 10 189.3 228.5
3 11 435.9 323.2
3 12 257.5 268.4
3 13 95.6 283.1
3 14 88.1 320.2
4 1 255.3 340.8
4 2 273.2 346.2
4 3 289.8 373.7
4 4 254.6 369.6
4 5 94.6 257.4
4 6 34.5 216.9
4 7 442.9 376.8
4 8 496.8 400.4
4 9 261.1 238.1
4 10 175.8 225.6
4 11 457.8 320.7
4 12 239.6 265.1
4 13 113.3 284.8
4 14 106.1 324.2
5 1 255.2 340.8
5 2 273.1 346.2
5 3 289.8 373.7
5 4 254.6 369.6
5 5 76.3 262.9
5 6 19.2 209.6
5 7 434.4 387.0
5 8 489.0 400.4
5 9 245.1 238.3
5 10 162.3 222.7
5 11 479.7 318.1
5 12 222.1 264.1
5 13 131.1 286.6
5 14 125.1 325.5
6 1 255.2 340.8
6 2 273.1 346.2
6 3 289.7 373.7
6 4 254.6 369.6
6 5 58.0 268.4
6 6 4.5 201.3
6 7 428.2 391.0
6 8 481.2 400.4
6 9 228.9 238.8
6 10 148.7 219.8
6 11 502.7 317.6
6 12 204.5 263.0
6 13 149.4 287.5
6 14 145.2 324.0
7 1 255.2 340.8
7 2 273.1 346.2
7 3 289.7 373.7
7 4 254.5 369.6
7 5 39.7 273.9
7 7 422.6 394.8
7 8 471.7 403.3
7 9 212.7 239.2
7 10 135.1 216.9
7 11 526.5 318.5
7 12 187.0 262.0
7 13 169.5 285.5
7 14 165.3 322.5
8 1 255.2 340.8
8 2 273.1 346.2
8 3 289.7 373.7
8 4 254.5 369.6
8 5 21.5 279.4
8 7 422.3 397.3
8 8 462.1 406.6
8 9 196.1 239.3
8 10 121.4 214.1
8 11 550.3 319.4
8 12 170.2 261.3
8 13 189.7 283.4
8 14 185.3 321.0
9 1 255.2 340.8
9 2 273.0 346.2
9 3 289.7 373.7
9 4 254.5 369.6
9 5 3.2 284.9
9 7 421.9 399.7
9 8 456.2 407.7
9 9 178.9 238.4
9 10 109.1 214.2
9 11 574.1 320.3
9 12 155.2 261.5
9 13 209.8 281.4
9 14 206.1 318.7
10 1 255.1 340.8
10 2 273.0 346.2
10 3 289.7 373.7
10 4 254.5 369.6
10 7 421.6 402.2
10 8 452.9 407.4
10 9 161.6 237.5
10 10 97.6 216.3
10 11 597.9 322.0
10 12 140.3 261.7
10 13 230.0 279.4
10 14 227.3 316.0
11 1 255.1 340.8
11 2 273.0 346.2
11 3 289.7 373.7
11 4 254.5 369.6
11 7 421.2 404.6
11 8 449.6 407.1
11 9 144.3 236.5
11 10 87.7 217.6
11 11 621.7 323.8
11 12 125.3 261.9
11 13 252.1 279.0
11 14 248.5 313.2
12 1 255.1 340.7
12 2 273.0 346.2
12 3 289.7 373.7
12 4 254.5 369.6
12 7 420.9 407.1
12 8 447.2 414.5
12 9 126.5 236.3
12 10 84.0 215.9
12 12 110.4 262.1
12 13 275.0 279.4
12 14 269.8 310.4
13 1 255.1 340.7
13 2 272.9 346.2
13 3 289.7 373.7
13 4 254.4 369.6
13 7 416.2 421.9
13 8 444.8 422.9
13 9 108.5 236.3
13 10 80.4 214.1
13 12 92.2 259.9
13 13 298.0 279.8
13 14 291.0 310.4
14 1 255.0 340.7
14 2 272.9 346.2
14 3 289.6 373.7
14 4 254.4 369.6
14 7 411.6 436.7
14 8 442.8 433.6
14 9 90.5 236.3
14 10 77.4 212.8
14 12 73.7 257.4
14 13 320.9 280.2
14 14 312.2 310.4
15 1 255.0 340.7
15 2 272.9 346.2
15 3 289.6 373.7
15 4 254.4 369.6
15 7 408.3 452.5
15 8 441.9 449.8
15 9 72.4 236.3
15 10 76.2 212.6
15 12 55.2 254.9
15 13 343.8 281.2
15 14 333.5 310.4
16 1 255.0 340.7
16 2 272.9 346.2
16 3 289.6 373.7
16 4 254.4 369.6
16 7 405.7 468.6
16 8 440.9 468.0
16 9 58.0 230.7
16 10 75.0 212.3
16 12 37.5 251.0
16 13 366.7 283.2
16 14 355.2 311.8
17 1 255.0 340.7
17 2 272.9 346.2
17 3 289.6 373.7
17 4 254.4 369.6
17 9 43.5 225.1
17 10 73.7 212.0
17 12 22.7 241.4
17 13 389.5 285.2
17 14 377.7 315.2
18 1 255.0 340.7
18 2 272.8 346.2
18 3 289.6 373.7
18 4 254.4 369.6
18 9 31.3 218.3
18 10 72.5 211.7
18 12 7.9 231.9
18 13 412.4 287.2
18 14 400.2 318.6
19 1 254.9 340.7
19 2 272.8 346.2
19 3 289.6 373.7
19 4 254.3 369.6
19 9 24.4 208.3
19 10 71.3 211.4
19 13 434.0 288.9
19 14 422.7 322.1
20 1 254.9 340.7
20 2 272.8 346.2
20 3 289.6 373.7
20 4 254.3 369.6
20 9 17.6 198.3
20 10 66.4 213.9
20 13 450.5 289.5
20 14 441.7 324.1
21 1 254.9 340.7
21 2 272.8 346.2
21 3 289.5 373.7
21 4 254.3 369.6
21 9 10.7 188.3
21 10 57.9 219.2
21 13 467.0 290.1
21 14 460.7 326.1
22 1 254.9 340.7
22 2 272.7 346.2
22 3 289.5 373.7
22 4 254.3 369.6
22 10 49.7 222.7
22 13 480.6 289.6
22 14 478.6 327.9
22 15 8.2 267.9
23 1 254.8 340.7
23 2 272.7 346.2
23 3 289.5 373.7
23 4 254.3 369.6
23 10 42.2 221.8
23 13 490.0 287.5
23 14 487.1 327.5
23 15 14.6 272.1
24 1 254.8 340.7
24 2 272.7 346.2
24 3 289.5 373.7
24 4 254.2 369.6
24 10 37.7 221.4
24 13 497.6 288.0
24 14 495.5 327.1
24 15 21.0 276.2
25 1 254.8 340.7
25 2 272.7 346.2
25 3 289.5 373.7
25 4 254.2 369.6
25 10 40.4 221.9
25 13 502.7 292.4
25 14 504.8 326.0
25 15 23.9 277.9
