1 1 258.2 341.2
1 2 276.3 346.2
1 3 291.4 373.7
1 4 257.7 370.4
1 5 348.4 260.0
1 6 364.1 280.4
1 7 562.6 324.6
1 8 209.7 262.4
1 9 240.3 318.6
1 10 227.6 305.7
1 11 551.0 215.6
1 12 559.9 170.0
2 1 258.2 341.2
2 2 276.2 346.2
2 3 291.4 373.7
2 4 257.7 370.4
2 5 348.5 260.1
2 6 364.9 280.6
2 7 583.5 327.7
2 8 189.3 267.5
2 9 263.5 315.4
2 10 248.8 302.9
2 11 541.8 227.1
2 12 553.7 182.9
3 1 258.1 341.2
3 2 276.2 346.2
3 3 291.4 373.7
3 4 257.7 370.4
3 5 348.6 260.1
3 6 365.7 280.8
3 7 604.3 331.2
3 8 168.9 272.6
3 9 285.8 315.2
3 10 270.4 300.7
3 11 531.1 237.1
3 12 549.1 196.1
4 1 258.1 341.2
4 2 276.2 346.2
4 3 291.4 373.7
4 4 257.6 370.4
4 5 348.7 260.2
4 6 366.5 281.0
4 7 625.0 334.6
4 8 148.5 277.7
4 9 307.1 318.2
4 10 294.9 303.8
4 11 520.5 247.1
4 12 544.9 209.5
5 1 258.1 341.2
5 2 276.2 346.2
5 3 291.4 373.7
5 4 257.6 370.4
5 5 348.7 260.3
5 6 367.3 281.2
5 8 128.2 281.0
5 9 328.4 321.2
5 10 319.3 307.0
5 11 507.9 257.0
5 12 540.7 222.9
6 1 258.1 341.2
6 2 276.1 346.2
6 3 291.3 373.7
6 4 257.6 370.4
6 5 348.8 260.4
6 6 368.1 281.4
6 8 107.9 283.7
6 9 352.3 329.6
6 10 342.3 311.3
6 11 493.5 266.7
6 12 536.5 236.3
7 1 258.0 341.2
7 2 276.1 346.2
7 3 291.3 373.7
7 4 257.6 370.4
7 5 348.9 260.4
7 6 368.9 281.6
7 8 87.7 286.5
7 9 376.1 337.9
7 10 364.7 316.1
7 11 479.1 276.5
7 12 523.4 246.7
8 1 258.0 341.2
8 2 276.1 346.2
8 3 291.3 373.7
8 4 257.5 370.4
8 5 349.0 260.5
8 6 369.7 281.7
8 8 67.4 289.3
8 9 400.0 345.6
8 10 387.0 321.0
8 11 463.5 283.9
8 12 510.4 257.1
9 1 258.0 341.2
9 2 276.1 346.2
9 3 291.3 373.7
9 4 257.5 370.3
9 5 349.1 260.6
9 6 370.5 281.9
9 8 48.5 290.8
9 9 424.1 352.6
9 10 410.9 325.2
9 11 447.1 289.6
9 12 496.4 265.9
10 1 258.0 341.2
10 2 276.0 346.2
10 3 291.3 373.7
10 4 257.5 370.3
10 5 349.1 260.6
10 6 371.2 281.8
10 8 29.7 292.2
10 9 448.2 359.5
10 10 435.6 329.0
10 11 430.7 295.3
10 12 478.7 268.5
10 13 3.1 351.2
11 1 258.0 341.2
11 2 276.0 346.2
11 3 291.3 373.7
11 4 257.4 370.3
11 5 349.2 260.7
11 6 371.7 280.2
11 8 10.9 293.6
11 9 472.8 365.0
11 10 460.4 332.8
11 11 413.4 299.9
11 12 460.9 271.1
11 13 29.3 348.3
12 1 257.9 341.2
12 2 276.0 346.2
12 3 291.3 373.7
12 4 257.4 370.3
12 5 349.3 260.8
12 6 372.1 278.6
12 9 498.3 368.0
12 10 484.9 336.6
12 11 394.7 302.8
12 12 443.7 268.4
12 13 55.4 345.4
12 14 11.4 327.2
13 1 257.9 341.2
13 2 276.0 346.2
13 3 291.3 373.7
13 4 257.4 370.3
13 5 349.4 260.9
13 6 372.6 277.0
13 9 523.8 371.1
13 10 508.7 340.4
13 11 376.0 305.6
13 12 426.9 262.2
13 13 81.6 342.4
13 14 39.5 323.7
14 1 257.9 341.2
14 2 276.0 346.2
14 3 291.2 373.7
14 4 257.3 370.3
14 5 349.4 260.9
14 6 373.0 275.4
14 9 549.3 373.1
14 10 532.5 344.2
14 11 358.1 304.9
14 12 410.1 256.0
14 13 107.1 339.5
14 14 67.6 320.2
15 1 257.9 341.2
15 2 275.9 346.2
15 3 291.2 373.7
15 4 257.3 370.3
15 5 349.5 261.0
15 6 373.5 273.9
15 9 574.8 373.5
15 10 556.2 348.0
15 11 340.9 300.6
15 12 392.4 249.7
15 13 132.4 336.6
15 14 95.6 316.7
16 1 257.8 341.2
16 2 275.9 346.2
16 3 291.2 373.7
16 4 257.3 370.3
16 5 349.6 261.1
16 6 373.3 273.3
16 9 600.4 373.9
16 10 580.5 350.9
16 11 323.8 296.3
16 12 374.7 243.2
16 13 157.6 333.6
16 14 122.9 312.6
17 1 257.8 341.2
17 2 275.9 346.2
17 3 291.2 373.7
17 4 257.3 370.2
17 5 349.7 261.2
17 6 372.1 274.2
17 9 625.9 374.4
17 10 605.1 353.1
17 11 306.2 290.8
17 12 356.2 239.2
17 13 182.8 330.7
17 14 150.1 308.6
18 1 257.8 341.2
18 2 275.9 346.2
18 3 291.2 373.7
18 4 257.2 370.2
18 5 349.8 261.2
18 6 371.0 275.1
18 10 629.7 355.3
18 11 288.4 284.5
18 12 336.1 240.8
18 13 209.6 327.8
18 14 177.3 304.6
19 1 257.8 341.2
19 2 275.8 346.2
19 3 291.2 373.7
19 4 257.2 370.2
19 5 349.8 261.3
19 6 369.8 276.0
19 11 270.7 278.2
19 12 316.0 242.3
19 13 236.5 324.8
19 14 205.1 304.3
19 15 633.7 249.2
20 1 257.8 341.2
20 2 275.8 346.2
20 3 291.2 373.7
20 4 257.2 370.2
20 5 349.9 261.4
20 6 368.7 276.8
20 11 253.0 272.9
20 12 295.7 244.2
20 13 263.4 321.9
20 14 233.0 304.0
20 15 614.1 256.1
21 1 257.7 341.2
21 2 275.8 346.2
21 3 291.2 373.7
21 4 257.1 370.2
21 5 350.0 261.4
21 6 367.5 277.7
21 11 235.7 269.9
21 12 275.2 246.3
21 13 289.3 322.5
21 14 260.8 303.8
21 15 594.4 262.9
22 1 257.7 341.2
22 2 275.8 346.2
22 3 291.1 373.7
22 4 257.1 370.2
22 5 350.1 261.5
22 6 366.3 278.6
22 11 218.4 266.9
22 12 254.7 248.3
22 13 314.2 326.8
22 14 287.6 305.2
22 15 575.3 268.6
23 1 257.7 341.2
23 2 275.7 346.2
23 3 291.1 373.7
23 4 257.1 370.2
23 5 350.1 261.6
23 6 365.2 279.5
23 11 201.1 263.9
23 12 234.2 250.4
23 13 339.0 331.1
23 14 314.2 306.7
23 15 556.9 272.3
24 1 257.7 341.1
24 2 275.7 346.2
24 3 291.1 373.7
24 4 257.1 370.2
24 5 350.2 261.7
24 6 364.0 280.4
24 11 182.9 261.6
24 12 214.1 249.2
24 13 363.8 335.4
24 14 340.9 308.3
24 15 538.5 276.1
24 16 9.9 360.5
24 18 635.4 243.2
25 1 257.6 341.1
25 2 275.7 346.2
25 3 291.1 373.7
25 4 257.0 370.2
25 5 350.3 261.7
25 6 369.7 283.4
25 11 163.4 260.5
25 12 194.0 248.0
25 13 389.6 339.6
25 14 367.9 310.0
25 15 518.4 278.0
25 16 29.4 358.1
25 17 20.3 325.7
25 18 619.9 245.6
