1 1 240.0 303.4
1 2 271.2 308.9
1 3 239.6 324.8
1 4 6.2 479.4
1 5 33.0 277.6
1 6 43.6 300.1
1 7 371.1 353.0
1 8 591.1 278.2
1 9 361.8 365.0
1 10 469.1 271.7
1 11 500.4 281.1
1 12 509.9 255.6
1 13 612.7 370.4
2 1 239.9 303.4
2 2 271.2 308.9
2 3 239.5 324.8
2 5 14.4 280.7
2 6 25.6 303.2
2 7 387.2 350.8
2 8 615.4 266.2
2 9 378.5 363.5
2 10 456.4 272.8
2 11 486.1 284.6
2 12 496.8 258.1
2 13 588.8 370.4
3 1 239.8 303.4
3 2 271.3 308.9
3 3 239.5 324.7
3 6 7.6 306.2
3 7 403.4 348.6
3 8 639.8 254.1
3 9 395.2 361.9
3 10 443.1 272.5
3 11 471.8 288.1
3 12 482.4 259.5
3 13 564.9 370.4
4 1 239.8 303.4
4 2 271.4 309.0
4 3 239.4 324.6
4 7 419.7 346.4
4 9 412.0 360.4
4 10 429.8 272.3
4 11 458.9 288.7
4 12 468.0 260.9
4 13 539.8 373.7
5 1 239.7 303.4
5 2 271.4 309.0
5 3 239.3 324.6
5 7 436.3 344.1
5 9 428.7 357.4
5 10 416.4 271.5
5 11 446.5 288.7
5 12 453.7 262.1
5 13 514.7 376.9
6 1 239.6 303.4
6 2 271.5 309.0
6 3 239.2 324.5
6 7 453.0 341.8
6 9 445.4 354.3
6 10 403.1 270.0
6 11 434.0 288.7
6 12 439.7 262.4
6 13 490.1 379.5
7 1 239.6 303.4
7 2 271.5 309.1
7 3 239.1 324.4
7 7 469.7 339.5
7 9 462.1 351.3
7 10 389.8 268.4
7 11 420.7 288.3
7 12 425.7 262.7
7 13 467.5 379.1
7 14 13.8 325.3
8 1 239.5 303.4
8 2 271.6 309.1
8 3 239.0 324.4
8 7 486.5 337.4
8 9 478.8 348.2
8 10 376.4 266.9
8 11 405.4 286.7
8 12 412.2 262.2
8 13 444.9 378.8
8 14 35.1 323.3
8 16 636.9 361.2
8 17 634.2 372.9
9 1 239.4 303.4
9 2 271.6 309.1
9 3 238.9 324.3
9 7 503.7 335.5
9 9 495.2 346.3
9 10 363.1 265.4
9 11 390.0 285.2
9 12 399.4 260.5
9 13 425.1 378.9
9 14 56.5 321.4
9 15 15.1 349.3
9 16 615.1 363.7
9 17 613.9 374.6
10 1 239.3 303.4
10 2 271.7 309.2
10 3 238.8 324.2
10 7 520.8 333.6
10 9 511.5 344.6
10 10 348.0 263.1
10 11 374.6 283.6
10 12 386.6 258.8
10 13 405.9 379.2
10 14 77.1 319.7
10 15 36.0 346.6
10 16 593.3 366.1
10 17 593.7 376.2
11 1 239.3 303.4
11 2 271.8 309.2
11 3 238.7 324.2
11 7 538.0 331.8
11 9 527.9 342.8
11 10 332.8 260.9
11 11 359.2 282.0
11 12 373.8 257.1
11 13 386.6 379.5
11 14 96.9 318.2
11 15 56.9 343.9
11 16 571.5 368.5
11 17 573.2 376.8
12 1 239.2 303.5
12 2 271.8 309.2
12 3 238.6 324.1
12 7 555.2 329.9
12 9 544.1 341.5
12 10 317.7 258.6
12 11 343.3 279.8
12 12 359.3 255.9
12 13 370.5 377.8
12 14 116.8 316.7
12 15 77.1 340.7
12 16 550.4 368.0
12 17 552.6 376.2
12 18 9.9 365.5
13 1 239.1 303.5
13 2 271.9 309.3
13 3 238.5 324.1
13 7 570.4 331.2
13 9 558.6 343.6
13 10 302.5 256.3
13 11 326.8 276.8
13 12 344.9 254.7
13 13 355.7 375.3
13 14 136.3 314.8
13 15 95.3 336.1
13 16 529.3 367.1
13 17 531.9 375.6
13 18 32.4 365.7
13 19 4.9 338.7
14 1 239.1 303.5
14 2 271.9 309.3
14 3 238.4 324.0
14 7 585.1 333.1
14 9 573.1 345.7
14 10 287.1 254.8
14 11 310.3 273.8
14 12 330.4 253.4
14 13 340.9 372.8
14 14 153.0 308.5
14 15 113.6 331.4
14 16 508.3 366.3
14 17 511.8 372.6
14 18 54.9 366.0
14 19 27.0 340.5
15 1 239.0 303.5
15 2 272.0 309.3
15 3 238.3 323.9
15 7 599.8 335.1
15 9 587.5 347.9
15 10 271.4 253.7
15 11 293.8 270.8
15 12 316.0 252.2
15 13 325.8 370.2
15 14 169.7 302.3
15 15 131.9 326.8
15 16 491.9 361.7
15 17 491.9 368.6
15 18 77.2 366.5
15 19 49.0 342.2
15 20 629.3 191.2
16 1 238.9 303.5
16 2 272.0 309.4
16 3 238.2 323.9
16 7 614.5 337.1
16 9 602.3 350.2
16 10 255.8 252.6
16 11 277.8 268.7
16 12 301.5 251.0
16 13 310.6 367.5
16 14 186.3 296.0
16 15 147.7 320.9
16 16 476.0 356.6
16 17 472.3 364.8
16 18 98.2 369.5
16 19 70.7 344.3
16 20 610.3 201.5
17 1 238.9 303.5
17 2 272.1 309.4
17 3 238.1 323.8
17 7 629.2 339.0
17 9 617.2 352.6
17 10 240.1 251.5
17 11 262.9 268.5
17 12 286.6 250.0
17 13 295.4 364.8
17 14 204.4 291.8
17 15 162.5 314.4
17 16 460.0 351.9
17 17 453.9 362.1
17 18 119.1 372.4
17 19 88.8 349.8
17 20 591.8 211.6
18 1 238.8 303.5
18 2 272.2 309.4
18 3 238.1 323.7
18 9 632.1 355.0
18 10 224.4 250.4
18 11 248.0 268.3
18 12 271.7 249.0
18 13 279.7 364.9
18 14 222.5 287.8
18 15 177.3 307.9
18 16 442.8 350.5
18 17 435.6 359.3
18 18 140.0 375.4
18 19 106.9 355.4
18 20 574.7 221.3
19 1 238.7 303.5
19 2 272.2 309.4
19 3 238.0 323.7
19 10 208.7 250.4
19 11 233.1 268.1
19 12 256.8 247.9
19 13 263.6 366.8
19 14 241.4 285.5
19 15 192.0 301.6
19 16 425.5 349.1
19 17 417.1 357.4
19 18 155.1 379.4
19 19 124.0 360.5
19 20 557.6 230.9
20 1 238.7 303.5
20 2 272.3 309.5
20 3 237.9 323.6
20 10 193.1 250.4
20 11 218.2 267.9
20 12 241.3 247.1
20 13 247.6 368.7
20 14 260.9 284.3
20 15 205.0 296.8
20 16 408.2 347.6
20 17 398.1 359.1
20 18 170.2 383.4
20 19 139.4 364.8
20 20 540.3 239.8
21 1 238.6 303.5
21 2 272.3 309.5
21 3 237.8 323.5
21 10 177.4 250.4
21 11 204.5 268.2
21 12 223.3 247.3
21 13 233.6 364.0
21 14 280.3 283.0
21 15 218.0 292.1
21 16 389.5 348.6
21 17 379.1 360.9
21 18 181.5 383.4
21 19 154.7 369.0
21 20 522.9 248.5
22 1 238.5 303.5
22 2 272.4 309.5
22 3 237.7 323.5
22 10 161.7 250.4
22 11 190.7 268.5
22 12 205.3 247.5
22 13 219.6 359.2
22 14 296.7 286.5
22 15 232.4 288.1
22 16 369.9 351.1
22 17 360.6 362.6
22 18 191.3 381.7
22 19 168.0 371.3
22 20 504.5 255.4
23 1 238.4 303.5
23 2 272.4 309.6
23 3 237.6 323.4
23 10 146.2 251.1
23 11 177.0 268.8
23 12 187.4 247.7
23 13 209.1 349.1
23 14 312.7 290.6
23 15 250.2 285.8
23 16 350.2 353.6
23 17 343.3 364.2
23 18 204.7 382.2
23 19 181.2 372.1
23 20 483.8 258.1
24 1 238.4 303.5
24 2 272.9 317.1
24 3 237.5 323.3
24 10 131.1 253.3
24 11 163.3 269.1
24 12 169.4 247.9
24 13 198.9 338.4
24 14 328.8 294.6
24 15 268.0 283.6
24 16 331.5 355.8
24 17 326.0 365.8
24 18 219.6 383.5
24 19 194.1 369.4
24 20 463.2 260.7
25 1 238.3 303.5
25 2 273.3 324.6
25 3 237.4 323.3
25 10 116.0 255.5
25 11 149.5 269.4
25 12 153.2 248.8
25 13 191.1 328.5
25 14 346.7 299.1
25 15 287.7 286.7
25 16 315.0 357.0
25 17 308.7 367.4
25 18 233.7 384.7
25 19 207.0 367.2
25 20 442.0 259.8
