1 1 147.1 260.2
1 2 177.6 247.0
1 3 42.6 209.1
1 4 235.5 271.8
1 5 402.8 265.3
1 6 44.9 247.7
1 7 29.4 265.7
1 8 22.6 248.2
2 1 125.9 256.7
2 2 158.5 243.3
2 3 20.9 205.4
2 4 216.8 267.2
2 5 378.9 264.8
2 6 45.5 248.0
2 7 29.8 266.1
2 8 23.8 248.0
3 1 104.7 253.3
3 2 139.4 239.5
3 3 8.0 194.8
3 4 198.1 262.6
3 5 354.7 263.6
3 6 46.1 248.4
3 7 30.2 266.6
3 8 24.8 248.2
4 1 85.2 248.5
4 2 121.8 235.5
4 4 178.3 263.0
4 5 330.4 262.0
4 6 46.7 248.8
4 7 30.6 267.1
4 8 25.8 248.5
5 1 68.4 241.5
5 2 104.5 231.5
5 4 158.2 265.5
5 5 306.1 260.5
5 6 47.3 249.2
5 7 31.0 267.5
5 8 26.9 248.8
6 1 51.5 234.6
6 2 87.3 227.4
6 4 138.0 268.0
6 5 281.7 258.9
6 6 47.9 249.5
6 7 31.4 268.0
6 8 27.9 249.0
6 9 29.9 359.5
7 1 37.1 227.1
7 2 72.3 223.7
7 4 117.6 271.4
7 5 258.0 256.8
7 6 48.5 249.9
7 7 31.7 268.4
7 8 29.0 249.3
7 9 55.7 358.4
8 1 26.7 218.8
8 2 59.5 220.3
8 4 96.9 275.1
8 5 235.1 254.0
8 6 49.2 250.3
8 7 32.1 268.9
8 8 30.0 249.6
8 9 81.4 357.4
9 1 16.2 210.4
9 2 46.8 216.9
9 4 76.3 278.9
9 5 212.3 251.3
9 6 49.8 250.7
9 7 32.5 269.3
9 8 31.0 249.8
9 9 107.2 356.3
10 1 5.7 202.1
10 2 34.0 213.5
10 4 55.4 281.5
10 5 189.4 248.5
10 6 50.4 251.1
10 7 32.9 269.8
10 8 32.1 250.1
10 9 134.8 355.9
11 2 25.7 207.2
11 4 34.5 283.4
11 5 166.9 247.4
11 6 51.0 251.4
11 7 33.3 270.2
11 8 33.1 250.4
11 9 162.5 355.5
12 2 20.5 199.2
12 4 13.6 285.3
12 5 146.0 253.4
12 6 51.6 251.8
12 7 33.7 270.7
12 8 34.2 250.6
12 9 190.3 355.1
13 2 15.3 191.1
13 5 125.0 259.3
13 6 52.2 252.2
13 7 34.1 271.1
13 8 35.2 250.9
13 9 218.0 354.6
14 5 103.9 266.3
14 6 52.8 252.6
14 7 34.4 272.2
14 8 36.3 251.2
14 9 239.6 349.6
15 5 82.5 274.6
15 6 53.4 253.0
15 7 34.6 273.5
15 8 37.3 251.4
15 9 259.7 343.4
16 5 61.1 282.9
16 6 54.0 253.3
16 7 34.8 274.8
16 8 38.3 251.7
16 9 279.8 337.3
17 5 38.9 288.8
17 6 54.6 253.7
17 7 35.0 276.1
17 8 39.4 252.0
17 9 297.9 336.3
18 5 16.3 293.7
18 6 58.0 260.0
18 7 35.2 277.5
18 8 40.4 252.2
18 9 315.2 337.6
19 6 61.7 266.9
19 7 35.5 278.8
19 8 41.5 252.5
19 9 319.6 338.4
19 10 25.4 353.2
20 6 65.3 273.8
20 7 35.7 280.1
20 8 42.5 252.8
20 9 320.8 339.0
20 10 53.0 353.5
21 6 62.4 285.7
21 7 35.9 281.4
21 8 44.2 254.9
21 9 321.9 339.6
21 10 80.6 354.0
22 6 59.4 297.6
22 7 34.9 287.5
22 8 46.8 259.8
22 9 323.1 340.2
22 10 108.2 355.3
22 11 628.1 369.7
22 12 634.1 348.8
23 6 51.5 310.0
23 7 32.5 298.4
23 8 49.4 264.7
23 9 324.2 340.8
23 10 135.7 356.7
23 11 601.9 370.1
23 12 606.9 349.0
24 6 42.9 322.5
24 7 28.7 309.4
24 8 52.0 269.6
24 9 325.4 341.4
24 10 163.4 358.5
24 11 575.7 370.6
24 12 579.6 349.3
25 6 33.0 335.9
25 7 18.6 320.9
25 8 42.4 277.9
25 9 326.6 342.0
25 10 192.9 364.4
25 11 549.5 371.0
25 12 552.5 349.8
