1 1 99.3 397.5
1 2 75.5 395.6
1 3 74.0 273.1
1 4 73.4 300.1
1 5 260.4 291.0
1 6 255.7 303.1
1 7 279.2 371.6
1 8 370.8 355.4
1 9 51.5 343.9
2 1 98.5 397.6
2 2 75.2 395.5
2 3 54.4 274.6
2 4 56.4 298.1
2 5 240.8 289.0
2 6 236.0 300.4
2 7 259.3 371.8
2 8 349.5 356.3
2 9 71.1 344.5
3 1 97.8 397.7
3 2 74.9 395.4
3 3 34.7 276.1
3 4 40.3 299.4
3 5 221.2 286.9
3 6 217.8 300.6
3 7 239.5 371.9
3 8 328.3 357.0
3 9 91.3 344.3
4 1 97.0 397.7
4 2 74.5 395.3
4 3 15.1 277.7
4 4 24.3 301.1
4 5 201.8 285.5
4 6 199.6 300.8
4 7 219.7 371.9
4 8 309.0 356.6
4 9 111.4 344.1
5 1 96.2 397.8
5 2 74.2 395.2
5 4 8.3 302.7
5 5 182.8 285.9
5 6 181.5 301.0
5 7 200.3 371.2
5 8 289.7 356.2
5 9 131.5 343.9
6 1 95.5 397.9
6 2 73.9 395.1
6 5 163.7 286.3
6 6 163.3 301.2
6 7 180.9 370.4
6 8 270.4 355.8
6 9 151.6 343.7
7 1 94.7 398.0
7 2 73.6 395.0
7 5 144.7 286.7
7 6 144.7 301.6
7 7 161.5 369.6
7 8 251.1 355.4
7 9 171.6 341.0
8 1 93.9 398.1
8 2 73.3 394.8
8 5 125.7 287.1
8 6 125.9 302.2
8 7 142.8 366.8
8 8 230.3 355.6
8 9 191.6 338.2
9 1 93.2 398.1
9 2 73.0 394.7
9 5 107.1 287.8
9 6 107.2 302.7
9 7 124.3 363.8
9 8 209.5 355.8
9 9 211.6 335.4
10 1 92.4 398.2
10 2 72.7 394.6
10 5 88.4 288.4
10 6 88.4 303.3
10 7 105.7 360.8
10 8 188.7 356.0
10 9 231.2 332.3
11 1 91.6 398.3
11 2 73.5 392.5
11 5 69.8 289.0
11 6 69.6 304.1
11 7 87.1 357.7
11 8 167.9 356.2
11 9 250.3 328.6
12 1 90.9 398.4
12 2 76.0 387.3
12 5 51.1 289.6
12 6 50.9 305.6
12 7 68.4 357.4
12 8 146.9 356.0
12 9 269.4 324.9
13 1 90.1 398.5
13 2 80.0 383.2
13 5 32.7 291.3
13 6 32.2 307.1
13 7 49.5 359.9
13 8 125.9 355.5
13 9 288.4 321.2
14 1 89.3 398.5
14 2 87.5 381.7
14 5 14.3 293.0
14 6 13.5 308.7
14 7 30.6 362.3
14 8 104.8 355.1
14 9 309.7 319.7
15 1 88.6 398.6
15 2 94.9 380.1
15 7 11.8 364.8
15 8 83.8 354.7
15 9 331.0 318.1
16 1 87.8 398.7
16 2 102.4 378.5
16 8 63.7 353.9
16 9 352.3 316.6
17 1 84.5 398.8
17 2 107.9 370.7
17 8 43.9 353.0
17 9 373.6 315.0
18 1 80.0 399.0
18 2 112.1 358.8
18 8 24.1 352.2
18 9 393.3 311.3
19 1 75.6 399.2
19 2 116.4 344.7
19 8 4.2 351.3
19 9 412.3 306.5
20 1 71.1 399.4
20 2 120.6 328.4
20 9 431.2 301.8
21 1 66.7 399.5
21 2 124.2 312.4
21 9 450.2 297.1
22 1 58.2 405.8
22 2 125.1 297.1
22 9 465.6 287.8
23 1 49.4 412.6
23 2 126.0 281.8
23 9 481.0 278.5
24 1 40.5 419.5
24 2 126.8 267.1
24 9 494.6 268.0
25 1 40.1 420.2
25 2 127.4 254.4
25 9 505.4 255.7
