1 1 117.9 215.6
1 2 471.1 353.6
1 3 415.9 299.7
1 4 417.8 318.6
1 5 8.2 302.9
2 1 117.8 215.6
2 2 493.3 354.6
2 3 392.7 299.7
2 4 394.7 318.7
2 5 33.4 307.2
3 1 117.6 215.6
3 2 515.5 355.5
3 3 369.4 299.9
3 4 372.4 320.4
3 5 58.6 311.5
4 1 117.5 215.6
4 2 538.0 355.4
4 3 346.1 300.2
4 4 350.2 322.1
4 5 83.8 315.8
5 1 117.3 215.6
5 2 561.1 352.5
5 3 322.8 300.4
5 4 329.0 322.9
5 5 108.9 320.1
6 1 117.2 215.5
6 2 584.2 349.7
6 3 303.3 300.4
6 4 308.8 322.9
6 5 133.9 324.4
7 1 117.1 215.5
7 2 607.2 346.9
7 3 284.3 300.4
7 4 288.5 322.9
7 5 159.0 328.7
8 1 116.9 215.5
8 2 630.3 344.0
8 3 265.3 300.4
8 4 273.7 321.2
8 5 181.3 332.1
9 1 116.8 215.5
9 3 256.8 299.3
9 4 262.5 318.5
9 5 202.9 335.3
10 1 116.7 215.5
10 3 248.4 298.1
10 4 251.3 315.7
10 5 218.5 334.5
10 6 8.4 357.4
11 1 116.5 215.5
11 3 243.7 297.6
11 4 254.9 314.8
11 5 231.6 332.1
11 6 31.8 358.5
12 1 116.4 215.5
12 3 240.0 297.3
12 4 260.1 314.1
12 5 237.0 326.5
12 6 55.2 359.6
13 1 116.2 215.4
13 3 237.9 297.1
13 4 262.8 312.8
13 5 241.6 322.2
13 6 79.0 360.7
14 1 116.1 215.4
14 3 238.1 297.3
14 4 262.9 310.9
14 5 243.0 323.0
14 6 103.9 361.6
15 1 116.3 215.5
15 3 238.3 297.4
15 4 263.1 309.0
15 5 244.3 323.8
15 6 128.8 362.6
16 1 118.1 215.6
16 3 238.5 297.6
16 4 263.3 307.1
16 5 245.7 324.6
16 6 153.7 363.5
17 1 119.8 215.8
17 3 238.7 297.7
17 4 263.5 305.2
17 5 247.1 325.4
17 6 177.5 363.9
18 1 121.5 215.9
18 3 238.9 297.8
18 4 263.6 304.6
18 5 248.4 326.2
18 6 201.1 364.1
19 1 123.2 216.1
19 3 239.1 298.0
19 4 263.7 304.6
19 5 245.8 323.8
19 6 224.7 364.3
20 1 125.0 216.3
20 3 239.3 298.1
20 4 263.7 304.7
20 5 243.2 321.3
20 6 248.2 364.5
21 1 126.7 216.4
21 3 239.6 298.2
21 4 263.8 304.7
21 5 240.6 318.9
21 6 272.1 363.8
22 1 128.4 216.6
22 3 239.8 298.4
22 4 263.8 304.7
22 5 240.3 318.2
22 6 296.2 362.3
23 1 130.2 216.8
23 3 240.0 298.5
23 4 263.9 304.8
23 5 241.4 318.8
23 6 320.4 360.8
24 1 131.9 216.9
24 3 240.2 298.7
24 4 263.9 304.8
24 5 242.6 319.3
24 6 344.6 359.3
25 1 133.6 217.1
25 3 240.4 298.8
25 4 264.0 304.8
25 5 243.8 319.9
25 6 369.8 358.6
