1 1 254.2 340.6
1 2 272.0 346.2
1 3 289.2 373.7
1 4 253.8 369.6
1 5 41.3 224.8
1 6 31.6 281.6
1 7 433.9 312.9
1 8 442.7 287.8
1 9 371.3 346.2
1 10 391.5 337.9
2 1 254.2 340.6
2 2 272.0 346.2
2 3 289.2 373.7
2 4 253.7 369.6
2 5 41.1 224.9
2 6 31.6 281.9
2 7 453.9 310.2
2 8 462.8 281.9
2 9 355.8 340.7
2 10 376.5 332.2
3 1 254.2 340.6
3 2 272.0 346.2
3 3 289.1 373.7
3 4 253.7 369.6
3 5 40.9 225.0
3 6 31.6 282.2
3 7 473.9 307.2
3 8 483.4 274.4
3 9 342.2 334.7
3 10 361.5 326.4
4 1 254.1 340.6
4 2 272.0 346.2
4 3 289.1 373.7
4 4 253.7 369.6
4 5 40.7 225.0
4 6 31.6 282.5
4 7 493.8 304.1
4 8 503.9 266.9
4 9 330.6 328.3
4 10 346.6 320.6
5 1 254.1 340.6
5 2 271.9 346.2
5 3 289.1 373.7
5 4 253.7 369.6
5 5 40.5 225.1
5 6 31.6 282.8
5 7 514.0 297.1
5 8 523.4 261.0
5 9 318.9 321.9
5 10 333.0 314.2
6 1 254.1 340.6
6 2 271.9 346.2
6 3 289.1 373.7
6 4 253.7 369.6
6 5 40.3 225.2
6 6 31.6 283.1
6 7 534.4 287.4
6 8 542.7 255.4
6 9 305.6 319.9
6 10 319.3 307.8
7 1 254.1 340.6
7 2 271.9 346.2
7 3 289.1 373.7
7 4 253.7 369.6
7 5 40.1 225.3
7 6 31.6 283.4
7 7 554.4 279.7
7 8 561.9 249.9
7 9 292.1 318.3
7 10 305.0 302.0
8 1 254.0 340.6
8 2 271.9 346.2
8 3 289.1 373.7
8 4 253.6 369.6
8 5 40.0 225.3
8 6 31.6 283.7
8 7 573.3 280.0
8 8 581.2 246.6
8 9 278.8 317.0
8 10 290.1 297.0
9 1 254.0 340.6
9 2 271.8 346.2
9 3 289.1 373.7
9 4 253.6 369.6
9 5 39.8 225.4
9 6 31.6 284.0
9 7 592.2 280.3
9 8 600.7 252.5
9 9 266.3 316.3
9 10 275.1 291.9
10 1 254.0 340.6
10 2 271.8 346.2
10 3 289.0 373.7
10 4 253.6 369.6
10 5 39.6 225.5
10 6 31.6 284.3
10 7 611.8 284.8
10 8 620.2 258.4
10 9 253.8 315.7
10 10 260.0 292.1
11 1 254.0 340.6
11 2 271.8 346.2
11 3 289.0 373.7
11 4 253.6 369.6
11 5 39.4 225.6
11 6 31.6 284.6
11 7 631.5 290.2
11 9 241.8 315.7
11 10 244.9 294.5
12 1 254.0 340.6
12 2 271.8 346.2
12 3 289.0 373.7
12 4 253.6 369.6
12 5 39.2 225.7
12 6 31.6 284.9
12 9 230.2 316.2
12 10 231.1 296.5
12 11 10.1 172.2
13 1 253.9 340.6
13 2 271.7 346.2
13 3 289.0 373.7
13 4 253.6 369.6
13 5 39.0 225.7
13 6 31.6 285.2
13 9 218.6 316.7
13 10 220.8 297.5
13 11 16.6 178.8
14 1 253.9 340.6
14 2 271.7 346.2
14 3 289.0 373.7
14 4 253.5 369.6
14 5 38.8 225.8
14 6 29.7 286.4
14 9 208.1 317.2
14 10 210.5 298.5
14 11 23.1 185.4
15 1 253.9 340.6
15 2 271.7 346.2
15 3 289.0 373.7
15 4 253.5 369.6
15 5 38.6 225.9
15 6 20.2 291.4
15 9 201.9 318.1
15 10 202.4 300.2
15 11 29.2 191.9
16 1 253.9 340.6
16 2 271.7 346.2
16 3 289.0 373.7
16 4 253.5 369.6
16 5 38.5 226.0
16 6 10.7 296.4
16 9 195.6 318.9
16 10 194.8 302.1
16 11 32.8 198.6
17 1 253.8 340.6
17 2 271.6 346.2
17 3 289.0 373.7
17 4 253.5 369.6
17 5 38.3 226.1
17 9 190.2 319.7
17 10 188.0 303.8
17 11 36.4 205.3
18 1 253.8 340.5
18 2 271.6 346.2
18 3 288.9 373.7
18 4 253.5 369.6
18 5 38.1 226.1
18 9 187.7 320.2
18 10 188.1 303.9
18 11 40.8 211.6
18 12 5.2 377.8
19 1 253.8 340.5
19 2 271.6 346.2
19 3 288.9 373.7
19 4 253.4 369.6
19 5 37.9 226.2
19 9 185.3 320.7
19 10 188.2 304.1
19 11 52.9 214.6
19 12 25.3 377.4
20 1 253.8 340.5
20 2 271.6 346.2
20 3 288.9 373.7
20 4 253.4 369.6
20 5 37.8 226.2
20 9 182.8 321.3
20 10 188.3 304.3
20 11 65.1 217.7
20 12 45.5 376.9
21 1 253.7 340.5
21 2 271.5 346.2
21 3 288.9 373.7
21 4 253.4 369.6
21 5 38.0 226.0
21 9 180.3 321.8
21 10 188.4 304.5
21 11 77.1 220.9
21 12 65.7 376.5
22 1 253.7 340.5
22 2 271.5 346.2
22 3 288.9 373.7
22 4 253.4 369.6
22 5 38.2 225.8
22 9 178.5 322.0
22 10 188.5 304.7
22 11 88.1 225.8
22 12 85.7 374.9
22 13 17.6 378.5
23 1 253.7 340.5
23 2 271.5 346.2
23 3 288.9 373.7
23 4 253.4 369.6
23 5 38.3 225.5
23 9 177.2 321.9
23 10 188.6 304.9
23 11 99.2 230.7
23 12 105.6 371.6
23 13 35.9 378.0
23 14 17.7 374.2
24 1 253.7 340.5
24 2 271.5 346.2
24 3 288.9 373.7
24 4 253.4 369.6
24 5 38.5 225.3
24 9 175.8 321.8
24 10 188.7 305.0
24 11 110.3 236.0
24 12 125.4 368.3
24 13 54.1 377.6
24 14 36.1 373.6
25 1 253.7 340.5
25 2 271.4 346.2
25 3 288.9 373.7
25 4 253.3 369.6
25 5 38.7 225.1
25 9 174.5 321.6
25 10 188.8 305.2
25 11 121.6 243.2
25 12 145.3 365.0
25 13 72.4 377.1
25 14 54.5 373.1
