1 1 257.0 341.1
1 2 275.1 346.2
1 3 290.8 373.7
1 4 256.3 369.8
1 5 593.3 292.4
1 6 601.7 322.8
1 7 11.4 187.3
1 8 431.7 320.1
1 9 408.7 301.2
1 10 310.9 243.1
1 11 549.0 324.6
1 12 269.4 266.7
1 13 234.6 299.3
1 14 243.9 316.3
1 15 488.2 365.3
1 16 496.4 344.9
1 17 104.9 337.2
1 18 566.7 367.3
2 1 257.0 341.0
2 2 275.0 346.2
2 3 290.8 373.7
2 4 256.2 369.8
2 5 610.8 295.7
2 6 620.2 326.2
2 7 3.1 175.4
2 8 448.1 319.9
2 9 413.8 301.2
2 10 294.0 242.0
2 11 574.3 330.0
2 12 251.5 266.9
2 13 253.7 297.2
2 14 262.2 315.1
2 15 470.2 364.4
2 16 479.5 343.5
2 17 133.4 331.5
2 18 543.8 371.0
3 1 257.0 341.0
3 2 275.0 346.2
3 3 290.7 373.7
3 4 256.2 369.8
3 5 628.2 299.0
3 6 638.7 329.6
3 8 464.6 319.6
3 9 415.8 299.7
3 10 277.0 241.3
3 11 600.5 336.6
3 12 234.9 268.9
3 13 272.8 295.1
3 14 280.4 313.8
3 15 452.1 363.5
3 16 462.6 342.2
3 17 161.9 325.7
3 18 520.8 374.7
4 1 257.0 341.0
4 2 275.0 346.2
4 3 290.7 373.7
4 4 256.2 369.8
4 8 470.5 320.9
4 9 417.9 298.1
4 10 259.8 241.3
4 11 620.8 347.2
4 12 218.3 270.9
4 13 292.4 293.4
4 14 298.7 312.5
4 15 436.0 362.0
4 16 446.7 339.6
4 17 190.8 320.6
4 18 497.8 378.4
4 19 15.9 320.4
4 20 9.2 357.8
4 21 21.2 349.9
5 1 257.0 341.0
5 2 275.0 346.2
5 3 290.7 373.7
5 4 256.2 369.8
5 8 473.6 322.0
5 9 420.0 296.6
5 10 242.5 241.3
5 11 639.5 358.7
5 12 201.7 272.9
5 13 311.9 291.7
5 14 316.9 311.2
5 15 422.7 359.8
5 16 431.0 336.8
5 17 219.8 315.6
5 18 474.3 381.1
5 19 34.2 317.5
5 20 29.4 354.6
5 21 41.5 345.2
6 1 256.9 341.0
6 2 274.9 346.2
6 3 290.7 373.7
6 4 256.1 369.8
6 8 470.4 321.7
6 9 422.0 295.0
6 10 225.2 241.3
6 12 186.0 273.6
6 13 331.5 290.1
6 14 334.2 309.0
6 15 409.3 357.6
6 16 415.3 334.0
6 17 248.9 310.6
6 18 450.7 383.7
6 19 52.6 314.6
6 20 49.5 351.4
6 21 61.8 340.4
7 1 256.9 341.0
7 2 274.9 346.2
7 3 290.7 373.7
7 4 256.1 369.8
7 8 467.2 321.4
7 9 426.7 294.6
7 10 208.4 241.9
7 12 170.9 273.4
7 13 350.1 286.0
7 14 351.5 306.7
7 15 396.6 355.8
7 16 402.7 334.3
7 17 273.3 308.5
7 18 427.1 386.3
7 19 71.3 312.0
7 20 68.7 347.6
7 21 79.9 339.1
8 1 256.9 341.0
8 2 274.9 346.2
8 3 290.7 373.7
8 4 256.1 369.8
8 8 467.0 321.5
8 9 432.4 294.6
8 10 191.8 242.9
8 12 155.8 273.2
8 13 368.4 280.8
8 14 368.8 304.5
8 15 384.7 354.7
8 16 390.5 334.8
8 17 296.7 307.1
8 18 403.9 391.4
8 19 90.5 309.9
8 20 87.5 343.6
8 21 97.9 337.7
9 1 256.9 341.0
9 2 274.9 346.2
9 3 290.7 373.7
9 4 256.0 369.8
9 8 471.2 322.1
9 9 438.1 294.6
9 10 175.3 243.8
9 12 140.7 273.0
9 13 386.7 275.7
9 14 385.3 301.4
9 15 372.9 353.6
9 16 378.2 335.4
9 17 319.6 306.8
9 18 380.9 397.7
9 19 109.7 307.7
9 20 106.2 339.6
9 21 116.0 336.4
10 1 256.8 341.0
10 2 274.8 346.2
10 3 290.7 373.7
10 4 256.0 369.7
10 8 475.5 322.7
10 9 454.7 298.2
10 10 158.7 244.8
10 12 125.4 273.5
10 13 404.1 271.9
10 14 400.1 296.1
10 15 360.7 350.3
10 16 367.7 331.6
10 17 342.0 308.3
10 18 357.1 403.3
10 19 129.0 304.9
10 20 123.7 337.7
10 21 134.5 332.7
11 1 256.8 341.0
11 2 274.8 346.2
11 3 290.6 373.7
11 4 256.0 369.7
11 8 479.7 323.4
11 9 472.4 302.2
11 10 141.8 245.6
11 12 110.0 274.5
11 13 419.3 271.4
11 14 415.0 290.9
11 15 348.1 343.9
11 16 357.2 327.8
11 17 364.4 309.7
11 18 331.2 407.5
11 19 148.8 300.5
11 20 141.1 335.9
11 21 153.0 328.8
12 1 256.8 341.0
12 2 274.8 346.2
12 3 290.6 373.7
12 4 255.9 369.7
12 8 490.1 323.9
12 9 490.9 302.7
12 10 124.0 246.4
12 12 94.5 275.5
12 13 437.3 271.8
12 14 432.9 287.8
12 15 335.4 337.5
12 16 348.4 323.6
12 17 389.6 315.1
12 18 305.3 411.6
12 19 168.5 296.1
12 20 159.6 332.8
12 21 171.5 324.8
13 1 256.8 341.0
13 2 274.8 346.2
13 3 290.6 373.7
13 4 255.9 369.7
13 8 509.9 324.2
13 9 509.9 300.8
13 10 106.2 247.2
13 12 79.1 276.5
13 13 457.3 272.7
13 14 451.1 285.8
13 15 324.6 331.8
13 16 340.0 319.2
13 17 417.8 324.5
13 18 282.1 411.8
13 19 187.8 291.4
13 20 180.6 326.8
13 21 190.0 319.9
14 1 256.8 341.0
14 2 274.7 346.2
14 3 290.6 373.7
14 4 255.9 369.7
14 8 529.6 324.5
14 9 529.7 300.2
14 10 88.4 247.9
14 12 64.5 277.5
14 13 477.3 273.6
14 14 468.6 287.6
14 15 314.2 326.2
14 16 331.6 314.8
14 17 445.9 333.8
14 18 259.3 411.5
14 19 203.8 284.7
14 20 201.6 320.8
14 21 208.3 312.6
15 1 256.7 341.0
15 2 274.7 346.2
15 3 290.6 373.7
15 4 255.9 369.7
15 8 551.0 325.8
15 9 551.6 302.1
15 10 70.7 248.7
15 12 51.1 278.7
15 13 495.4 276.1
15 14 486.1 289.4
15 15 303.8 320.7
15 16 322.3 310.7
15 17 473.6 343.1
15 18 236.5 411.2
15 19 219.8 278.1
15 20 220.3 313.2
15 21 226.7 305.4
16 1 256.7 341.0
16 2 274.7 346.2
16 3 290.6 373.7
16 4 255.8 369.7
16 8 573.0 327.7
16 9 573.4 304.0
16 10 56.3 250.7
16 12 37.8 279.8
16 13 513.0 279.0
16 14 503.6 291.2
16 15 291.7 318.2
16 16 309.4 307.7
16 17 501.3 352.4
16 18 214.2 405.6
16 19 235.8 271.4
16 20 238.4 305.2
16 21 244.6 298.7
16 22 619.4 347.9
17 1 256.7 341.0
17 2 274.7 346.2
17 3 290.6 373.7
17 4 255.8 369.7
17 8 595.0 329.5
17 9 593.9 306.3
17 10 42.4 253.0
17 12 24.5 280.9
17 13 530.5 281.9
17 14 521.3 296.5
17 15 279.1 316.5
17 16 296.5 304.7
17 17 531.3 360.4
17 18 192.0 399.3
17 19 252.0 267.2
17 20 256.6 298.0
17 21 261.1 294.2
17 22 596.4 348.8
18 1 256.7 341.0
18 2 274.6 346.2
18 3 290.6 373.7
18 4 255.8 369.6
18 8 617.1 331.3
18 9 613.7 308.8
18 10 28.4 255.2
18 12 11.1 282.0
18 13 548.1 284.8
18 14 539.1 301.8
18 15 265.3 316.1
18 16 283.4 302.0
18 17 563.8 367.1
18 18 170.2 394.7
18 19 268.2 264.6
18 20 274.9 292.8
18 21 277.7 289.6
18 22 573.3 349.8
19 1 256.6 341.0
19 2 274.6 346.2
19 3 290.5 373.7
19 4 255.7 369.6
19 9 633.6 311.3
19 10 14.4 257.4
19 13 564.9 287.6
19 14 556.9 307.1
19 15 249.7 317.9
19 16 268.9 301.3
19 17 595.9 371.1
19 18 148.8 391.7
19 19 284.5 262.0
19 20 291.9 291.6
19 21 294.2 285.1
19 22 550.9 348.9
20 1 256.6 341.0
20 2 274.6 346.2
20 3 290.5 373.7
20 4 255.7 369.6
20 10 0.5 259.6
20 13 580.9 290.4
20 14 575.1 312.2
20 15 234.1 319.7
20 16 254.3 300.7
20 17 627.7 372.4
20 18 126.2 388.7
20 19 301.8 260.8
20 20 308.1 292.0
20 21 309.1 284.4
20 22 529.4 345.2
21 1 256.6 341.0
21 2 274.6 346.2
21 3 290.5 373.7
21 4 255.7 369.6
21 13 597.0 293.2
21 14 593.2 317.3
21 15 218.5 321.5
21 16 238.1 298.9
21 18 100.9 385.8
21 19 319.6 260.2
21 20 324.3 294.6
21 21 323.3 285.4
21 22 507.9 341.5
22 1 256.6 341.0
22 2 274.5 346.2
22 3 290.5 373.7
22 4 255.7 369.6
22 13 613.0 296.0
22 14 611.4 322.4
22 15 200.6 323.0
22 16 220.7 296.3
22 18 75.6 382.9
22 19 337.3 259.6
22 20 340.3 297.4
22 21 337.5 286.3
22 22 486.3 337.8
23 1 256.5 341.0
23 2 274.5 346.2
23 3 290.5 373.7
23 4 255.6 369.6
23 13 629.0 298.7
23 14 629.6 327.5
23 15 181.8 324.3
23 16 203.4 293.7
23 18 49.4 380.7
23 19 352.2 261.5
23 20 356.4 300.4
23 21 351.9 287.7
23 22 464.8 334.1
24 1 256.5 341.0
24 2 274.5 346.2
24 3 290.5 373.7
24 4 255.6 369.6
24 15 162.9 324.9
24 16 186.1 291.2
24 18 22.7 378.8
24 19 367.1 263.5
24 20 372.6 303.5
24 21 366.8 290.6
24 22 445.0 330.8
25 1 256.5 341.0
25 2 274.5 346.2
25 3 290.5 373.7
25 4 255.6 369.6
25 15 142.7 319.9
25 16 170.1 287.7
25 19 382.0 265.5
25 20 388.7 306.7
25 21 381.7 293.6
25 22 425.3 327.5
25 23 613.5 349.9
