1 1 41.2 217.8
1 2 6.9 341.5
1 3 12.2 325.9
1 4 44.4 294.1
1 5 365.2 226.1
1 6 390.0 369.3
1 7 418.4 356.4
2 1 41.1 217.7
2 4 21.7 295.2
2 5 355.5 223.9
2 6 371.8 369.1
2 7 397.1 357.1
3 1 41.0 217.6
3 5 346.0 222.3
3 6 353.6 368.9
3 7 375.9 357.8
4 1 40.9 217.5
4 5 336.5 220.6
4 6 335.5 368.1
4 7 356.3 357.4
5 1 40.8 217.5
5 5 326.3 220.7
5 6 317.5 366.0
5 7 337.0 356.8
6 1 40.8 217.4
6 5 316.0 221.1
6 6 299.5 363.8
6 7 317.8 355.9
7 1 40.7 217.3
7 5 306.2 220.8
7 6 281.5 361.7
7 7 300.0 352.2
8 1 40.6 217.2
8 5 297.3 219.6
8 6 263.6 359.6
8 7 282.2 348.6
9 1 40.5 217.2
9 5 288.4 218.5
9 6 246.2 359.2
9 7 265.5 347.9
10 1 40.4 217.1
10 5 280.0 217.4
10 6 228.9 358.8
10 7 249.0 347.9
10 8 12.8 314.9
10 9 6.7 292.9
11 1 40.4 217.0
11 5 271.9 216.4
11 6 211.5 358.3
11 7 232.7 347.9
11 8 33.9 314.0
11 9 25.6 293.4
12 1 40.3 216.9
12 5 263.8 215.4
12 6 194.2 357.9
12 7 217.8 347.9
12 8 54.9 313.0
12 9 44.6 293.8
13 1 40.2 216.9
13 5 257.6 214.3
13 6 175.1 359.7
13 7 202.9 347.9
13 8 76.0 312.1
13 9 63.5 294.2
14 1 40.1 216.8
14 5 258.7 213.1
14 6 155.9 361.7
14 7 188.0 347.9
14 8 96.2 312.7
14 9 83.2 294.6
15 1 40.0 216.7
15 5 259.9 211.9
15 6 136.6 363.6
15 7 171.6 348.7
15 8 116.3 313.3
15 9 105.9 294.6
16 1 40.0 216.6
16 5 261.0 210.6
16 6 117.3 365.6
16 7 154.4 349.9
16 8 136.5 313.9
16 9 128.6 294.6
16 10 626.3 342.4
16 11 625.3 324.6
17 1 39.9 216.6
17 5 262.2 209.4
17 6 98.2 367.0
17 7 137.2 351.0
17 8 156.7 314.5
17 9 151.3 294.6
17 10 603.4 341.3
17 11 602.0 324.6
17 12 7.5 217.7
18 1 39.8 216.5
18 5 263.3 208.2
18 6 79.0 368.2
18 7 120.1 352.2
18 8 176.4 315.3
18 9 172.6 295.6
18 10 580.5 340.2
18 11 578.8 324.6
18 12 24.8 233.1
19 1 39.7 216.4
19 5 263.5 208.1
19 6 59.9 369.3
19 7 103.5 353.6
19 8 196.1 316.1
19 9 192.0 298.0
19 10 557.5 339.1
19 11 555.5 324.6
19 12 43.4 246.6
19 13 625.3 362.2
20 1 39.6 216.3
20 5 263.5 208.3
20 6 40.7 370.5
20 7 87.9 355.4
20 8 215.7 316.9
20 9 211.3 300.5
20 10 533.5 337.1
20 11 532.4 322.4
20 12 67.2 252.5
20 13 601.0 364.6
20 14 636.9 330.4
21 1 39.6 216.3
21 5 263.4 208.5
21 6 21.5 371.6
21 7 72.2 357.1
21 8 235.4 317.7
21 9 230.7 302.9
21 10 509.1 334.8
21 11 509.4 318.8
21 12 91.0 258.4
21 13 576.6 366.9
21 14 611.7 331.8
22 1 39.5 216.2
22 5 263.3 208.8
22 6 2.4 372.8
22 7 56.5 358.9
22 8 254.6 321.1
22 9 250.5 305.1
22 10 484.7 332.5
22 11 486.4 315.1
22 12 114.9 264.7
22 13 552.2 369.3
22 14 586.5 333.2
23 1 39.4 216.1
23 5 263.3 209.0
23 7 39.8 359.4
23 8 273.6 325.6
23 9 270.4 307.3
23 10 460.4 330.0
23 11 463.3 311.5
23 12 139.1 274.7
23 13 526.6 372.2
23 14 561.3 334.6
24 1 39.3 216.0
24 5 263.2 209.2
24 7 22.3 359.1
24 8 292.6 330.1
24 9 290.3 309.5
24 10 438.2 326.1
24 11 442.8 307.0
24 12 163.4 284.6
24 13 500.8 375.0
24 14 534.9 338.0
25 1 39.2 216.0
25 5 263.2 209.4
25 7 4.8 358.8
25 8 311.6 334.6
25 9 307.7 313.5
25 10 416.0 322.2
25 11 423.3 302.1
25 12 186.6 294.4
25 13 475.1 377.9
25 14 508.5 341.4
