1 1 236.5 303.6
1 2 280.4 359.5
1 3 232.9 322.6
1 4 154.6 261.4
1 5 287.1 376.0
1 6 261.4 371.9
1 7 573.3 382.5
1 8 252.6 274.7
1 9 304.2 325.0
1 11 14.8 171.5
2 1 236.4 303.7
2 2 280.5 359.3
2 3 232.7 322.5
2 4 157.8 265.4
2 5 287.2 376.0
2 6 261.3 371.9
2 7 606.5 382.7
2 8 272.6 278.0
2 9 330.5 322.4
2 10 632.6 243.5
2 11 15.9 182.8
3 1 236.4 303.7
3 2 280.5 359.1
3 3 232.5 322.5
3 4 154.2 265.7
3 5 287.3 376.0
3 6 261.3 371.9
3 7 639.8 382.9
3 8 292.5 281.3
3 9 357.1 320.1
3 10 607.0 249.2
3 11 17.1 194.0
4 1 236.3 303.7
4 2 280.6 359.0
4 3 232.3 322.5
4 4 150.5 266.0
4 5 287.3 375.9
4 6 261.3 371.9
4 8 312.4 284.6
4 9 384.6 318.5
4 10 581.4 254.8
4 11 21.1 201.6
5 1 236.2 303.7
5 2 280.6 358.8
5 3 232.1 322.5
5 4 145.7 265.8
5 5 287.4 375.9
5 6 261.3 371.9
5 8 332.4 288.7
5 9 412.1 316.9
5 10 553.7 259.6
5 11 25.9 208.3
6 1 236.1 303.7
6 2 280.7 358.7
6 3 231.9 322.5
6 4 138.1 264.4
6 5 287.4 375.9
6 6 261.2 371.8
6 8 352.4 292.9
6 9 439.6 315.5
6 10 524.6 263.8
6 11 30.6 214.9
7 1 236.1 303.7
7 2 280.7 358.5
7 3 231.7 322.5
7 4 130.5 263.0
7 5 287.5 375.8
7 6 261.2 371.8
7 8 372.4 297.1
7 9 466.8 316.0
7 10 495.8 265.3
7 11 40.9 217.8
7 12 10.2 229.7
8 1 236.0 303.7
8 2 280.8 358.3
8 3 231.5 322.4
8 4 122.9 261.5
8 5 287.6 375.8
8 6 261.2 371.8
8 8 393.4 300.6
8 9 494.0 316.5
8 10 467.5 262.8
8 11 52.5 219.7
8 12 25.7 232.1
9 1 235.9 303.7
9 2 280.8 358.2
9 3 231.3 322.4
9 4 105.8 263.8
9 5 287.6 375.8
9 6 261.1 371.8
9 8 415.9 303.2
9 9 521.2 317.0
9 10 439.2 260.3
9 11 65.0 221.1
9 12 41.2 234.6
10 1 235.9 303.7
10 2 280.9 358.0
10 3 231.1 322.4
10 4 86.3 267.0
10 5 287.7 375.7
10 6 261.1 371.8
10 8 438.4 305.8
10 9 548.0 319.8
10 10 408.6 258.4
10 11 81.0 220.6
10 12 56.9 236.3
11 1 235.8 303.7
11 2 280.9 357.9
11 3 230.9 322.4
11 4 66.0 271.5
11 5 287.7 375.7
11 6 261.1 371.8
11 8 461.3 308.1
11 9 574.7 323.1
11 10 377.0 256.8
11 11 97.1 220.1
11 12 73.2 236.3
12 1 235.7 303.7
12 2 281.0 357.7
12 3 230.7 322.4
12 4 45.3 276.7
12 5 287.8 375.7
12 6 261.1 371.8
12 8 485.6 309.3
12 9 601.3 326.5
12 10 347.5 256.9
12 11 113.2 219.6
12 12 89.6 236.3
13 1 235.7 303.7
13 2 281.0 357.5
13 3 230.5 322.4
13 4 24.7 281.9
13 5 287.9 375.7
13 6 261.0 371.8
13 8 509.8 310.4
13 9 628.0 329.9
13 10 318.7 257.9
13 11 129.6 219.3
13 12 105.9 236.3
14 1 235.6 303.7
14 2 281.1 357.4
14 3 230.3 322.3
14 4 4.0 287.1
14 5 287.9 375.6
14 6 261.0 371.7
14 8 534.1 311.5
14 10 290.1 258.9
14 11 145.9 219.1
14 12 124.0 236.6
15 1 235.5 303.7
15 2 281.1 357.2
15 3 230.1 322.3
15 5 288.0 375.6
15 6 261.0 371.7
15 8 557.8 314.7
15 10 262.1 260.8
15 11 162.3 218.9
15 12 143.3 237.2
15 13 629.9 368.2
16 1 235.5 303.7
16 2 281.2 357.1
16 3 229.9 322.3
16 5 288.0 375.6
16 6 260.9 371.7
16 8 581.0 320.0
16 10 234.1 262.6
16 11 178.9 219.5
16 12 162.7 237.7
16 13 610.2 367.0
17 1 235.4 303.7
17 2 281.2 356.9
17 3 229.7 322.3
17 5 288.1 375.5
17 6 260.9 371.7
17 8 604.2 325.3
17 10 206.2 261.9
17 11 196.2 222.1
17 12 181.5 239.0
17 13 590.6 365.7
18 1 235.3 303.7
18 2 281.3 356.8
18 3 229.5 322.3
18 5 288.2 375.5
18 6 260.9 371.7
18 8 627.4 330.6
18 10 178.3 257.1
18 11 213.4 224.7
18 12 200.3 240.5
18 13 570.8 364.4
18 14 615.8 352.3
19 1 235.2 303.7
19 2 281.3 356.6
19 3 229.3 322.3
19 5 288.2 375.5
19 6 260.8 371.7
19 10 150.5 252.4
19 11 230.6 227.3
19 12 219.0 242.1
19 13 550.1 362.7
19 14 592.4 347.0
20 1 235.2 303.7
20 2 281.4 356.4
20 3 229.1 322.2
20 5 288.3 375.5
20 6 260.8 371.7
20 10 124.4 247.2
20 11 247.2 229.7
20 12 237.7 243.6
20 13 529.3 361.1
20 14 569.0 341.8
21 1 235.2 303.8
21 2 281.5 356.3
21 3 229.0 322.2
21 5 288.4 375.4
21 6 260.8 371.7
21 10 101.1 241.4
21 11 263.8 232.2
21 12 255.6 245.8
21 13 508.8 359.3
21 14 547.7 338.5
22 1 236.3 304.0
22 2 281.5 356.1
22 3 228.8 322.2
22 5 288.4 375.4
22 6 260.8 371.7
22 10 77.7 235.5
22 11 280.4 234.6
22 12 273.3 248.1
22 13 490.0 356.1
22 14 526.7 335.5
23 1 237.5 304.2
23 2 281.6 356.0
23 3 228.6 322.2
23 5 288.5 375.4
23 6 260.7 371.6
23 10 58.8 225.3
23 11 297.3 237.5
23 12 291.1 250.4
23 13 471.3 352.9
23 14 505.7 332.5
24 1 238.6 304.4
24 2 281.6 355.8
24 3 228.4 322.2
24 5 288.5 375.3
24 6 260.7 371.6
24 10 41.8 213.2
24 11 315.1 241.8
24 12 308.9 252.7
24 13 452.6 349.8
24 14 484.7 329.9
25 1 239.7 304.6
25 2 281.7 355.6
25 3 228.2 322.2
25 5 288.6 375.3
25 6 260.7 371.6
25 10 29.2 199.1
25 11 332.9 246.1
25 12 326.2 256.5
25 13 433.5 346.0
25 14 463.7 327.6
25 15 4.6 214.5
