1 1 132.5 216.8
1 2 240.6 298.9
1 3 264.1 304.9
1 4 245.0 320.4
1 5 395.7 358.4
1 6 6.5 352.9
2 1 131.0 216.6
2 2 240.8 299.1
2 3 264.1 304.9
2 4 246.1 321.0
2 5 421.7 358.1
2 6 28.1 352.9
2 7 22.3 368.5
3 1 129.6 216.3
3 2 241.0 299.2
3 3 264.2 304.9
3 4 247.3 321.5
3 5 447.6 357.9
3 6 49.6 352.9
3 7 42.6 369.2
4 1 128.1 216.0
4 2 241.2 299.4
4 3 264.2 305.0
4 4 248.5 322.1
4 5 473.8 358.8
4 6 71.1 352.9
4 7 62.9 370.0
5 1 126.7 215.8
5 2 241.5 299.5
5 3 264.3 305.0
5 4 249.7 322.6
5 5 499.9 359.9
5 6 93.0 353.3
5 7 84.2 371.1
6 1 125.2 215.5
6 2 241.7 299.6
6 3 264.3 305.0
6 4 250.8 323.2
6 5 526.1 360.9
6 6 114.9 353.8
6 7 106.9 372.8
7 1 123.8 215.2
7 2 241.9 299.8
7 3 264.4 305.1
7 4 252.0 323.7
7 5 552.3 362.0
7 6 136.8 354.2
7 7 129.6 374.6
8 1 122.4 215.0
8 2 242.1 299.9
8 3 264.5 305.1
8 4 251.9 323.8
8 5 578.4 363.0
8 6 158.7 354.6
8 7 152.3 376.4
9 1 120.9 214.7
9 2 242.3 300.0
9 3 264.5 305.1
9 4 251.8 323.9
9 5 604.6 364.0
9 6 180.9 354.6
9 7 175.1 376.8
10 1 119.5 214.4
10 2 242.5 300.2
10 3 264.6 305.1
10 4 251.7 323.9
10 5 630.8 365.1
10 6 203.1 354.6
10 7 198.0 376.5
11 1 118.0 214.1
11 2 242.7 300.3
11 3 264.6 305.2
11 4 251.6 324.0
11 6 225.3 354.6
11 7 220.9 376.1
12 1 116.6 213.9
12 2 242.9 300.5
12 3 264.7 305.2
12 4 251.4 324.0
12 6 247.6 354.6
12 7 243.8 375.7
13 1 115.6 213.9
13 2 243.1 300.6
13 3 264.7 305.2
13 4 251.3 324.1
13 6 270.3 354.6
13 7 266.7 375.3
14 1 115.0 214.1
14 2 243.4 300.7
14 3 264.8 305.3
14 4 251.2 324.1
14 6 293.2 354.6
14 7 289.5 374.9
14 8 621.8 322.6
15 1 114.3 214.2
15 2 243.6 300.9
15 3 264.9 305.3
15 4 251.1 324.2
15 6 316.1 354.6
15 7 312.4 374.6
15 8 595.1 322.0
16 1 113.6 214.4
16 2 243.8 301.0
16 3 264.9 305.3
16 4 251.0 324.3
16 6 339.0 354.6
16 7 336.5 374.9
16 8 568.4 321.4
17 1 113.0 214.6
17 2 244.0 301.2
17 3 265.0 305.4
17 4 250.9 324.3
17 6 361.3 354.2
17 7 360.5 375.1
17 8 543.5 320.9
18 1 112.3 214.8
18 2 244.2 301.3
18 3 265.0 305.4
18 4 250.8 324.4
18 6 383.4 353.6
18 7 384.5 375.4
18 8 519.4 320.5
19 1 111.7 215.0
19 2 244.4 301.4
19 3 265.1 305.4
19 4 250.7 324.4
19 6 405.5 353.1
19 7 408.5 375.7
19 8 495.2 320.1
20 1 111.0 215.2
20 2 244.6 301.6
20 3 265.1 305.5
20 4 250.6 324.5
20 6 427.6 352.6
20 7 432.5 376.0
20 8 471.0 319.7
21 1 110.4 215.3
21 2 244.8 301.7
21 3 265.2 305.5
21 4 250.5 324.5
21 6 449.8 352.1
21 7 456.3 376.3
21 8 446.9 324.3
21 9 622.8 339.8
22 1 109.7 215.5
22 2 245.0 301.8
22 3 265.3 305.5
22 4 250.3 324.6
22 6 473.4 353.5
22 7 479.8 376.6
22 8 422.9 330.2
22 9 600.1 337.7
22 10 622.6 313.1
23 1 109.1 215.7
23 2 245.3 302.0
23 3 265.3 305.6
23 4 250.2 324.7
23 6 497.2 355.1
23 7 503.2 376.9
23 8 398.8 336.1
23 9 577.1 336.3
23 10 600.2 310.6
23 11 623.0 329.7
24 1 108.4 215.9
24 2 245.5 302.1
24 3 265.4 305.6
24 4 250.1 324.7
24 6 521.0 356.7
24 7 526.6 377.2
24 8 374.1 342.2
24 9 553.9 335.2
24 10 577.8 308.2
24 11 599.8 327.2
25 1 107.8 216.1
25 2 245.7 302.3
25 3 265.4 305.6
25 4 250.0 324.8
25 6 544.0 357.3
25 7 550.0 377.5
25 8 349.0 347.8
25 9 531.0 334.7
25 10 555.0 305.4
25 11 576.0 324.7
