1 1 134.8 222.8
1 2 354.4 275.2
1 3 554.9 310.9
1 4 557.0 330.3
2 1 135.2 222.7
2 2 322.7 277.7
2 3 530.7 306.8
2 4 530.9 327.1
3 1 135.6 222.5
3 2 292.1 278.6
3 3 506.5 302.8
3 4 504.8 323.9
3 5 11.6 279.5
4 1 136.0 222.4
4 2 261.5 279.4
4 3 482.2 298.7
4 4 478.6 320.7
4 5 27.2 280.8
4 6 6.6 312.1
5 1 136.4 222.3
5 2 230.9 280.2
5 3 459.1 294.5
5 4 454.9 316.7
5 5 42.9 282.0
5 6 23.6 312.6
6 1 136.7 222.1
6 2 201.3 277.7
6 3 436.0 290.2
6 4 431.4 312.5
6 5 58.6 283.4
6 6 40.6 313.1
7 1 137.1 222.0
7 2 172.0 273.8
7 3 412.9 285.9
7 4 408.0 308.3
7 5 74.7 285.0
7 6 57.7 313.6
8 1 137.5 221.9
8 2 142.7 269.8
8 3 390.8 282.0
8 4 384.6 304.1
8 5 90.7 286.6
8 6 74.5 315.3
9 1 137.9 221.8
9 2 115.4 266.8
9 3 369.9 278.6
9 4 361.3 299.9
9 5 105.9 289.1
9 6 91.3 317.8
10 1 138.3 221.6
10 2 92.6 265.6
10 3 348.9 275.2
10 4 338.0 295.6
10 5 120.6 292.0
10 6 108.1 320.4
11 1 138.6 221.5
11 2 69.8 264.5
11 3 327.9 271.8
11 4 314.7 291.3
11 5 135.3 294.8
11 6 124.9 322.9
12 1 139.0 221.4
12 2 47.6 263.1
12 3 306.2 267.4
12 4 292.5 286.8
12 5 151.2 296.7
12 6 142.7 325.5
13 1 139.4 221.2
13 2 27.1 260.8
13 3 284.0 262.3
13 4 271.1 282.1
13 5 168.3 297.5
13 6 160.5 328.1
14 1 139.8 221.1
14 2 6.6 258.6
14 3 261.8 257.3
14 4 249.7 277.4
14 5 185.4 298.4
14 6 178.2 330.8
15 1 140.1 221.0
15 3 239.6 252.3
15 4 228.4 273.0
15 5 202.5 299.2
15 6 195.9 331.8
16 1 140.5 220.9
16 3 217.1 248.5
16 4 207.1 268.9
16 5 219.9 300.2
16 6 213.5 331.2
17 1 140.9 220.7
17 3 194.6 245.2
17 4 185.8 264.9
17 5 237.5 301.4
17 6 231.0 330.5
18 1 141.3 220.6
18 3 172.1 241.8
18 4 164.5 260.9
18 5 255.0 302.5
18 6 248.6 329.9
19 1 141.7 220.5
19 3 151.2 237.7
19 4 143.0 257.7
19 5 272.6 303.6
19 6 265.8 329.5
20 1 143.9 219.5
20 3 131.5 233.1
20 4 121.6 254.4
20 5 290.2 304.5
20 6 282.5 329.3
21 1 147.0 218.2
21 3 111.7 228.5
21 4 100.1 251.2
21 5 307.8 304.0
21 6 299.2 329.1
22 1 150.0 216.9
22 3 92.8 224.1
22 4 78.7 246.8
22 5 325.4 303.5
22 6 316.0 328.9
22 7 17.4 283.9
22 8 14.5 255.8
23 1 151.1 216.1
23 3 74.7 219.8
23 4 57.4 241.1
23 5 343.0 302.9
23 6 332.9 328.7
23 7 37.5 288.2
23 8 33.5 260.5
24 1 150.3 215.9
24 3 56.7 215.5
24 4 36.2 235.5
24 5 360.6 302.4
24 6 351.0 328.5
24 7 57.6 290.8
24 8 52.5 265.2
25 1 149.5 215.7
25 3 38.7 211.3
25 4 20.0 226.4
25 5 378.4 302.6
25 6 369.0 328.2
25 7 77.6 291.7
25 8 71.4 269.9
25 9 20.9 271.5
25 10 15.2 290.0
