1 1 255.9 340.9
1 2 273.8 346.2
1 3 290.1 373.7
1 4 255.1 369.6
1 5 82.3 237.2
1 6 338.0 240.6
1 7 198.4 337.0
1 8 181.7 319.5
1 9 614.1 313.0
2 1 255.9 340.9
2 2 273.8 346.2
2 3 290.1 373.7
2 4 255.1 369.6
2 5 69.6 236.3
2 6 312.3 245.0
2 7 224.1 331.0
2 8 205.5 313.3
2 9 592.3 311.4
3 1 255.9 340.9
3 2 273.8 346.2
3 3 290.1 373.7
3 4 255.1 369.6
3 5 57.2 234.9
3 6 285.2 246.5
3 7 248.7 327.6
3 8 229.1 310.2
3 9 570.4 309.9
3 10 620.1 417.5
4 1 255.8 340.9
4 2 273.8 346.2
4 3 290.1 373.7
4 4 255.0 369.6
4 5 47.2 229.4
4 6 257.9 247.7
4 7 272.3 327.0
4 8 252.7 307.9
4 9 549.1 306.3
4 10 601.4 395.2
5 1 255.8 340.9
5 2 273.7 346.2
5 3 290.1 373.7
5 4 255.0 369.6
5 5 37.2 223.9
5 6 230.6 249.0
5 7 295.9 326.5
5 8 276.3 305.5
5 9 528.9 298.3
5 10 582.6 372.9
6 1 255.8 340.9
6 2 273.7 346.2
6 3 290.1 373.7
6 4 255.0 369.6
6 5 27.2 218.5
6 6 203.7 251.3
6 7 318.1 329.8
6 8 300.1 306.2
6 9 508.8 290.2
6 10 557.1 360.4
6 11 552.3 58.5
6 14 625.2 381.6
7 1 255.8 340.9
7 2 273.7 346.2
7 3 290.0 373.7
7 4 255.0 369.6
7 5 22.8 217.7
7 6 176.7 253.6
7 7 339.5 335.8
7 8 323.9 308.9
7 9 488.9 282.9
7 10 531.5 347.9
7 11 555.3 71.8
7 12 598.9 100.6
7 13 626.7 245.8
7 14 602.6 370.1
7 15 9.2 327.8
8 1 255.7 340.9
8 2 273.7 346.2
8 3 290.0 373.7
8 4 255.0 369.6
8 5 18.9 217.4
8 6 150.1 254.3
8 7 360.8 341.7
8 8 347.7 311.5
8 9 469.7 277.2
8 10 507.5 336.0
8 11 558.4 85.1
8 12 597.6 116.1
8 13 610.8 249.8
8 14 580.1 358.5
8 15 29.5 321.8
9 1 255.7 340.8
9 2 273.7 346.2
9 3 290.0 373.7
9 4 255.0 369.6
9 5 15.1 217.1
9 6 124.8 249.0
9 7 382.4 347.5
9 8 372.0 317.6
9 9 450.5 271.6
9 10 484.5 324.5
9 11 560.4 98.4
9 12 596.4 131.6
9 13 595.0 253.9
9 14 557.5 347.1
9 15 49.9 315.9
10 1 255.7 340.8
10 2 273.6 346.2
10 3 290.0 373.7
10 4 254.9 369.6
10 5 10.7 217.8
10 6 99.6 243.6
10 7 406.8 351.5
10 8 396.4 324.4
10 9 433.9 266.3
10 10 461.6 313.0
10 11 561.8 111.8
10 12 594.4 147.5
10 13 579.1 257.9
10 14 535.0 335.7
10 15 70.2 309.9
10 16 625.2 261.9
11 1 255.7 340.8
11 2 273.6 346.2
11 3 290.0 373.7
11 4 254.9 369.6
11 5 6.2 218.6
11 6 75.3 238.0
11 7 431.2 355.6
11 8 420.9 331.2
11 9 418.0 261.1
11 10 437.0 306.8
11 11 563.1 125.2
11 12 592.0 163.6
11 13 561.6 261.1
11 14 512.5 324.4
11 15 90.3 305.9
11 16 605.3 269.9
12 1 255.7 340.8
12 2 273.6 346.2
12 3 290.0 373.7
12 4 254.9 369.6
12 5 1.8 219.4
12 6 59.0 230.8
12 7 455.6 359.6
12 8 445.6 333.1
12 9 402.0 255.9
12 10 411.7 302.8
12 11 563.9 138.6
12 12 589.6 179.8
12 13 544.1 264.4
12 14 491.1 314.9
12 15 110.4 302.5
12 16 585.3 277.9
13 1 255.6 340.8
13 2 273.6 346.2
13 3 290.0 373.7
13 4 254.9 369.6
13 6 42.8 223.5
13 7 480.4 360.6
13 8 470.3 334.9
13 9 383.0 254.9
13 10 386.5 298.3
13 11 563.4 151.9
13 12 586.7 196.3
13 13 526.6 267.6
13 14 469.9 305.9
13 15 130.4 299.0
13 16 563.3 284.5
14 1 255.6 340.8
14 2 273.5 346.2
14 3 290.0 373.7
14 4 254.9 369.6
14 6 33.1 212.1
14 7 505.6 359.5
14 8 495.0 336.7
14 9 363.7 254.3
14 10 361.2 292.1
14 11 562.9 165.3
14 12 583.6 212.9
14 13 509.7 269.9
14 14 448.8 296.9
14 15 151.2 298.3
14 16 541.2 291.1
15 1 255.6 340.8
15 2 273.5 346.2
15 3 289.9 373.7
15 4 254.9 369.6
15 6 25.1 199.6
15 7 530.8 358.3
15 8 520.3 336.3
15 9 344.3 253.7
15 10 335.9 285.8
15 11 562.4 178.6
15 12 580.5 229.6
15 13 492.8 272.1
15 14 427.7 288.4
15 15 172.2 298.8
15 16 519.1 297.4
16 1 255.6 340.8
16 2 273.5 346.2
16 3 289.9 373.7
16 4 254.8 369.6
16 6 17.0 187.1
16 7 556.0 358.3
16 8 545.7 335.4
16 9 325.5 253.5
16 10 310.7 279.6
16 11 558.2 191.0
16 12 577.3 246.3
16 13 475.9 274.4
16 14 407.4 284.9
16 15 193.2 299.3
16 16 496.6 300.1
17 1 255.5 340.8
17 2 273.5 346.2
17 3 289.9 373.7
17 4 254.8 369.6
17 7 581.3 359.0
17 8 571.0 334.5
17 9 306.6 253.2
17 10 287.1 274.2
17 11 553.2 203.3
17 12 571.9 264.1
17 13 457.9 273.8
17 14 387.0 281.4
17 15 213.1 300.5
17 16 474.0 302.9
18 1 255.5 340.8
18 2 273.4 346.2
18 3 289.9 373.7
18 4 254.8 369.6
18 7 606.6 359.6
18 8 596.4 333.6
18 9 287.8 253.0
18 10 263.6 268.8
18 11 548.1 215.5
18 12 566.5 281.9
18 13 439.8 272.8
18 14 366.7 277.9
18 15 231.4 302.9
18 16 451.7 305.0
19 1 255.5 340.8
19 2 273.4 346.2
19 3 289.9 373.7
19 4 254.8 369.6
19 7 631.8 360.3
19 8 621.8 332.7
19 9 271.5 252.7
19 10 240.1 263.4
19 11 540.5 229.1
19 12 561.0 299.7
19 13 422.1 271.1
19 14 348.6 272.2
19 15 249.8 305.2
19 16 430.7 301.3
20 1 255.5 340.8
20 2 273.4 346.2
20 3 289.9 373.7
20 4 254.8 369.6
20 9 255.9 252.5
20 10 217.2 258.9
20 11 532.2 243.1
20 12 554.5 317.5
20 13 405.7 266.4
20 14 330.6 266.5
20 15 268.4 307.8
20 16 409.8 297.5
21 1 255.5 340.8
21 2 273.4 346.2
21 3 289.9 373.7
21 4 254.7 369.6
21 9 240.3 252.3
21 10 194.7 255.0
21 11 523.8 257.1
21 12 546.5 335.2
21 13 389.4 261.7
21 14 312.6 260.8
21 15 288.2 311.4
21 16 388.9 293.7
22 1 255.4 340.8
22 2 273.3 346.2
22 3 289.9 373.7
22 4 254.7 369.6
22 9 224.4 252.1
22 10 172.2 251.0
22 11 513.4 270.8
22 12 538.4 352.8
22 13 373.1 257.0
22 14 294.9 254.9
22 15 308.1 315.1
22 16 369.5 290.7
23 1 255.4 340.8
23 2 273.3 346.2
23 3 289.8 373.7
23 4 254.7 369.6
23 9 206.4 252.4
23 10 149.8 247.1
23 11 502.1 284.4
23 12 530.2 369.9
23 13 356.7 252.4
23 14 277.6 248.9
23 15 327.9 318.7
23 16 350.1 287.6
23 17 11.4 267.7
23 18 5.6 293.5
24 1 255.4 340.8
24 2 273.3 346.2
24 3 289.8 373.7
24 4 254.7 369.6
24 9 188.3 252.7
24 10 128.4 242.6
24 11 491.7 299.5
24 12 521.8 381.8
24 13 340.2 248.1
24 14 260.3 242.9
24 15 348.3 321.9
24 16 330.6 284.5
24 17 27.8 271.5
24 18 21.0 299.7
25 1 255.4 340.8
25 2 273.3 346.2
25 3 289.8 373.7
25 4 254.7 369.6
25 9 170.2 252.9
25 10 107.1 238.0
25 11 482.3 315.9
25 12 514.5 391.8
25 13 323.8 243.9
25 14 243.1 236.9
25 15 370.2 324.0
25 16 311.5 281.2
25 17 44.2 275.2
25 18 36.5 305.9
