1 1 107.1 216.3
1 2 245.9 302.4
1 3 265.5 305.7
1 4 249.9 324.8
1 5 566.9 357.7
1 6 573.4 377.8
1 7 323.1 351.2
1 8 508.4 335.0
1 9 532.2 302.6
1 10 550.8 322.2
1 11 629.4 331.4
2 1 106.5 216.4
2 2 246.1 302.5
2 3 265.5 305.7
2 4 249.8 324.9
2 5 589.7 358.0
2 6 596.8 378.2
2 7 297.2 354.7
2 8 485.9 335.3
2 9 509.4 299.9
2 10 525.6 319.7
2 11 606.2 331.7
2 12 8.8 358.6
2 13 4.0 384.6
3 1 105.8 216.6
3 2 246.3 302.7
3 3 265.6 305.7
3 4 249.7 324.9
3 5 612.5 358.3
3 6 620.2 378.5
3 7 271.6 354.5
3 8 464.2 336.7
3 9 488.3 297.9
3 10 501.3 317.5
3 11 582.7 332.4
3 12 30.5 361.1
3 13 25.7 384.8
4 1 105.1 216.8
4 2 246.5 302.8
4 3 265.7 305.8
4 4 249.6 325.0
4 5 635.4 358.6
4 7 246.2 353.3
4 8 443.1 338.7
4 9 467.3 296.0
4 10 478.9 316.2
4 11 556.4 336.1
4 12 52.2 363.6
4 13 47.3 385.1
5 1 104.5 217.0
5 2 246.6 302.9
5 3 265.7 305.8
5 4 249.5 325.1
5 7 220.8 352.2
5 8 422.0 340.8
5 9 446.4 294.1
5 10 456.6 314.8
5 11 530.1 339.7
5 12 74.1 365.3
5 13 68.9 385.4
6 1 103.8 217.2
6 2 246.6 302.9
6 3 265.8 305.8
6 4 249.3 325.1
6 7 195.6 346.9
6 8 402.5 343.5
6 9 425.7 292.0
6 10 434.8 313.4
6 11 504.4 342.0
6 12 96.2 366.4
6 13 89.3 386.4
7 1 103.2 217.4
7 2 246.5 302.9
7 3 265.8 305.9
7 4 249.2 325.2
7 7 170.5 341.1
7 8 385.4 347.0
7 9 405.1 289.9
7 10 415.3 311.5
7 11 478.8 344.0
7 12 118.3 367.5
7 13 109.7 387.3
7 14 350.6 474.2
8 1 102.5 217.5
8 2 246.4 302.9
8 3 265.9 305.9
8 4 249.1 325.2
8 7 145.3 335.4
8 8 368.3 350.5
8 9 384.4 287.7
8 10 395.8 309.6
8 11 453.7 345.4
8 12 139.8 367.9
8 13 130.1 388.3
8 14 365.4 456.0
8 16 349.3 475.8
9 1 101.9 217.7
9 2 246.4 302.9
9 3 265.9 305.9
9 4 249.0 325.3
9 7 120.9 331.6
9 8 353.4 349.9
9 9 364.4 286.5
9 10 376.5 307.7
9 11 429.9 345.4
9 12 161.1 367.9
9 13 150.9 388.3
9 14 381.1 439.0
9 15 417.1 465.4
9 16 357.4 446.2
10 1 101.2 217.9
10 2 246.3 302.9
10 3 266.0 305.9
10 4 248.9 325.4
10 7 96.5 327.8
10 8 339.0 348.1
10 9 344.6 285.7
10 10 359.7 305.9
10 11 406.1 345.4
10 12 182.3 367.9
10 13 171.9 387.7
10 14 396.9 422.0
10 15 429.3 448.7
10 16 371.0 421.2
10 17 493.9 449.4
11 1 100.6 218.1
11 2 246.2 302.9
11 3 266.1 306.0
11 4 248.8 325.4
11 7 73.2 325.6
11 8 324.5 346.4
11 9 324.8 284.9
11 10 342.9 304.2
11 11 382.3 347.8
11 12 202.5 367.7
11 13 193.0 387.0
11 14 413.7 409.4
11 15 442.2 432.1
11 16 386.5 400.7
11 17 500.4 424.1
12 1 99.9 218.3
12 2 246.2 302.9
12 3 266.1 306.0
12 4 248.7 325.5
12 7 50.8 324.5
12 8 308.4 345.8
12 9 303.9 284.6
12 10 326.7 301.6
12 11 358.4 350.8
12 12 222.6 367.4
12 13 214.0 386.4
12 14 430.6 396.8
12 15 457.0 415.8
12 16 403.3 383.1
12 17 507.4 399.4
13 1 99.3 218.5
13 2 246.1 303.0
13 3 266.2 306.0
13 4 248.6 325.5
13 7 28.3 323.4
13 8 291.9 345.6
13 9 282.3 284.6
13 10 312.0 297.3
13 11 336.7 353.1
13 12 242.6 367.2
13 13 234.6 386.7
13 14 447.4 384.8
13 15 471.8 399.5
13 16 419.8 372.2
13 17 519.2 380.7
14 1 98.6 218.6
14 2 246.0 303.0
14 3 266.2 306.1
14 4 248.5 325.6
14 7 5.8 322.3
14 8 272.8 347.6
14 9 260.7 284.6
14 10 297.3 292.9
14 11 319.7 353.9
14 12 263.0 368.2
14 13 255.1 387.4
14 14 464.2 379.3
14 15 486.9 390.7
14 16 436.3 363.1
14 17 531.1 362.1
15 1 98.5 218.7
15 2 246.0 303.0
15 3 266.3 306.1
15 4 248.4 325.6
15 8 253.8 349.6
15 9 241.5 286.4
15 10 281.2 286.6
15 11 302.5 354.4
15 12 283.7 371.0
15 13 275.7 388.0
15 14 481.0 373.7
15 15 502.0 382.7
15 16 457.3 359.0
15 17 550.2 351.8
16 1 99.3 218.4
16 2 245.9 303.0
16 3 266.3 306.1
16 4 248.2 325.7
16 8 238.2 355.4
16 9 224.0 289.5
16 10 265.2 280.2
16 11 282.9 352.7
16 12 304.4 373.7
16 13 296.2 388.7
16 14 498.3 368.7
16 15 519.2 378.1
16 16 479.5 356.2
16 17 569.9 342.2
17 1 100.1 218.1
17 2 245.8 303.0
17 3 266.4 306.2
17 4 248.1 325.8
17 8 222.7 361.2
17 9 206.4 292.6
17 10 245.0 276.2
17 11 263.4 351.0
17 12 326.7 373.2
17 13 321.0 389.1
17 14 516.4 364.4
17 15 537.8 375.8
17 16 500.7 353.9
17 17 589.8 332.9
18 1 100.9 217.9
18 2 245.7 303.0
18 3 266.5 306.2
18 4 248.0 325.8
18 8 208.1 366.6
18 9 188.9 295.8
18 10 224.4 272.4
18 11 244.4 349.2
18 12 348.9 372.7
18 13 346.3 389.5
18 14 534.6 360.0
18 15 556.2 374.6
18 16 521.9 351.5
18 17 607.5 328.3
19 1 101.6 217.6
19 2 245.7 303.0
19 3 266.5 306.2
19 4 247.9 325.9
19 8 193.5 371.9
19 9 170.8 299.8
19 10 205.4 272.1
19 11 225.5 347.3
19 12 371.1 372.3
19 13 371.7 389.9
19 14 553.8 358.5
19 15 574.3 374.6
19 16 541.4 347.8
19 17 625.3 323.7
20 1 102.4 217.3
20 2 245.6 303.0
20 3 266.6 306.3
20 4 247.8 325.9
20 8 179.1 374.6
20 9 152.6 303.8
20 10 187.0 273.2
20 11 201.0 346.2
20 12 394.7 371.9
20 13 397.0 390.3
20 14 573.5 358.1
20 15 592.5 374.3
20 16 560.8 344.0
21 1 103.2 217.1
21 2 245.5 303.0
21 3 266.6 306.3
21 4 247.7 326.0
21 8 164.9 374.6
21 9 136.2 306.8
21 10 168.6 274.4
21 11 176.0 345.3
21 12 419.3 371.7
21 13 422.4 390.0
21 14 594.4 356.2
21 15 610.9 373.2
21 16 580.1 340.5
22 1 104.0 216.8
22 2 245.5 303.0
22 3 266.7 306.3
22 4 247.6 326.0
22 8 150.7 374.6
22 9 122.1 308.2
22 10 154.5 275.9
22 11 150.8 344.2
22 12 443.9 371.4
22 13 447.8 389.6
22 14 616.9 352.1
22 15 629.3 372.1
22 16 599.2 337.1
23 1 104.7 216.5
23 2 245.4 303.0
23 3 266.7 306.4
23 4 247.5 326.1
23 8 137.8 375.2
23 9 108.0 309.6
23 10 141.5 277.5
23 11 124.5 342.4
23 12 468.4 370.8
23 13 473.2 389.2
23 14 639.5 347.9
23 16 618.3 333.7
24 1 105.5 216.3
24 2 245.3 303.0
24 3 266.8 306.4
24 4 247.4 326.2
24 8 126.3 376.4
24 9 102.4 314.9
24 10 128.8 279.0
24 11 98.2 340.6
24 12 492.5 368.7
24 13 498.6 388.8
24 16 637.5 330.3
25 1 106.3 216.0
25 2 245.3 303.0
25 3 266.8 306.4
25 4 247.2 326.2
25 8 114.8 377.6
25 9 96.7 320.2
25 10 117.2 280.5
25 11 73.0 338.2
25 12 516.6 366.5
25 13 522.8 387.6
