1 1 238.2 303.5
1 2 274.8 329.9
1 3 237.3 323.2
1 4 101.0 257.7
1 5 135.3 269.8
1 6 137.7 250.1
1 7 184.0 318.9
1 8 365.2 303.7
1 9 308.2 292.2
1 10 298.6 358.2
1 11 293.2 367.0
1 12 244.4 385.4
1 13 219.5 368.9
1 14 420.2 255.3
2 1 238.2 303.5
2 2 276.2 335.2
2 3 237.2 323.1
2 4 85.9 259.9
2 5 120.4 270.3
2 6 122.2 251.4
2 7 177.5 309.3
2 8 383.8 308.4
2 9 328.8 297.7
2 10 282.1 359.4
2 11 278.4 365.8
2 12 255.0 386.0
2 13 231.3 370.5
2 14 398.6 251.0
3 1 238.1 303.5
3 2 277.6 340.9
3 3 237.1 323.1
3 4 72.4 261.6
3 5 105.6 270.8
3 6 106.7 252.7
3 7 173.8 299.3
3 8 403.9 313.8
3 9 350.1 299.6
3 10 267.0 357.6
3 11 263.6 364.6
3 12 261.2 385.1
3 13 237.8 371.6
3 14 377.4 247.6
4 1 238.0 303.5
4 2 279.0 346.8
4 3 237.0 323.0
4 4 61.1 262.3
4 5 90.8 271.3
4 6 93.5 252.5
4 7 170.0 289.4
4 8 423.9 319.2
4 9 371.7 300.6
4 10 252.0 355.4
4 11 247.9 362.9
4 12 265.5 383.6
4 13 244.2 372.8
4 14 356.3 244.1
5 1 238.0 303.5
5 2 280.5 352.7
5 3 236.9 322.9
5 4 49.9 263.1
5 5 76.0 271.8
5 6 80.8 252.0
5 7 166.5 279.6
5 8 444.0 324.6
5 9 393.2 301.6
5 10 237.0 353.2
5 11 232.1 361.2
5 12 269.8 382.1
5 13 247.9 372.9
5 14 333.9 243.5
6 1 237.9 303.5
6 2 281.2 356.8
6 3 236.8 322.9
6 4 38.6 263.9
6 5 61.8 272.0
6 6 68.2 251.4
6 7 164.5 271.3
6 8 463.6 332.3
6 9 415.0 303.1
6 10 221.8 351.1
6 11 216.4 359.6
6 12 275.6 379.1
6 13 251.2 372.9
6 14 311.4 243.1
7 1 237.8 303.6
7 2 280.7 358.3
7 3 236.6 322.9
7 4 27.4 264.7
7 5 48.6 271.8
7 6 57.0 249.4
7 7 162.5 262.9
7 8 483.2 340.1
7 9 436.9 305.0
7 10 203.7 350.2
7 11 196.4 357.7
7 12 281.3 376.2
7 13 254.6 372.9
7 14 289.2 243.1
8 1 237.7 303.6
8 2 280.3 359.7
8 3 236.4 322.9
8 4 16.1 265.5
8 5 35.4 271.5
8 6 46.3 246.7
8 7 160.4 254.6
8 8 503.0 347.6
8 9 458.9 307.0
8 10 185.7 349.2
8 11 176.5 355.9
8 12 281.8 376.2
8 13 256.5 372.8
8 14 267.9 243.9
9 1 237.7 303.6
9 2 279.8 361.2
9 3 236.2 322.8
9 4 4.9 266.3
9 5 22.2 271.3
9 6 35.6 243.9
9 7 156.6 249.2
9 8 523.8 352.8
9 9 480.9 309.1
9 10 167.7 348.3
9 11 156.5 354.0
9 12 282.3 376.2
9 13 257.8 372.6
9 14 246.7 244.6
9 15 24.9 361.1
9 16 7.3 173.4
10 1 237.6 303.6
10 2 279.6 362.0
10 3 236.0 322.8
10 5 14.8 267.8
10 6 25.0 241.2
10 7 152.7 243.7
10 8 544.6 357.9
10 9 503.0 312.7
10 10 148.3 347.0
10 11 136.3 352.8
10 12 282.7 376.2
10 13 259.1 372.4
10 14 225.0 247.9
10 15 54.2 366.2
10 16 13.6 182.3
11 1 237.5 303.6
11 2 279.6 361.8
11 3 235.8 322.8
11 5 7.9 263.9
11 6 15.3 237.4
11 7 151.5 242.7
11 8 565.9 362.6
11 9 525.1 316.2
11 10 128.1 345.6
11 11 116.0 352.5
11 12 283.2 376.2
11 13 260.4 372.3
11 14 203.3 251.3
11 15 84.7 370.7
11 16 20.0 191.3
12 1 237.5 303.6
12 2 279.7 361.7
12 3 235.6 322.8
12 5 1.1 260.0
12 6 6.1 233.1
12 7 151.3 243.7
12 8 588.9 365.0
12 9 547.2 319.8
12 10 107.9 344.1
12 11 95.6 352.3
12 12 283.7 376.2
12 13 261.6 372.1
12 14 180.6 255.2
12 15 116.4 374.7
12 16 28.3 200.1
13 1 237.4 303.6
13 2 279.7 361.5
13 3 235.4 322.8
13 7 151.2 244.6
13 8 611.9 367.5
13 9 567.8 325.8
13 10 87.7 342.7
13 11 75.7 352.0
13 12 284.1 376.2
13 13 261.8 372.1
13 14 156.9 259.9
13 15 148.0 378.7
13 16 36.7 209.0
14 1 237.3 303.6
14 2 279.8 361.4
14 3 235.2 322.8
14 7 151.1 245.6
14 8 634.9 369.9
14 9 587.6 333.3
14 10 69.1 342.3
14 11 56.7 351.8
14 12 284.6 376.2
14 13 261.7 372.0
14 14 133.2 264.5
14 15 179.1 384.6
14 16 45.0 217.8
15 1 237.3 303.6
15 2 279.8 361.2
15 3 235.0 322.7
15 7 151.0 246.5
15 9 607.3 340.8
15 10 51.7 342.6
15 11 37.7 351.6
15 12 285.1 376.2
15 13 261.7 372.0
15 14 108.4 267.3
15 15 210.2 390.5
15 16 56.5 225.7
15 17 7.6 364.0
16 1 237.2 303.6
16 2 279.9 361.0
16 3 234.8 322.7
16 7 150.8 247.4
16 9 627.0 348.3
16 10 34.4 343.0
16 11 18.7 351.4
16 12 285.5 376.2
16 13 261.7 372.0
16 14 83.3 269.7
16 15 242.2 396.2
16 16 68.8 233.4
16 17 34.2 366.8
17 1 237.1 303.6
17 2 279.9 360.9
17 3 234.6 322.7
17 7 150.7 248.4
17 10 17.0 343.4
17 12 286.0 376.2
17 13 261.6 372.0
17 14 58.2 272.1
17 15 274.8 401.8
17 16 81.9 241.1
17 17 60.9 369.6
18 1 237.1 303.6
18 2 280.0 360.7
18 3 234.4 322.7
18 7 150.6 249.3
18 12 286.5 376.2
18 13 261.6 372.0
18 14 34.3 275.0
18 15 307.5 405.8
18 16 98.3 248.6
18 17 88.2 368.9
19 1 237.0 303.6
19 2 280.0 360.6
19 3 234.2 322.7
19 7 150.5 250.3
19 12 286.7 376.2
19 13 261.6 372.0
19 14 10.3 277.9
19 15 340.8 403.6
19 16 114.6 256.1
19 17 115.9 366.9
20 1 236.9 303.6
20 2 280.1 360.4
20 3 234.0 322.7
20 7 150.3 251.2
20 12 286.8 376.2
20 13 261.5 372.0
20 15 374.1 401.5
20 16 131.3 263.0
20 17 143.5 364.8
21 1 236.8 303.6
21 2 280.1 360.3
21 3 233.8 322.6
21 7 150.2 252.1
21 12 286.8 376.2
21 13 261.5 372.0
21 15 407.3 399.0
21 16 151.0 264.1
21 17 170.5 358.9
22 1 236.8 303.6
22 2 280.2 360.1
22 3 233.6 322.6
22 7 150.1 253.1
22 12 286.9 376.1
22 13 261.5 371.9
22 15 440.5 393.1
22 16 170.8 265.1
22 17 197.5 352.7
23 1 236.7 303.6
23 2 280.3 359.9
23 3 233.4 322.6
23 7 150.0 254.0
23 12 286.9 376.1
23 13 261.5 371.9
23 15 473.7 387.3
23 16 190.5 266.1
23 17 224.4 346.3
24 1 236.6 303.6
24 2 280.3 359.8
24 3 233.3 322.6
24 7 149.8 255.0
24 12 287.0 376.1
24 13 261.4 371.9
24 15 506.9 382.1
24 16 211.2 268.8
24 17 251.1 338.3
25 1 236.6 303.6
25 2 280.4 359.6
25 3 233.1 322.6
25 7 151.4 257.4
25 12 287.1 376.0
25 13 261.4 371.9
25 15 540.1 382.3
25 16 232.1 271.7
25 17 277.8 330.2
