1 1 540.2 161.1
1 2 567.2 167.7
1 3 260.7 358.7
1 4 133.1 317.5
1 5 66.8 247.2
1 6 50.4 254.3
1 7 553.3 392.4
1 8 87.1 376.9
1 9 77.4 351.6
1 10 570.3 366.7
2 1 537.3 173.7
2 2 563.7 181.9
2 3 289.3 353.2
2 4 151.4 314.5
2 5 79.7 249.7
2 6 64.5 258.6
2 7 525.2 391.6
2 8 111.2 375.9
2 9 100.0 350.1
2 10 544.1 365.9
3 1 534.6 186.8
3 2 560.1 195.5
3 3 316.0 348.1
3 4 169.6 311.5
3 5 92.8 251.6
3 6 78.5 262.9
3 7 497.0 390.7
3 8 135.3 375.0
3 9 122.5 348.7
3 10 518.3 365.3
4 1 531.9 199.8
4 2 556.6 209.1
4 3 342.7 342.9
4 4 187.9 308.5
4 5 105.8 253.6
4 6 94.7 264.9
4 7 470.5 391.2
4 8 159.4 374.0
4 9 145.0 347.2
4 10 492.6 364.7
5 1 528.1 212.2
5 2 550.7 222.2
5 3 369.3 337.8
5 4 205.6 308.1
5 5 122.1 254.9
5 6 111.3 266.4
5 7 445.1 392.7
5 8 185.5 371.7
5 9 167.5 345.7
5 10 467.3 365.1
6 1 523.9 224.2
6 2 543.4 234.8
6 3 397.2 337.7
6 4 223.1 308.4
6 5 138.8 256.2
6 6 128.0 267.8
6 7 419.7 394.1
6 8 212.4 368.8
6 9 194.1 343.9
6 10 442.3 365.9
7 1 518.8 235.3
7 2 536.0 247.5
7 3 425.7 339.8
7 4 240.6 308.6
7 5 155.5 257.4
7 6 144.7 269.3
7 7 394.5 395.3
7 8 239.3 365.8
7 9 221.6 341.9
7 10 417.2 366.6
8 1 510.3 243.3
8 2 526.2 259.1
8 3 454.1 345.4
8 4 258.2 309.1
8 5 172.2 258.8
8 6 161.5 270.6
8 7 370.8 394.4
8 8 266.2 362.9
8 9 249.2 340.0
8 10 392.3 368.6
9 1 501.5 250.7
9 2 515.4 270.3
9 3 482.4 352.5
9 4 276.0 309.6
9 5 188.9 260.3
9 6 178.4 271.9
9 7 347.1 393.4
9 8 291.0 359.6
9 9 276.8 338.1
9 10 367.5 372.6
10 1 491.4 256.4
10 2 501.8 279.5
10 3 511.4 360.2
10 4 293.8 310.2
10 5 205.6 261.9
10 6 195.2 273.2
10 7 323.4 392.5
10 8 315.8 356.3
10 9 302.7 334.6
10 10 346.0 374.8
10 11 6.4 341.0
11 1 481.3 262.1
11 2 484.0 285.7
11 3 540.8 368.2
11 4 309.6 311.4
11 5 221.7 263.6
11 6 212.1 274.5
11 7 299.0 392.3
11 8 340.6 353.0
11 9 328.5 331.0
11 10 327.7 375.3
11 11 30.2 338.3
11 12 22.0 362.0
12 1 463.2 263.1
12 2 465.9 291.2
12 3 570.5 374.4
12 4 324.1 313.1
12 5 236.1 266.0
12 6 227.6 277.8
12 7 273.8 392.7
12 8 365.8 350.4
12 9 354.2 327.4
12 10 306.0 374.1
12 11 54.0 335.6
12 12 45.6 359.9
13 1 445.1 264.1
13 2 445.0 290.5
13 3 601.3 376.6
13 4 338.6 314.7
13 5 250.6 268.3
13 6 243.0 281.4
13 7 248.7 393.1
13 8 392.4 350.4
13 9 380.0 323.7
13 10 282.9 372.2
13 11 77.8 332.9
13 12 69.3 357.7
14 1 423.9 261.4
14 2 424.2 289.7
14 3 632.1 378.9
14 4 354.0 316.2
14 5 265.1 270.8
14 6 258.4 285.0
14 7 223.5 393.5
14 8 419.1 350.4
14 9 406.3 323.7
14 10 259.8 370.3
14 11 101.8 331.0
14 12 93.2 355.5
15 1 399.8 255.1
15 2 402.6 285.0
15 4 370.0 317.5
15 5 280.4 274.5
15 6 273.6 288.8
15 7 198.5 393.5
15 8 445.7 350.6
15 9 432.7 323.7
15 10 236.3 369.0
15 11 125.8 329.0
15 12 117.9 353.2
16 1 377.0 249.7
16 2 381.0 279.4
16 4 386.3 318.7
16 5 295.8 278.3
16 6 288.3 293.1
16 7 173.5 392.9
16 8 471.7 352.0
16 9 458.3 324.2
16 10 211.1 370.4
16 11 149.8 327.1
16 12 142.6 350.9
17 1 356.1 245.9
17 2 360.0 273.8
17 4 404.6 317.8
17 5 311.1 282.0
17 6 303.1 297.3
17 7 148.6 392.3
17 8 497.7 353.5
17 9 480.8 326.4
17 10 185.9 371.8
17 11 173.1 326.2
17 12 167.3 348.6
17 13 5.7 327.5
18 1 335.3 242.0
18 2 340.7 268.6
18 4 423.0 317.0
18 5 326.3 285.7
18 6 317.8 301.6
18 7 123.7 391.6
18 8 523.6 355.0
18 9 503.4 328.7
18 10 159.3 371.3
18 11 196.4 325.4
18 12 192.0 348.9
18 13 22.7 323.5
19 1 312.6 239.4
19 2 321.5 263.3
19 4 441.2 316.3
19 5 340.2 288.5
19 6 333.4 305.1
19 7 99.1 391.2
19 8 549.1 357.1
19 9 525.9 330.9
19 10 132.3 370.3
19 11 219.8 324.6
19 12 216.6 350.3
19 13 39.7 319.4
20 1 289.5 237.1
20 2 301.8 259.3
20 4 458.0 316.7
20 5 354.0 291.4
20 6 349.3 308.3
20 7 75.4 391.0
20 8 572.5 361.4
20 9 548.0 333.7
20 10 105.9 369.2
20 11 243.1 323.7
20 12 241.3 351.7
20 13 56.8 315.4
21 1 266.6 235.3
21 2 281.0 258.1
21 4 474.9 317.2
21 5 367.9 294.2
21 6 365.3 311.5
21 7 51.7 390.8
21 8 595.9 365.6
21 9 565.4 341.4
21 10 82.1 367.4
21 11 265.5 326.0
21 12 265.8 353.0
21 13 75.0 313.6
22 1 244.3 235.1
22 2 260.3 257.0
22 4 491.7 317.6
22 5 381.8 297.1
22 6 380.4 314.0
22 7 28.0 390.6
22 8 619.3 369.9
22 9 582.9 349.2
22 10 58.3 365.6
22 11 287.8 328.2
22 12 288.6 354.5
22 13 93.9 313.4
23 1 221.9 234.8
23 2 239.5 256.7
23 4 507.8 319.6
23 5 396.2 298.4
23 6 393.8 315.0
23 7 4.3 390.4
23 9 600.4 356.9
23 10 34.7 363.3
23 11 310.1 330.5
23 12 311.4 355.9
23 13 112.9 313.2
24 1 199.9 234.8
24 2 218.5 258.2
24 4 522.8 323.7
24 5 410.7 299.8
24 6 407.1 316.0
24 9 618.2 364.5
24 10 11.3 360.3
24 11 332.0 333.2
24 12 334.1 357.3
24 13 131.9 312.9
24 14 636.0 350.6
25 1 179.2 236.1
25 2 197.5 259.7
25 4 537.9 327.9
25 5 425.2 301.2
25 6 420.4 317.0
25 9 636.0 372.2
25 11 352.7 337.1
25 12 356.9 358.7
25 13 151.9 312.9
25 14 618.2 344.7
