1 1 107.1 215.7
1 2 245.2 303.0
1 3 266.9 306.5
1 4 247.1 326.3
1 5 106.4 376.9
1 6 92.3 322.8
1 7 105.6 281.9
1 8 48.0 335.8
1 9 540.7 364.4
1 10 546.5 386.0
2 1 107.8 215.5
2 2 245.1 303.0
2 3 267.0 306.5
2 4 247.0 326.3
2 5 98.7 375.7
2 6 88.3 324.6
2 7 94.3 283.1
2 8 23.0 333.4
2 9 563.5 363.5
2 10 570.2 384.4
3 1 109.8 214.9
3 2 245.0 303.0
3 3 267.0 306.5
3 4 246.9 326.4
3 5 91.1 374.6
3 6 85.0 325.5
3 7 83.0 284.2
3 9 585.6 363.1
3 10 593.9 382.8
4 1 112.1 214.2
4 2 245.0 303.0
4 3 267.1 306.6
4 4 246.8 326.4
4 5 88.9 376.6
4 6 82.2 325.7
4 7 75.5 285.3
4 9 607.7 362.7
4 10 617.6 381.2
4 11 625.1 333.1
4 12 633.9 307.7
4 13 2.7 224.9
5 1 114.4 213.5
5 2 244.9 303.0
5 3 267.1 306.6
5 4 246.7 326.5
5 5 86.7 378.7
5 6 79.4 325.8
5 7 69.7 286.2
5 9 629.8 362.3
5 11 599.9 333.4
5 12 604.6 305.5
5 13 16.5 228.0
6 1 116.7 212.9
6 2 244.8 303.0
6 3 267.2 306.6
6 4 246.6 326.6
6 5 84.5 380.8
6 6 76.6 326.0
6 7 64.2 287.2
6 11 574.7 333.7
6 12 575.2 303.3
6 13 30.4 231.1
7 1 119.0 212.2
7 2 244.8 303.0
7 3 267.2 306.7
7 4 246.5 326.6
7 5 82.2 382.9
7 6 73.8 326.1
7 7 61.9 288.1
7 11 548.0 336.8
7 12 547.5 304.6
7 13 44.4 234.7
8 1 121.3 211.5
8 2 244.7 303.1
8 3 267.3 306.7
8 4 246.4 326.7
8 5 79.7 384.8
8 6 70.0 326.2
8 7 59.5 289.0
8 11 521.3 339.9
8 12 520.1 306.8
8 13 58.7 239.2
9 1 122.3 211.5
9 2 244.6 303.1
9 3 267.4 306.7
9 4 246.3 326.7
9 5 76.0 385.8
9 6 62.1 326.2
9 7 57.2 290.0
9 11 494.7 342.9
9 12 492.7 309.1
9 13 73.0 243.6
9 14 18.5 349.3
9 15 5.2 375.8
10 1 122.4 211.9
10 2 244.6 303.1
10 3 267.4 306.8
10 4 246.1 326.8
10 5 72.4 386.8
10 6 54.3 326.2
10 7 54.8 290.9
10 11 466.3 345.7
10 12 464.7 312.8
10 13 87.6 245.8
10 14 38.7 349.0
10 15 19.9 373.6
11 1 122.5 212.3
11 2 244.5 303.1
11 3 267.5 306.8
11 4 246.0 326.8
11 5 68.7 387.8
11 6 47.2 326.7
11 7 52.5 291.8
11 11 438.0 348.5
11 12 436.6 316.4
11 13 102.4 246.4
11 14 58.3 348.1
11 15 34.6 371.4
12 1 122.6 212.7
12 2 244.4 303.1
12 3 267.5 306.8
12 4 245.9 326.9
12 5 65.0 388.7
12 6 40.6 327.5
12 7 50.1 292.7
12 11 410.3 351.4
12 12 411.1 320.3
12 13 117.2 247.0
12 14 76.4 345.9
12 15 51.1 370.4
12 18 13.8 343.2
13 1 122.7 213.1
13 2 244.4 303.1
13 3 267.6 306.8
13 4 245.8 327.0
13 5 61.1 388.1
13 6 34.0 328.3
13 7 47.8 293.7
13 11 384.0 354.7
13 12 387.4 324.3
13 13 129.9 249.2
13 14 94.5 343.8
13 15 67.9 369.5
13 18 34.0 339.7
13 19 17.4 364.6
14 1 122.8 213.6
14 2 244.3 303.1
14 3 267.6 306.9
14 4 245.7 327.0
14 5 57.2 387.6
14 6 27.1 332.7
14 7 40.5 299.2
14 11 357.6 357.9
14 12 363.7 328.3
14 13 142.3 251.5
14 14 112.1 341.8
14 15 85.2 369.2
14 18 52.5 338.6
14 19 35.1 363.6
15 1 122.9 214.0
15 2 244.2 303.1
15 3 267.7 306.9
15 4 245.6 327.1
15 5 53.4 387.0
15 6 20.0 340.6
15 7 32.6 305.3
15 11 332.3 359.6
15 12 339.2 332.5
15 13 152.4 255.1
15 14 127.9 340.3
15 15 104.3 371.3
15 16 619.5 394.4
15 18 69.5 340.1
15 19 52.9 362.9
16 1 123.0 214.4
16 2 244.1 303.1
16 3 267.8 306.9
16 4 245.5 327.1
16 5 49.5 386.5
16 6 15.2 349.4
16 7 25.1 312.2
16 11 307.9 359.6
16 12 314.6 336.7
16 13 159.0 260.6
16 14 143.8 338.8
16 15 123.4 373.5
16 16 593.4 381.1
16 17 615.4 365.4
16 18 86.3 341.5
16 19 70.7 362.1
17 1 123.1 214.8
17 2 244.1 303.1
17 3 267.8 307.0
17 4 245.4 327.2
17 5 44.6 386.8
17 6 12.8 359.1
17 7 18.5 320.9
17 11 283.5 359.6
17 12 291.1 340.2
17 13 165.6 266.1
17 14 156.7 341.2
17 15 142.2 375.4
17 16 567.9 371.0
17 17 592.6 354.3
17 18 102.0 342.6
17 19 87.6 362.9
18 1 123.2 215.2
18 2 244.0 303.1
18 3 267.9 307.0
18 4 245.3 327.3
18 5 38.5 387.8
18 6 10.7 368.1
18 7 11.8 329.5
18 11 259.5 356.9
18 12 270.4 342.1
18 13 172.2 271.5
18 14 165.0 349.6
18 15 160.9 377.1
18 16 542.3 360.9
18 17 565.6 345.7
18 18 117.7 343.7
18 19 104.5 363.6
19 1 123.3 215.6
19 2 243.9 303.1
19 3 267.9 307.0
19 4 245.2 327.3
19 5 32.5 388.9
19 6 8.9 376.8
19 7 7.6 336.5
19 11 235.5 353.6
19 12 250.1 343.1
19 13 177.3 281.2
19 14 175.4 358.9
19 15 177.1 379.0
19 16 516.0 352.5
19 17 537.7 337.8
19 18 132.8 344.9
19 19 115.8 371.7
20 1 123.4 216.0
20 2 243.9 303.1
20 3 268.0 307.1
20 4 245.0 327.4
20 5 28.5 390.1
20 6 7.5 383.0
20 7 3.7 343.3
20 11 214.4 347.4
20 12 231.8 340.2
20 13 182.4 291.0
20 14 186.9 364.7
20 15 191.0 381.4
20 16 489.3 344.8
20 17 511.7 330.3
20 18 145.5 346.7
20 19 128.3 376.8
21 1 123.5 216.4
21 2 243.8 303.1
21 3 268.0 307.1
21 4 244.9 327.4
21 5 27.6 391.4
21 6 7.4 383.2
21 11 194.1 340.8
21 12 214.2 333.9
21 13 188.6 296.8
21 14 198.9 366.7
21 15 204.9 382.8
21 16 462.8 336.9
21 17 486.5 323.0
21 18 152.7 351.9
21 19 143.6 376.2
22 1 123.6 216.8
22 2 243.7 303.1
22 3 268.1 307.1
22 4 244.8 327.5
22 5 26.7 392.7
22 6 7.2 383.5
22 11 175.4 336.4
22 12 197.3 324.4
22 13 194.5 302.6
22 14 216.3 366.4
22 15 218.9 383.8
22 16 437.8 327.4
22 17 461.0 315.5
22 18 158.7 357.9
22 19 155.6 378.7
23 1 123.7 217.2
23 2 243.7 303.1
23 3 268.2 307.2
23 4 244.7 327.5
23 5 25.8 393.9
23 6 7.0 383.7
23 11 156.1 332.8
23 12 177.0 317.4
23 13 197.0 308.3
23 14 234.9 365.6
23 15 232.9 384.8
23 16 412.8 317.8
23 17 434.6 307.5
23 18 170.0 358.8
23 19 167.0 379.8
23 20 634.5 221.2
24 1 123.8 217.6
24 2 243.6 303.1
24 3 268.2 307.2
24 4 244.6 327.6
24 5 24.9 395.2
24 6 6.8 384.0
24 11 134.2 332.1
24 12 153.1 313.0
24 13 199.5 314.0
24 14 254.3 363.3
24 15 248.4 384.2
24 16 388.8 308.5
24 17 408.3 299.5
24 18 182.8 359.1
24 19 176.8 378.0
24 20 623.5 223.6
25 1 123.9 218.1
25 2 243.5 303.1
25 3 268.3 307.2
25 4 244.5 327.7
25 5 24.0 396.5
25 6 6.7 384.3
25 11 112.4 331.4
25 12 128.6 310.5
25 13 203.2 320.8
25 14 273.7 360.8
25 15 266.2 381.1
25 16 366.4 299.5
25 17 385.1 291.6
25 18 201.3 357.1
25 19 192.0 379.0
25 20 616.4 222.4
