1 1 253.6 340.5
1 2 271.4 346.2
1 3 288.8 373.7
1 4 253.3 369.6
1 5 38.8 224.9
1 6 173.2 321.5
1 7 188.9 305.4
1 8 132.9 250.4
1 9 164.8 361.1
1 10 91.6 375.9
1 11 72.9 373.6
2 1 253.6 340.5
2 2 271.4 346.2
2 3 288.8 373.7
2 4 253.3 369.6
2 5 39.0 224.7
2 6 171.9 321.4
2 7 189.0 305.6
2 8 140.3 255.6
2 9 181.3 351.6
2 10 111.1 374.4
2 11 91.2 374.7
3 1 253.6 340.5
3 2 271.4 346.2
3 3 288.8 373.7
3 4 253.3 369.6
3 5 39.2 224.5
3 6 170.6 321.3
3 7 189.1 305.8
3 8 147.7 260.8
3 9 197.9 342.2
3 10 130.7 373.0
3 11 109.5 375.7
4 1 253.6 340.5
4 2 271.4 346.2
4 3 288.8 373.7
4 4 253.3 369.6
4 5 39.3 224.3
4 6 171.0 321.7
4 7 189.2 306.0
4 8 150.3 263.3
4 9 214.4 333.4
4 10 150.2 371.6
4 11 127.9 374.4
5 1 253.5 340.5
5 2 271.3 346.2
5 3 288.8 373.7
5 4 253.3 369.6
5 5 39.5 224.1
5 6 172.0 322.3
5 7 189.3 306.1
5 8 149.7 263.8
5 9 230.8 327.6
5 10 169.2 369.0
5 11 146.4 370.8
6 1 253.5 340.5
6 2 271.3 346.2
6 3 288.8 373.7
6 4 253.2 369.6
6 5 39.7 223.9
6 6 173.1 322.9
6 7 189.4 306.3
6 8 149.1 264.4
6 9 247.3 321.8
6 10 186.0 362.2
6 11 164.8 367.1
6 12 628.6 291.0
6 13 632.3 269.3
7 1 253.5 340.5
7 2 271.3 346.2
7 3 288.8 373.7
7 4 253.2 369.6
7 5 39.9 223.7
7 6 174.2 323.5
7 7 189.5 306.5
7 8 148.4 265.0
7 9 263.7 316.0
7 10 202.8 355.3
7 11 183.3 363.5
7 12 612.2 288.3
7 13 613.7 268.1
8 1 253.5 340.5
8 2 271.3 346.2
8 3 288.8 373.7
8 4 253.2 369.6
8 5 40.0 223.5
8 6 175.2 324.1
8 7 189.6 306.7
8 8 147.8 265.6
8 9 281.0 315.7
8 10 219.2 347.1
8 11 198.4 354.7
8 12 595.9 285.6
8 13 595.2 266.9
9 1 253.5 340.5
9 2 271.2 346.2
9 3 288.7 373.7
9 4 253.2 369.6
9 5 40.2 223.2
9 6 176.3 324.7
9 7 189.7 306.9
9 8 147.2 266.2
9 9 298.5 316.0
9 10 235.0 336.9
9 11 211.2 342.3
9 12 579.0 284.6
9 13 576.6 265.7
10 1 253.4 340.5
10 2 271.2 346.2
10 3 288.7 373.7
10 4 253.2 369.6
10 5 40.4 223.0
10 6 177.4 325.3
10 7 189.8 307.0
10 8 146.6 266.7
10 9 316.0 316.5
10 10 250.6 328.0
10 11 224.1 330.0
10 12 560.9 287.5
10 13 557.9 266.1
11 1 253.4 340.5
11 2 271.2 346.2
11 3 288.7 373.7
11 4 253.1 369.6
11 5 40.5 222.8
11 6 178.4 325.9
11 7 189.9 307.2
11 8 146.0 267.3
11 9 334.3 319.1
11 10 265.8 324.2
11 11 240.1 325.3
11 12 542.8 290.4
11 13 539.2 267.0
12 1 253.4 340.5
12 2 271.2 346.2
12 3 288.7 373.7
12 4 253.1 369.6
12 5 40.7 222.6
12 6 179.5 326.5
12 7 190.0 307.4
12 8 145.4 267.9
12 9 352.6 321.7
12 10 281.0 320.3
12 11 256.5 321.4
12 12 524.1 292.6
12 13 520.5 267.8
13 1 253.4 340.5
13 2 271.1 346.2
13 3 288.7 373.7
13 4 253.1 369.6
13 5 40.9 222.4
13 6 180.6 327.1
13 7 190.1 307.6
13 8 144.7 268.5
13 9 370.9 324.4
13 10 299.4 320.5
13 11 273.6 318.9
13 12 505.2 294.4
13 13 501.9 270.4
14 1 253.3 340.5
14 2 271.1 346.2
14 3 288.7 373.7
14 4 253.1 369.6
14 5 41.0 222.2
14 6 181.6 327.7
14 7 190.2 307.8
14 8 144.1 269.1
14 9 390.6 324.1
14 10 318.7 321.6
14 11 292.3 319.5
14 12 486.2 296.3
14 13 483.2 273.2
15 1 253.3 340.5
15 2 271.1 346.2
15 3 288.7 373.7
15 4 253.1 369.6
15 5 41.2 222.0
15 6 182.7 328.3
15 7 190.3 308.0
15 8 142.8 270.4
15 9 411.3 321.9
15 10 337.9 322.7
15 11 311.1 320.1
15 12 467.8 296.4
15 13 464.5 276.0
16 1 253.3 340.5
16 2 271.1 346.2
16 3 288.7 373.7
16 4 253.1 369.6
16 5 41.4 221.8
16 6 183.4 328.8
16 7 190.3 308.1
16 8 135.7 278.7
16 9 431.9 319.7
16 10 355.6 323.8
16 11 330.5 321.0
16 12 449.7 295.3
16 13 445.2 273.0
17 1 253.3 340.5
17 2 271.0 346.2
17 3 288.6 373.7
17 4 253.0 369.6
17 5 41.5 221.6
17 6 182.8 328.9
17 7 190.4 308.3
17 8 128.6 287.1
17 9 452.2 317.2
17 10 372.9 324.9
17 11 350.5 322.2
17 12 431.7 294.2
17 13 425.9 269.5
18 1 253.2 340.5
18 2 271.0 346.2
18 3 288.6 373.7
18 4 253.0 369.6
18 5 41.7 221.4
18 6 182.1 329.1
18 7 190.5 308.5
18 8 116.6 295.7
18 9 471.1 313.7
18 10 390.2 326.1
18 11 370.6 323.4
18 12 414.1 291.5
18 13 406.8 266.3
19 1 253.2 340.5
19 2 271.0 346.2
19 3 288.6 373.7
19 4 253.0 369.6
19 5 41.9 221.2
19 6 181.5 329.3
19 7 190.6 308.7
19 8 101.3 304.6
19 9 490.1 310.2
19 10 407.8 326.9
19 11 390.7 324.6
19 12 396.8 287.6
19 13 390.0 266.3
20 1 253.2 340.5
20 2 271.0 346.2
20 3 288.6 373.7
20 4 253.0 369.6
20 5 42.0 220.9
20 6 180.8 329.5
20 7 189.3 308.7
20 8 86.1 313.4
20 9 508.9 306.9
20 10 428.2 325.3
20 11 409.3 322.8
20 12 379.5 283.8
20 13 373.3 266.3
21 1 253.2 340.4
21 2 270.9 346.2
21 3 288.6 373.7
21 4 253.0 369.6
21 5 42.2 220.7
21 6 180.2 329.6
21 7 187.4 308.7
21 8 68.2 321.1
21 9 526.4 304.9
21 10 448.7 323.8
21 11 427.9 321.0
21 12 362.2 280.0
21 13 356.6 266.3
22 1 253.2 340.4
22 2 270.9 346.2
22 3 288.6 373.7
22 4 252.9 369.6
22 5 42.4 220.5
22 6 179.5 329.8
22 7 185.5 308.7
22 8 46.3 327.1
22 9 543.9 302.9
22 10 469.1 322.2
22 11 446.5 319.2
22 12 344.7 278.6
22 13 340.2 264.5
23 1 253.1 340.4
23 2 270.9 346.2
23 3 288.6 373.7
23 4 252.9 369.6
23 5 42.5 220.3
23 6 178.9 330.0
23 7 183.5 308.7
23 8 24.5 333.0
23 9 561.5 301.0
23 10 488.5 320.7
23 11 465.2 317.4
23 12 327.1 277.5
23 13 324.0 261.9
24 1 253.1 340.4
24 2 270.9 346.2
24 3 288.5 373.7
24 4 252.9 369.6
24 5 42.7 220.1
24 6 178.2 330.2
24 7 181.7 308.8
24 8 2.7 339.0
24 9 578.8 299.4
24 10 506.5 319.3
24 11 482.5 316.6
24 12 309.6 276.4
24 13 307.9 259.3
25 1 253.1 340.4
25 2 270.8 346.2
25 3 288.5 373.7
25 4 252.9 369.6
25 5 42.9 219.9
25 6 177.6 330.3
25 7 181.3 309.0
25 9 595.7 298.8
25 10 524.5 318.0
25 11 499.6 315.9
25 12 291.9 275.4
25 13 291.7 256.8
25 14 615.9 281.8
